1   V C  44.8  -94.7  130.1  116.8 -160.4 15.4 12.8 0.975 0.000 0.024
2   P C  78.5  -68.1  144.0  105.9 -113.4  7.2 15.4 0.977 0.020 0.004
3   E C 118.7  -79.5   59.3  104.3  -64.9  5.4 17.1 0.925 0.048 0.027
4   I C  71.7  -77.3  -14.7  100.7  174.3 13.8 11.9 0.682 0.194 0.125
5   T C  98.0  -75.6  -20.3   97.8   66.1  3.1 16.2 0.701 0.187 0.112
6   T C  77.1  -89.2   -0.1  102.6   51.3  5.5 16.9 0.606 0.196 0.198
7   A C  32.0  -79.0   -3.4  103.2   85.2 16.9 10.6 0.515 0.215 0.270
8   Q E  98.6  -80.8  -15.2  102.7   86.7  8.4 16.7 0.365 0.158 0.477
9   T E  79.9  -91.4   41.1  107.6   57.3  5.4 19.3 0.380 0.161 0.459
10  I E  37.1  -86.5   79.3  107.8  142.6 18.2 12.8 0.391 0.175 0.435
11  A C  48.4  -79.7   -6.3  105.8  125.2 10.2 17.5 0.559 0.173 0.268
12  N C  94.7  -33.5   19.3   98.6   25.5  5.7 20.0 0.682 0.107 0.211
13  S C  17.4  -90.9  143.9  120.7  136.5 20.6 12.4 0.635 0.032 0.333
14  V E  61.5 -112.0  128.9  120.0 -155.7  8.7 25.1 0.209 0.006 0.785
15  V E  18.5  -92.5  128.6  116.1 -142.2 22.7 15.1 0.253 0.006 0.740
16  D C  51.3  -93.8  104.7  108.2 -144.9  9.0 20.4 0.813 0.019 0.168
17  A C  57.8  -67.1  -25.4   94.2 -160.9 12.1 14.7 0.647 0.335 0.018
18  K C 137.9  -70.3  -25.2   93.6   58.8  2.6 19.1 0.606 0.380 0.014
19  K H  55.8  -73.2  -29.8   95.2   53.5 13.3 17.3 0.463 0.510 0.028
20  F H  16.9  -73.1  -31.0   97.8   57.8 23.5 16.3 0.356 0.596 0.048
21  D H  63.1  -66.7  -34.9   94.4   60.0 10.8 21.9 0.374 0.560 0.066
22  Y H  71.6  -68.6  -37.7   95.2   52.6  9.8 22.3 0.352 0.521 0.127
23  L H  12.8  -74.2  -37.1   97.7   48.0 22.7 20.7 0.360 0.472 0.167
24  F C  25.0  -96.8   -3.6  100.9   35.6 21.5 18.4 0.473 0.367 0.160
25  G C  31.4   80.2   -0.0  103.1 -104.2 11.2 19.9 0.749 0.122 0.129
26  K C 101.7  -98.7   75.8  110.4   53.5  8.5 20.7 0.631 0.133 0.236
27  A C  20.9  -92.0  127.6  114.9  150.9 21.2 13.2 0.787 0.052 0.161
28  T C  71.1 -114.1  148.0  119.1  174.1  7.2 20.4 0.899 0.015 0.085
29  G C  41.6  -79.8   11.9  106.7 -116.4  9.9 15.8 0.935 0.020 0.044
30  N C  81.1  -99.5  118.5  112.9  129.0  8.8 16.8 0.899 0.077 0.024
31  S C  68.9  -71.0  -23.7   98.6 -118.2  6.5 16.3 0.626 0.372 0.002
32  H C  82.4  -81.8  -15.2  102.4   60.6  9.9 16.8 0.577 0.418 0.006
33  T C  33.2  -78.0  -18.6  100.0   63.8 14.6 17.1 0.559 0.433 0.008
34  L H  54.0  -63.0  -39.8   94.4   79.1 15.3 16.9 0.159 0.840 0.001
35  D H  90.4  -65.7  -38.4   92.8   52.7  2.9 22.3 0.093 0.907 0.000
36  R H  59.3  -67.1  -39.9   93.8   50.9 10.9 19.2 0.071 0.929 0.000
37  T H  15.5  -64.2  -41.5   93.6   52.0 21.0 16.6 0.066 0.934 0.000
38  N H  75.9  -64.1  -40.0   92.9   51.9  8.5 22.2 0.054 0.946 0.000
39  Q H  93.3  -65.9  -39.5   92.3   49.7  4.0 23.8 0.038 0.962 0.000
40  L H  14.4  -67.0  -41.6   94.2   49.9 19.9 19.1 0.008 0.992 0.000
41  A H  22.4  -62.8  -41.7   93.2   52.6 17.7 20.2 0.002 0.998 0.000
42  L H  91.2  -65.1  -39.6   92.1   50.5  3.5 23.8 0.001 0.999 0.000
43  E H  51.4  -67.1  -40.1   93.2   49.8 11.0 20.5 0.001 0.999 0.000
44  M H  10.9  -65.1  -41.3   93.5   51.0 23.7 15.9 0.001 0.999 0.000
45  K H 107.9  -65.0  -37.6   92.4   52.8  7.7 19.3 0.005 0.995 0.000
46  R H 139.2  -69.7  -32.8   92.1   51.5  3.1 21.5 0.040 0.960 0.000
47  L H  25.4  -82.4  -14.3   96.6   52.0 19.2 15.7 0.486 0.513 0.001
48  G C  39.1   87.1    9.3   98.9  -99.4  7.9 22.8 0.996 0.001 0.003
49  V C  14.4  -97.5  129.2  117.8  148.4 23.2 11.8 0.962 0.001 0.037
50  A C  58.5  -81.2  126.7  111.3 -125.7  7.3 24.3 0.985 0.001 0.014
51  D C  55.4  -91.3   16.5  103.7 -159.7 16.4 14.7 0.998 0.000 0.002
52  D C  71.1 -104.8  156.8  125.7  131.1  5.2 21.0 0.997 0.002 0.001
53  I H 104.3  -62.0  -35.6   93.8 -106.3  7.6 15.6 0.074 0.926 0.000
54  N H 103.3  -65.7  -37.6   92.4   53.3  2.4 20.2 0.054 0.946 0.000
55  G H   9.1  -65.2  -41.3   93.5   51.1 17.5 15.7 0.036 0.963 0.000
56  H H  38.2  -62.8  -41.1   93.0   53.5 17.6 18.4 0.007 0.993 0.000
57  A H  58.9  -64.3  -40.0   92.2   51.8  4.6 23.6 0.003 0.997 0.000
58  V H  38.9  -66.2  -41.5   93.4   50.2 10.6 21.9 0.003 0.997 0.000
59  L H   4.9  -65.5  -43.3   94.2   50.1 24.8 19.6 0.002 0.998 0.000
60  A H  24.0  -63.2  -41.3   93.1   51.8 16.3 21.7 0.001 0.999 0.000
61  E H 105.7  -65.3  -39.6   92.1   49.9  3.4 25.2 0.001 0.999 0.000
62  H H  32.1  -67.1  -41.1   93.6   49.0 14.8 20.6 0.003 0.997 0.000
63  F H   6.8  -65.1  -42.6   94.1   50.9 25.2 18.9 0.004 0.996 0.000
64  T H  55.4  -64.3  -39.9   92.8   51.9 11.1 21.8 0.012 0.988 0.000
65  Q H  95.0  -67.3  -37.9   92.6   49.8  4.6 23.5 0.034 0.966 0.000
66  A H  12.4  -69.0  -38.5   94.4   49.9 18.4 17.7 0.097 0.903 0.000
67  T H  23.5  -75.6  -26.9   97.1   51.2 19.9 15.9 0.311 0.685 0.004
68  K C 122.9  -85.1   -8.8   97.8   55.6  5.4 19.3 0.648 0.341 0.011
69  D C  66.5 -102.2  118.2  115.1   76.8  8.6 15.1 0.978 0.004 0.018
70  S C  72.8  -69.8  -20.8   95.6 -158.8  7.1 14.9 0.908 0.079 0.013
71  N C 102.8  -77.5  -15.0   96.7   59.6  4.1 18.4 0.907 0.077 0.016
72  N C  46.1  -87.4   -8.0   99.8   56.0 13.0 17.0 0.853 0.092 0.055
73  I C  22.7  -99.7  127.1  117.4   88.6 21.8 14.9 0.501 0.025 0.474
74  V E  42.5 -101.8  129.4  117.0 -154.5 12.7 20.2 0.425 0.010 0.565
75  K E  76.8  -99.9  125.7  114.5 -154.6 13.5 16.5 0.449 0.012 0.539
76  K E 106.5 -120.1  140.9  124.8 -172.7  6.2 21.1 0.264 0.008 0.728
77  Y E  64.0 -104.9  132.4  119.3 -149.9 17.8 13.3 0.268 0.008 0.725
78  T C  74.6 -111.2  131.1  116.4 -173.3  6.6 17.3 0.493 0.019 0.488
79  D C  94.0  -64.0   33.1  102.4  -35.0  6.8 15.2 0.791 0.048 0.161
80  Q C 104.3  -81.6    0.7  102.3  138.3  7.5 14.3 0.836 0.054 0.110
81  Y C 116.2  -96.9   30.2  106.4   47.2  9.3 15.8 0.818 0.044 0.138
82  G C  31.8  105.9 -171.4  114.2  -97.5  9.7 17.1 0.716 0.027 0.256
83  S C  50.2 -115.0  143.1  124.0 -154.4  9.1 20.7 0.569 0.019 0.412
84  F E  43.3 -123.6  142.3  128.1 -164.9 18.6 16.7 0.182 0.005 0.813
85  E E  78.4 -118.7  134.9  123.6 -162.9  8.7 23.5 0.059 0.002 0.939
86  I E  42.3  -92.8  125.7  114.9 -139.7 18.3 17.5 0.041 0.001 0.958
87  R E  84.3 -103.2  -13.4  109.8 -179.5 11.2 19.9 0.070 0.004 0.926
88  E E  77.7 -125.7  140.9  127.1  -60.6 10.8 22.7 0.086 0.010 0.903
89  S E  10.5 -131.7  146.6  132.4 -174.1 22.2 18.9 0.079 0.006 0.915
90  F E  43.3 -107.8  131.2  119.1 -149.9 15.5 25.9 0.070 0.006 0.924
91  F E  23.0 -109.9  130.5  120.7 -156.9 22.0 20.4 0.070 0.004 0.926
92  I E  51.6 -117.8  133.6  123.0 -166.4 11.0 22.9 0.124 0.004 0.871
93  G C  14.6  171.0 -172.8  131.6  171.3 13.2 18.7 0.798 0.008 0.194
94  P C  94.2  -68.1  -22.7   93.0  -67.3  6.8 16.0 0.970 0.018 0.012
95  S C  74.0  -91.9   -0.7   96.1   46.4  3.3 15.2 0.967 0.021 0.012
96  G C  38.0   86.8    6.0   98.9 -104.0  9.1 14.4 0.924 0.021 0.055
97  K C 109.1  -97.0  137.0  116.9  130.0  5.9 18.5 0.800 0.009 0.191
98  A E  25.3 -104.2  137.1  121.0 -140.4 18.1 15.5 0.294 0.008 0.698
99  T E  52.8 -100.4  115.3  112.5 -161.6 11.7 19.3 0.219 0.005 0.775
100 V E  42.2 -117.7  136.3  124.3 -152.5 14.5 20.1 0.099 0.002 0.900
101 F E  25.4 -125.7  141.1  129.0 -171.7 20.0 19.2 0.078 0.001 0.921
102 E E  72.2 -112.9  132.0  121.4 -156.7  9.9 25.5 0.087 0.003 0.910
103 S E   8.9 -133.3  149.3  133.6 -177.3 22.9 18.0 0.109 0.003 0.887
104 T E  42.8 -116.5  133.4  121.7 -155.0 11.2 26.1 0.066 0.001 0.933
105 F E  18.3 -124.2  143.0  129.4 -173.6 22.7 17.6 0.025 0.000 0.975
106 E E  74.5 -119.9  137.1  125.2 -161.8  7.6 25.4 0.020 0.000 0.980
107 V E  37.7  -93.0  126.6  115.3 -138.0 17.5 16.7 0.071 0.001 0.928
108 M C  40.7  -91.0  168.1  124.4 -144.0 11.8 15.3 0.862 0.002 0.136
109 K C 149.8  -64.6  -25.2   92.2  -95.1  4.0 14.3 0.982 0.009 0.009
110 D C 106.7  -88.9    0.8   94.4   53.4  1.9 14.8 0.986 0.009 0.005
111 G C  42.3   89.5    4.1   96.6 -101.2  6.8 12.7 0.974 0.010 0.016
112 S C  55.0  -84.0  148.9  120.4  131.2  5.6 16.5 0.917 0.002 0.081
113 H E  68.9  -80.8  132.8  114.7 -112.9 15.6 15.1 0.381 0.006 0.613
114 R E  61.2 -130.1  146.4  131.0 -174.2 11.7 23.5 0.097 0.001 0.902
115 F E  15.5 -106.5  131.4  120.6 -139.4 23.4 19.7 0.032 0.000 0.968
116 I E  28.5 -112.6  130.9  121.2 -162.2 16.6 25.7 0.015 0.000 0.985
117 T E  13.3 -115.6  136.2  124.5 -163.3 21.4 22.6 0.026 0.000 0.974
118 T E  18.5 -112.7  129.6  121.1 -155.7 18.5 25.0 0.057 0.001 0.942
119 I E  18.8 -110.1  120.3  117.0 -160.8 20.2 22.9 0.205 0.003 0.792
120 P E  26.3  -72.8  141.6  113.6 -123.9 16.8 21.0 0.436 0.014 0.550
121 K C  87.3  -80.9  130.6  111.2 -125.4 12.9 18.4 0.683 0.048 0.269
122 N C  92.5   53.1   16.8  100.4   17.5  6.9 19.7 0.882 0.022 0.096
123 G C  24.3  113.2 -179.5  117.0 -137.4 14.0 15.5 0.802 0.026 0.172
124 V C  75.0  -99.6  130.5  115.3 -115.0  9.4 17.1 0.650 0.022 0.328
125 T C  85.1  -97.1  119.3  112.3 -149.7  7.4 14.5 0.813 0.024 0.163
126 K C 158.6  -95.0  123.3  112.7 -173.5  4.5 10.3 0.962 0.004 0.034
