1 3 0 8  0.572257399559021
1 4 0 8  0.5875990390777588
1 5 0 8  0.5887554883956909
1 6 0 8  0.005459154956042767
1 7 0 8  0.0033321285154670477
1 8 0 8  0.0029241221491247416
1 9 0 8  0.0026722110342234373
1 10 0 8  0.0023548437748104334
1 11 0 8  0.0021967492066323757
1 12 0 8  0.0022680063266307116
1 13 0 8  0.0023407635744661093
1 14 0 8  0.0023631583899259567
1 15 0 8  0.0033804960548877716
1 16 0 8  0.0031804642640054226
1 17 0 8  0.014060028828680515
1 18 0 8  0.013630336150527
1 19 0 8  0.3212020695209503
1 20 0 8  0.30585744976997375
1 21 0 8  0.6874978542327881
1 22 0 8  0.4729287028312683
1 23 0 8  0.33775389194488525
1 24 0 8  0.015242179855704308
1 25 0 8  0.018376780673861504
1 26 0 8  0.06180880218744278
1 27 0 8  0.007695994805544615
1 28 0 8  0.0031210172455757856
1 29 0 8  0.0031939286272972822
1 30 0 8  0.0037155146710574627
1 31 0 8  0.002773032058030367
1 32 0 8  0.0027348159346729517
1 33 0 8  0.0032096735667437315
1 34 0 8  0.0032915244810283184
1 35 0 8  0.002754025626927614
1 36 0 8  0.002790516708046198
1 37 0 8  0.0036843884736299515
1 38 0 8  0.0032701874151825905
1 39 0 8  0.00420564878731966
1 40 0 8  0.0038984736893326044
1 41 0 8  0.00446931179612875
1 42 0 8  0.004370721988379955
1 43 0 8  0.004432871472090483
1 44 0 8  0.004304289817810059
1 45 0 8  0.006437448784708977
1 46 0 8  0.011719505302608013
1 47 0 8  0.01941085234284401
1 48 0 8  0.049735695123672485
1 49 0 8  0.04712945967912674
1 50 0 8  0.0325213186442852
1 51 0 8  0.023387137800455093
1 52 0 8  0.010790401138365269
1 53 0 8  0.04068034887313843
1 54 0 8  0.0370672270655632
1 55 0 8  0.10008275508880615
1 56 0 8  0.11786530911922455
2 4 0 8  0.5904245972633362
2 5 0 8  0.5946663618087769
2 6 0 8  0.5990116596221924
2 7 0 8  0.004134630784392357
2 8 0 8  0.002827129792422056
2 9 0 8  0.002588944975286722
2 10 0 8  0.0026196015533059835
2 11 0 8  0.0024544834159314632
2 12 0 8  0.002573203295469284
2 13 0 8  0.0025993126910179853
2 14 0 8  0.002717004856094718
2 15 0 8  0.007793471682816744
2 16 0 8  0.007029267959296703
2 17 0 8  0.39238667488098145
2 18 0 8  0.39598405361175537
2 19 0 8  0.8691225647926331
2 20 0 8  0.6863138675689697
2 21 0 8  0.5268298983573914
2 22 0 8  0.07353445142507553
2 23 0 8  0.03523021191358566
2 24 0 8  0.003922371193766594
2 25 0 8  0.0043678004294633865
2 26 0 8  0.030301297083497047
2 27 0 8  0.003957010805606842
2 28 0 8  0.0028941105119884014
2 29 0 8  0.0034079141914844513
2 30 0 8  0.0035633223596960306
2 31 0 8  0.0028449855744838715
2 32 0 8  0.0028122817166149616
2 33 0 8  0.0035331847611814737
2 34 0 8  0.003203786676749587
2 35 0 8  0.0028377596754580736
2 36 0 8  0.002989906584843993
2 37 0 8  0.003697125008329749
2 38 0 8  0.0031050776597112417
2 39 0 8  0.004422110039740801
2 40 0 8  0.004781079478561878
2 41 0 8  0.004194032866507769
2 42 0 8  0.004972417373210192
2 43 0 8  0.004486139863729477
2 44 0 8  0.005995677784085274
2 45 0 8  0.0064931754022836685
2 46 0 8  0.012452387250959873
2 47 0 8  0.012421207502484322
2 48 0 8  0.04615920037031174
2 49 0 8  0.042994461953639984
2 50 0 8  0.02945973351597786
2 51 0 8  0.05107223615050316
2 52 0 8  0.04188130795955658
2 53 0 8  0.24618004262447357
2 54 0 8  0.1630813330411911
2 55 0 8  0.1937958300113678
2 56 0 8  0.11476747691631317
3 5 0 8  0.5913276672363281
3 6 0 8  0.5947266817092896
3 7 0 8  0.5933168530464172
3 8 0 8  0.002890336327254772
3 9 0 8  0.0024314308539032936
3 10 0 8  0.0023270261008292437
3 11 0 8  0.0023107267916202545
3 12 0 8  0.0022875142749398947
3 13 0 8  0.0021894839592278004
3 14 0 8  0.0028758984990417957
3 15 0 8  0.004961350467056036
3 16 0 8  0.01596786081790924
3 17 0 8  0.28740373253822327
3 18 0 8  0.38371050357818604
3 19 0 8  0.789000391960144
3 20 0 8  0.8853840827941895
3 21 0 8  0.6510666608810425
3 22 0 8  0.36773961782455444
3 23 0 8  0.7159014940261841
3 24 0 8  0.008542381227016449
3 25 0 8  0.11881187558174133
3 26 0 8  0.8580995798110962
3 27 0 8  0.1307419091463089
3 28 0 8  0.004139239434152842
3 29 0 8  0.06531790643930435
3 30 0 8  0.18014052510261536
3 31 0 8  0.003696214407682419
3 32 0 8  0.0036971019580960274
3 33 0 8  0.015127118676900864
3 34 0 8  0.010546630248427391
3 35 0 8  0.0029996864032000303
3 36 0 8  0.003364251460880041
3 37 0 8  0.004641631618142128
3 38 0 8  0.003332162043079734
3 39 0 8  0.009150335565209389
3 40 0 8  0.004660341423004866
3 41 0 8  0.007643485441803932
3 42 0 8  0.004644786939024925
3 43 0 8  0.016057662665843964
3 44 0 8  0.005099344998598099
3 45 0 8  0.04690800607204437
3 46 0 8  0.01668071746826172
3 47 0 8  0.014843259006738663
3 48 0 8  0.06504635512828827
3 49 0 8  0.10304926335811615
3 50 0 8  0.19186435639858246
3 51 0 8  0.08916813880205154
3 52 0 8  0.1443207561969757
3 53 0 8  0.2330060601234436
3 54 0 8  0.26022326946258545
3 55 0 8  0.1399868279695511
3 56 0 8  0.08181819319725037
4 6 0 8  0.5948072671890259
4 7 0 8  0.5960867404937744
4 8 0 8  0.5961823463439941
4 9 0 8  0.00303380168043077
4 10 0 8  0.0024487804621458054
4 11 0 8  0.003421703353524208
4 12 0 8  0.004848248325288296
4 13 0 8  0.0047777495346963406
4 14 0 8  0.010387072339653969
4 15 0 8  0.32424843311309814
4 16 0 8  0.3928282856941223
4 17 0 8  0.8597820997238159
4 18 0 8  0.74333655834198
4 19 0 8  0.5746278762817383
4 20 0 8  0.3471097946166992
4 21 0 8  0.020535850897431374
4 22 0 8  0.004014874342828989
4 23 0 8  0.004865726921707392
4 24 0 8  0.0023737128358334303
4 25 0 8  0.0024915910325944424
4 26 0 8  0.04219571873545647
4 27 0 8  0.0028291167691349983
4 28 0 8  0.0022389055229723454
4 29 0 8  0.0034685819409787655
4 30 0 8  0.009523187763988972
4 31 0 8  0.0023709333036094904
4 32 0 8  0.002738327719271183
4 33 0 8  0.00482981838285923
4 34 0 8  0.002853423822671175
4 35 0 8  0.002577934879809618
4 36 0 8  0.0030861354898661375
4 37 0 8  0.0036000621039420366
4 38 0 8  0.0033451379276812077
4 39 0 8  0.008996708318591118
4 40 0 8  0.00681251659989357
4 41 0 8  0.005244206637144089
4 42 0 8  0.008884383365511894
4 43 0 8  0.009276898577809334
4 44 0 8  0.007090924307703972
4 45 0 8  0.021692585200071335
4 46 0 8  0.065971739590168
4 47 0 8  0.01210483442991972
4 48 0 8  0.0813416838645935
4 49 0 8  0.20932433009147644
4 50 0 8  0.23626580834388733
4 51 0 8  0.3261553943157196
4 52 0 8  0.25866207480430603
4 53 0 8  0.23506397008895874
4 54 0 8  0.21992990374565125
4 55 0 8  0.07783277332782745
4 56 0 8  0.027330748736858368
5 7 0 8  0.5946937799453735
5 8 0 8  0.5955060124397278
5 9 0 8  0.584158182144165
5 10 0 8  0.003405414754524827
5 11 0 8  0.003526046173647046
5 12 0 8  0.0054048653692007065
5 13 0 8  0.0066866520792245865
5 14 0 8  0.023250669240951538
5 15 0 8  0.2575042247772217
5 16 0 8  0.4527643918991089
5 17 0 8  0.785500705242157
5 18 0 8  0.8790979981422424
5 19 0 8  0.5002868175506592
5 20 0 8  0.5590920448303223
5 21 0 8  0.019284065812826157
5 22 0 8  0.004113144241273403
5 23 0 8  0.024074651300907135
5 24 0 8  0.003089680802077055
5 25 0 8  0.011511072516441345
5 26 0 8  0.8009876012802124
5 27 0 8  0.03617056831717491
5 28 0 8  0.004429074469953775
5 29 0 8  0.5473206043243408
5 30 0 8  0.8416649103164673
5 31 0 8  0.00885707512497902
5 32 0 8  0.006718930788338184
5 33 0 8  0.47704893350601196
5 34 0 8  0.08093589544296265
5 35 0 8  0.002931877039372921
5 36 0 8  0.0038527415599673986
5 37 0 8  0.0077703120186924934
5 38 0 8  0.006441514473408461
5 39 0 8  0.12129247933626175
5 40 0 8  0.00654053408652544
5 41 0 8  0.025317294523119926
5 42 0 8  0.007478986866772175
5 43 0 8  0.1246902272105217
5 44 0 8  0.010908624157309532
5 45 0 8  0.07907139509916306
5 46 0 8  0.014566050842404366
5 47 0 8  0.0063531468622386456
5 48 0 8  0.021564658731222153
5 49 0 8  0.11881782114505768
5 50 0 8  0.2682766318321228
5 51 0 8  0.38057297468185425
5 52 0 8  0.536686897277832
5 53 0 8  0.20055899024009705
5 54 0 8  0.2390565276145935
5 55 0 8  0.04008807986974716
5 56 0 8  0.010900445282459259
6 8 0 8  0.594876766204834
6 9 0 8  0.5948172807693481
6 10 0 8  0.6354725360870361
6 11 0 8  0.03184966742992401
6 12 0 8  0.06329047679901123
6 13 0 8  0.1243826225399971
6 14 0 8  0.36333778500556946
6 15 0 8  0.844977617263794
6 16 0 8  0.7921149134635925
6 17 0 8  0.5993335247039795
6 18 0 8  0.2801058292388916
6 19 0 8  0.021505311131477356
6 20 0 8  0.00821458175778389
6 21 0 8  0.0037865599151700735
6 22 0 8  0.002398231066763401
6 23 0 8  0.0033082012087106705
6 24 0 8  0.002207024721428752
6 25 0 8  0.002653460716828704
6 26 0 8  0.004439851734787226
6 27 0 8  0.0026969900354743004
6 28 0 8  0.002266538329422474
6 29 0 8  0.004641014151275158
6 30 0 8  0.018324142321944237
6 31 0 8  0.0026023448444902897
6 32 0 8  0.002869934309273958
6 33 0 8  0.016882218420505524
6 34 0 8  0.003922318574041128
6 35 0 8  0.0026959385722875595
6 36 0 8  0.0035338127054274082
6 37 0 8  0.005452396348118782
6 38 0 8  0.0057100579142570496
6 39 0 8  0.05180048942565918
6 40 0 8  0.007614707574248314
6 41 0 8  0.01383204571902752
6 42 0 8  0.006897634826600552
6 43 0 8  0.02277129329741001
6 44 0 8  0.014135261066257954
6 45 0 8  0.044882774353027344
6 46 0 8  0.14634977281093597
6 47 0 8  0.01248597539961338
6 48 0 8  0.07868703454732895
6 49 0 8  0.31948623061180115
6 50 0 8  0.4322056174278259
6 51 0 8  0.4375576972961426
6 52 0 8  0.43401458859443665
6 53 0 8  0.08974847197532654
6 54 0 8  0.06697209924459457
6 55 0 8  0.029355866834521294
6 56 0 8  0.009812301024794579
7 9 0 8  0.5940213203430176
7 10 0 8  0.5933362245559692
7 11 0 8  0.5967928171157837
7 12 0 8  0.0813245177268982
7 13 0 8  0.17231248319149017
7 14 0 8  0.44635069370269775
7 15 0 8  0.7768226861953735
7 16 0 8  0.8524854779243469
7 17 0 8  0.48735901713371277
7 18 0 8  0.36813318729400635
7 19 0 8  0.007878785952925682
7 20 0 8  0.006169382482767105
7 21 0 8  0.0032808943651616573
7 22 0 8  0.0023975567892193794
7 23 0 8  0.002815709915012121
7 24 0 8  0.002190754283219576
7 25 0 8  0.0034299767576158047
7 26 0 8  0.007443544454872608
7 27 0 8  0.0030440567061305046
7 28 0 8  0.002745470032095909
7 29 0 8  0.11285582929849625
7 30 0 8  0.28292524814605713
7 31 0 8  0.004894742742180824
7 32 0 8  0.008801516145467758
7 33 0 8  0.5554802417755127
7 34 0 8  0.29196691513061523
7 35 0 8  0.003197760321199894
7 36 0 8  0.021191861480474472
7 37 0 8  0.1696009337902069
7 38 0 8  0.1707787662744522
7 39 0 8  0.3572975993156433
7 40 0 8  0.020298995077610016
7 41 0 8  0.07042776048183441
7 42 0 8  0.006834092084318399
7 43 0 8  0.10698573291301727
7 44 0 8  0.01702149398624897
7 45 0 8  0.03128352016210556
7 46 0 8  0.023884043097496033
7 47 0 8  0.01255931705236435
7 48 0 8  0.04598154127597809
7 49 0 8  0.1183810755610466
7 50 0 8  0.24192199110984802
7 51 0 8  0.3131263256072998
7 52 0 8  0.36676928400993347
7 53 0 8  0.13326463103294373
7 54 0 8  0.17876562476158142
7 55 0 8  0.03374025598168373
7 56 0 8  0.02508881315588951
8 10 0 8  0.5933544635772705
8 11 0 8  0.5989426970481873
8 12 0 8  0.7495728731155396
8 13 0 8  0.28558778762817383
8 14 0 8  0.5822941064834595
8 15 0 8  0.546848714351654
8 16 0 8  0.2655487656593323
8 17 0 8  0.019694160670042038
8 18 0 8  0.007507723290473223
8 19 0 8  0.0030829175375401974
8 20 0 8  0.0029232376255095005
8 21 0 8  0.0024743680842220783
8 22 0 8  0.0023119323886930943
8 23 0 8  0.0023159519769251347
8 24 0 8  0.001992565579712391
8 25 0 8  0.002471920335665345
8 26 0 8  0.002506488934159279
8 27 0 8  0.0023707267828285694
8 28 0 8  0.0021673613227903843
8 29 0 8  0.003669594880193472
8 30 0 8  0.004185222089290619
8 31 0 8  0.002368084853515029
8 32 0 8  0.003148412797600031
8 33 0 8  0.028331268578767776
8 34 0 8  0.00902733113616705
8 35 0 8  0.00271368189714849
8 36 0 8  0.007873348891735077
8 37 0 8  0.05860574170947075
8 38 0 8  0.10566933453083038
8 39 0 8  0.1271272450685501
8 40 0 8  0.02269928902387619
8 41 0 8  0.021392861381173134
8 42 0 8  0.014045662246644497
8 43 0 8  0.013276098296046257
8 44 0 8  0.022702403366565704
8 45 0 8  0.015470928512513638
8 46 0 8  0.042729973793029785
8 47 0 8  0.023945964872837067
8 48 0 8  0.0746917873620987
8 49 0 8  0.1280364692211151
8 50 0 8  0.12439967691898346
8 51 0 8  0.1889818161725998
8 52 0 8  0.14277391135692596
8 53 0 8  0.1322307288646698
8 54 0 8  0.0835564136505127
8 55 0 8  0.03153034672141075
8 56 0 8  0.016175590455532074
9 11 0 8  0.5962291359901428
9 12 0 8  0.7480795979499817
9 13 0 8  0.8818710446357727
9 14 0 8  0.6487324237823486
9 15 0 8  0.38044580817222595
9 16 0 8  0.3013378381729126
9 17 0 8  0.009112481027841568
9 18 0 8  0.006657466292381287
9 19 0 8  0.002791045466437936
9 20 0 8  0.0030163638293743134
9 21 0 8  0.0025138813070952892
9 22 0 8  0.0023803517688065767
9 23 0 8  0.002540688496083021
9 24 0 8  0.0021589533425867558
9 25 0 8  0.002660927828401327
9 26 0 8  0.002715312410145998
9 27 0 8  0.0024533765390515327
9 28 0 8  0.0023558330722153187
9 29 0 8  0.006358969956636429
9 30 0 8  0.006360712926834822
9 31 0 8  0.002565564587712288
9 32 0 8  0.005258615594357252
9 33 0 8  0.06848181784152985
9 34 0 8  0.05630171671509743
9 35 0 8  0.004222572781145573
9 36 0 8  0.02572423592209816
9 37 0 8  0.15674655139446259
9 38 0 8  0.21024030447006226
9 39 0 8  0.18589134514331818
9 40 0 8  0.05540221557021141
9 41 0 8  0.04877876490354538
9 42 0 8  0.013516395352780819
9 43 0 8  0.017829176038503647
9 44 0 8  0.021884525194764137
9 45 0 8  0.013024482876062393
9 46 0 8  0.0289933905005455
9 47 0 8  0.02582617662847042
9 48 0 8  0.05694218724966049
9 49 0 8  0.0783052071928978
9 50 0 8  0.06083095818758011
9 51 0 8  0.04028574749827385
9 52 0 8  0.023058004677295685
9 53 0 8  0.049133628606796265
9 54 0 8  0.045660778880119324
9 55 0 8  0.026362953707575798
9 56 0 8  0.026117190718650818
10 12 0 8  0.76568603515625
10 13 0 8  0.91041100025177
10 14 0 8  0.9420009851455688
10 15 0 8  0.03780920431017876
10 16 0 8  0.020307626575231552
10 17 0 8  0.0033943727612495422
10 18 0 8  0.0031555318273603916
10 19 0 8  0.002364923944696784
10 20 0 8  0.0024085883051156998
10 21 0 8  0.002051203278824687
10 22 0 8  0.0020115780644118786
10 23 0 8  0.0022212048061192036
10 24 0 8  0.0018747569993138313
10 25 0 8  0.00213589146733284
10 26 0 8  0.002154327230527997
10 27 0 8  0.0020946471486240625
10 28 0 8  0.0020983254071325064
10 29 0 8  0.0028317354153841734
10 30 0 8  0.0027482477016747
10 31 0 8  0.0021889465861022472
10 32 0 8  0.0027454225346446037
10 33 0 8  0.00933036021888256
10 34 0 8  0.004807599820196629
10 35 0 8  0.0025730214547365904
10 36 0 8  0.007657100446522236
10 37 0 8  0.05758623406291008
10 38 0 8  0.08142252266407013
10 39 0 8  0.05804569646716118
10 40 0 8  0.03047305718064308
10 41 0 8  0.01657639816403389
10 42 0 8  0.007485256530344486
10 43 0 8  0.006554732099175453
10 44 0 8  0.011095622554421425
10 45 0 8  0.00676393136382103
10 46 0 8  0.017213737592101097
10 47 0 8  0.025088706985116005
10 48 0 8  0.03419339656829834
10 49 0 8  0.036274559795856476
10 50 0 8  0.020389169454574585
10 51 0 8  0.017462581396102905
10 52 0 8  0.007280147634446621
10 53 0 8  0.030954351648688316
10 54 0 8  0.022865744307637215
10 55 0 8  0.01049974374473095
10 56 0 8  0.014983570203185081
11 13 0 8  0.7336963415145874
11 14 0 8  0.8549859523773193
11 15 0 8  0.8779213428497314
11 16 0 8  0.020915478467941284
11 17 0 8  0.00354065652936697
11 18 0 8  0.003506266977638006
11 19 0 8  0.0027904368471354246
11 20 0 8  0.002758889924734831
11 21 0 8  0.002414048882201314
11 22 0 8  0.002092843409627676
11 23 0 8  0.002405355218797922
11 24 0 8  0.0020486346911638975
11 25 0 8  0.0023024240508675575
11 26 0 8  0.0022818506695330143
11 27 0 8  0.002195852342993021
11 28 0 8  0.0023075563367456198
11 29 0 8  0.0032668369822204113
11 30 0 8  0.002992954570800066
11 31 0 8  0.0023025511763989925
11 32 0 8  0.003015989437699318
11 33 0 8  0.010472689755260944
11 34 0 8  0.006451472174376249
11 35 0 8  0.0027294401079416275
11 36 0 8  0.009537233971059322
11 37 0 8  0.057018112391233444
11 38 0 8  0.06782814860343933
11 39 0 8  0.050074364989995956
11 40 0 8  0.021186649799346924
11 41 0 8  0.010248395614326
11 42 0 8  0.005755155347287655
11 43 0 8  0.005345599725842476
11 44 0 8  0.006814881227910519
11 45 0 8  0.005228404887020588
11 46 0 8  0.009456725791096687
11 47 0 8  0.013711202889680862
11 48 0 8  0.015099521726369858
11 49 0 8  0.014897195622324944
11 50 0 8  0.011286472901701927
11 51 0 8  0.0140238581225276
11 52 0 8  0.004397754557430744
11 53 0 8  0.01999005675315857
11 54 0 8  0.013345763087272644
11 55 0 8  0.008328349329531193
11 56 0 8  0.00864064134657383
12 14 0 8  0.6373745203018188
12 15 0 8  0.7994658350944519
12 16 0 8  0.9047574996948242
12 17 0 8  0.0065650735050439835
12 18 0 8  0.005021350458264351
12 19 0 8  0.0024915451649576426
12 20 0 8  0.0028820703737437725
12 21 0 8  0.0024364287964999676
12 22 0 8  0.002025952562689781
12 23 0 8  0.002180836396291852
12 24 0 8  0.0021223248913884163
12 25 0 8  0.0025106528773903847
12 26 0 8  0.002729646861553192
12 27 0 8  0.002336490899324417
12 28 0 8  0.002558797365054488
12 29 0 8  0.006229906342923641
12 30 0 8  0.008269787766039371
12 31 0 8  0.0026577292010188103
12 32 0 8  0.005561181344091892
12 33 0 8  0.035989753901958466
12 34 0 8  0.01942383497953415
12 35 0 8  0.0028837844729423523
12 36 0 8  0.01801832765340805
12 37 0 8  0.11421079933643341
12 38 0 8  0.15347857773303986
12 39 0 8  0.14602692425251007
12 40 0 8  0.038154520094394684
12 41 0 8  0.022910336032509804
12 42 0 8  0.008478041738271713
12 43 0 8  0.01503622904419899
12 44 0 8  0.012102602049708366
12 45 0 8  0.011648721992969513
12 46 0 8  0.014989655464887619
12 47 0 8  0.014490419998764992
12 48 0 8  0.01671867072582245
12 49 0 8  0.012563937343657017
12 50 0 8  0.014151204377412796
12 51 0 8  0.014520888216793537
12 52 0 8  0.007968769408762455
12 53 0 8  0.014472540467977524
12 54 0 8  0.021773014217615128
12 55 0 8  0.008368038572371006
12 56 0 8  0.009014627896249294
13 15 0 8  0.631969153881073
13 16 0 8  0.7507755160331726
13 17 0 8  0.7021072506904602
13 18 0 8  0.004945285618305206
13 19 0 8  0.002567376010119915
13 20 0 8  0.0025980507489293814
13 21 0 8  0.002455672714859247
13 22 0 8  0.002114413771778345
13 23 0 8  0.0022946405224502087
13 24 0 8  0.0020354902371764183
13 25 0 8  0.0023195920512080193
13 26 0 8  0.0024518631398677826
13 27 0 8  0.002303989604115486
13 28 0 8  0.002143171615898609
13 29 0 8  0.004409561399370432
13 30 0 8  0.009248236194252968
13 31 0 8  0.002328725764527917
13 32 0 8  0.0032608560286462307
13 33 0 8  0.023884238675236702
13 34 0 8  0.010529372841119766
13 35 0 8  0.002587554743513465
13 36 0 8  0.012378759682178497
13 37 0 8  0.047548167407512665
13 38 0 8  0.039053775370121
13 39 0 8  0.03281684219837189
13 40 0 8  0.01007147692143917
13 41 0 8  0.008572965860366821
13 42 0 8  0.004793001338839531
13 43 0 8  0.005012358073145151
13 44 0 8  0.005469367839396
13 45 0 8  0.004796799272298813
13 46 0 8  0.009643243625760078
13 47 0 8  0.008428560569882393
13 48 0 8  0.008875795640051365
13 49 0 8  0.00804104283452034
13 50 0 8  0.006876383908092976
13 51 0 8  0.009248051792383194
13 52 0 8  0.003879179712384939
13 53 0 8  0.015668129548430443
13 54 0 8  0.013102802447974682
13 55 0 8  0.010213267058134079
13 56 0 8  0.01040739193558693
14 16 0 8  0.6620487570762634
14 17 0 8  0.7000765800476074
14 18 0 8  0.8089597225189209
14 19 0 8  0.00433004554361105
14 20 0 8  0.0035440216306596994
14 21 0 8  0.0025349054485559464
14 22 0 8  0.002392240334302187
14 23 0 8  0.002564452588558197
14 24 0 8  0.0022107469849288464
14 25 0 8  0.0024728889111429453
14 26 0 8  0.0029497721698135138
14 27 0 8  0.002466547302901745
14 28 0 8  0.002530008554458618
14 29 0 8  0.005886038765311241
14 30 0 8  0.008128542453050613
14 31 0 8  0.002584542380645871
14 32 0 8  0.003709341399371624
14 33 0 8  0.03516067564487457
14 34 0 8  0.024386752396821976
14 35 0 8  0.00283208885230124
14 36 0 8  0.015450559556484222
14 37 0 8  0.08891095966100693
14 38 0 8  0.06311613321304321
14 39 0 8  0.0633300393819809
14 40 0 8  0.016353389248251915
14 41 0 8  0.019437946379184723
14 42 0 8  0.005501129664480686
14 43 0 8  0.01504744216799736
14 44 0 8  0.006302167661488056
14 45 0 8  0.007859179750084877
14 46 0 8  0.012036213651299477
14 47 0 8  0.009485336020588875
14 48 0 8  0.009471723809838295
14 49 0 8  0.010878576897084713
14 50 0 8  0.011082299053668976
14 51 0 8  0.011622808873653412
14 52 0 8  0.00927718635648489
14 53 0 8  0.02339266613125801
14 54 0 8  0.020294472575187683
14 55 0 8  0.014099223539233208
14 56 0 8  0.009478794410824776
15 17 0 8  0.6280053853988647
15 18 0 8  0.7335307598114014
15 19 0 8  0.8481737375259399
15 20 0 8  0.005151876248419285
15 21 0 8  0.002666003070771694
15 22 0 8  0.0022530481219291687
15 23 0 8  0.002747172024101019
15 24 0 8  0.0022490103729069233
15 25 0 8  0.0025126091204583645
15 26 0 8  0.0028293945360928774
15 27 0 8  0.0025237821973860264
15 28 0 8  0.002574675716459751
15 29 0 8  0.004947401583194733
15 30 0 8  0.005658562760800123
15 31 0 8  0.002433935645967722
15 32 0 8  0.0029394496232271194
15 33 0 8  0.014190921559929848
15 34 0 8  0.0047049918211996555
15 35 0 8  0.0024372288025915623
15 36 0 8  0.004340139217674732
15 37 0 8  0.013889921829104424
15 38 0 8  0.010714822448790073
15 39 0 8  0.01444103755056858
15 40 0 8  0.005837487056851387
15 41 0 8  0.008383583277463913
15 42 0 8  0.0052173263393342495
15 43 0 8  0.010730605572462082
15 44 0 8  0.006513234227895737
15 45 0 8  0.006559299770742655
15 46 0 8  0.018084213137626648
15 47 0 8  0.008569415658712387
15 48 0 8  0.009816911071538925
15 49 0 8  0.013118736445903778
15 50 0 8  0.01024681981652975
15 51 0 8  0.021839311346411705
15 52 0 8  0.010675265453755856
15 53 0 8  0.040999606251716614
15 54 0 8  0.029485782608389854
15 55 0 8  0.023981278762221336
15 56 0 8  0.009632270783185959
16 18 0 8  0.6343152523040771
16 19 0 8  0.6798452138900757
16 20 0 8  0.9061471223831177
16 21 0 8  0.006441978737711906
16 22 0 8  0.002922574058175087
16 23 0 8  0.003402712754905224
16 24 0 8  0.0024794817436486483
16 25 0 8  0.0037836385890841484
16 26 0 8  0.00808849185705185
16 27 0 8  0.0029464568942785263
16 28 0 8  0.00304063456133008
16 29 0 8  0.031124107539653778
16 30 0 8  0.055867716670036316
16 31 0 8  0.0027166330255568027
16 32 0 8  0.0045620957389473915
16 33 0 8  0.19822058081626892
16 34 0 8  0.037443339824676514
16 35 0 8  0.0027257693000137806
16 36 0 8  0.017982307821512222
16 37 0 8  0.054279446601867676
16 38 0 8  0.01494572777301073
16 39 0 8  0.029682576656341553
16 40 0 8  0.007436470128595829
16 41 0 8  0.019203869625926018
16 42 0 8  0.00525914691388607
16 43 0 8  0.032287850975990295
16 44 0 8  0.004989707376807928
16 45 0 8  0.01573888584971428
16 46 0 8  0.013437023386359215
16 47 0 8  0.01179351843893528
16 48 0 8  0.012726379558444023
16 49 0 8  0.019092144444584846
16 50 0 8  0.03274516388773918
16 51 0 8  0.034273914992809296
16 52 0 8  0.05892518162727356
16 53 0 8  0.044990427792072296
16 54 0 8  0.05829847604036331
16 55 0 8  0.01596800610423088
16 56 0 8  0.011031467467546463
17 19 0 8  0.6038021445274353
17 20 0 8  0.7043582201004028
17 21 0 8  0.8603975176811218
17 22 0 8  0.004373413976281881
17 23 0 8  0.0041810935363173485
17 24 0 8  0.0025559579953551292
17 25 0 8  0.008987517096102238
17 26 0 8  0.04037187248468399
17 27 0 8  0.003084230702370405
17 28 0 8  0.0028151185251772404
17 29 0 8  0.028352905064821243
17 30 0 8  0.02333885431289673
17 31 0 8  0.0026131130289286375
17 32 0 8  0.003342143725603819
17 33 0 8  0.038837730884552
17 34 0 8  0.003357918933033943
17 35 0 8  0.002532361540943384
17 36 0 8  0.0031376495026052
17 37 0 8  0.003559386357665062
17 38 0 8  0.0038816959131509066
17 39 0 8  0.005240526981651783
17 40 0 8  0.003160600084811449
17 41 0 8  0.004016334190964699
17 42 0 8  0.004479856230318546
17 43 0 8  0.0086791031062603
17 44 0 8  0.005296046379953623
17 45 0 8  0.014792601577937603
17 46 0 8  0.02902856469154358
17 47 0 8  0.010566405951976776
17 48 0 8  0.020134029909968376
17 49 0 8  0.043111078441143036
17 50 0 8  0.042268477380275726
17 51 0 8  0.078768290579319
17 52 0 8  0.0741507038474083
17 53 0 8  0.042377620935440063
17 54 0 8  0.04080145061016083
17 55 0 8  0.01531260646879673
17 56 0 8  0.006505330093204975
18 20 0 8  0.6020925045013428
18 21 0 8  0.6509705185890198
18 22 0 8  0.8190815448760986
18 23 0 8  0.020366450771689415
18 24 0 8  0.0029053064063191414
18 25 0 8  0.05079605057835579
18 26 0 8  0.1485118865966797
18 27 0 8  0.003987554460763931
18 28 0 8  0.003354917513206601
18 29 0 8  0.312669575214386
18 30 0 8  0.17768266797065735
18 31 0 8  0.0028557584155350924
18 32 0 8  0.007269839756190777
18 33 0 8  0.22194963693618774
18 34 0 8  0.005455913487821817
18 35 0 8  0.002305909525603056
18 36 0 8  0.002950673922896385
18 37 0 8  0.003575187176465988
18 38 0 8  0.003039550967514515
18 39 0 8  0.003950210753828287
18 40 0 8  0.0028858757577836514
18 41 0 8  0.003828974673524499
18 42 0 8  0.003260783152654767
18 43 0 8  0.010506883263587952
18 44 0 8  0.0034510798286646605
18 45 0 8  0.02200688235461712
18 46 0 8  0.008190857246518135
18 47 0 8  0.009268749505281448
18 48 0 8  0.011827291920781136
18 49 0 8  0.02877826988697052
18 50 0 8  0.04806963726878166
18 51 0 8  0.07583113759756088
18 52 0 8  0.12234176695346832
18 53 0 8  0.031206922605633736
18 54 0 8  0.040556877851486206
18 55 0 8  0.0059321001172065735
18 56 0 8  0.005340239964425564
19 21 0 8  0.5939621925354004
19 22 0 8  0.6392791867256165
19 23 0 8  0.7902272939682007
19 24 0 8  0.00413536885753274
19 25 0 8  0.040389738976955414
19 26 0 8  0.04484403878450394
19 27 0 8  0.0032455255277454853
19 28 0 8  0.003276030533015728
19 29 0 8  0.0599910169839859
19 30 0 8  0.004341455176472664
19 31 0 8  0.00249857478775084
19 32 0 8  0.0029590092599391937
19 33 0 8  0.006752385757863522
19 34 0 8  0.002229034900665283
19 35 0 8  0.002232679631561041
19 36 0 8  0.0026330763939768076
19 37 0 8  0.0024639475159347057
19 38 0 8  0.0026858216151595116
19 39 0 8  0.0028100323397666216
19 40 0 8  0.002672653179615736
19 41 0 8  0.002809880767017603
19 42 0 8  0.00310765509493649
19 43 0 8  0.004116814583539963
19 44 0 8  0.0035377717576920986
19 45 0 8  0.01991129480302334
19 46 0 8  0.022322863340377808
19 47 0 8  0.01641545258462429
19 48 0 8  0.023495100438594818
19 49 0 8  0.06707064807415009
19 50 0 8  0.07951526343822479
19 51 0 8  0.06260181218385696
19 52 0 8  0.06588637828826904
19 53 0 8  0.011934639886021614
19 54 0 8  0.013739809393882751
19 55 0 8  0.006629091687500477
19 56 0 8  0.006010104902088642
20 22 0 8  0.5971464514732361
20 23 0 8  0.6667816638946533
20 24 0 8  0.9215582609176636
20 25 0 8  0.7625715136528015
20 26 0 8  0.8598679304122925
20 27 0 8  0.012686775997281075
20 28 0 8  0.02946579083800316
20 29 0 8  0.7801048755645752
20 30 0 8  0.15395744144916534
20 31 0 8  0.0027858936227858067
20 32 0 8  0.004566580057144165
20 33 0 8  0.022927092388272285
20 34 0 8  0.0027427193708717823
20 35 0 8  0.0024142349138855934
20 36 0 8  0.002531875390559435
20 37 0 8  0.002673277398571372
20 38 0 8  0.003019029973074794
20 39 0 8  0.0032298164442181587
20 40 0 8  0.0026456541381776333
20 41 0 8  0.0032243316527456045
20 42 0 8  0.002884607296437025
20 43 0 8  0.008842268958687782
20 44 0 8  0.0033921869471669197
20 45 0 8  0.038607534021139145
20 46 0 8  0.009131286293268204
20 47 0 8  0.011064615100622177
20 48 0 8  0.019355706870555878
20 49 0 8  0.05008331686258316
20 50 0 8  0.11806260049343109
20 51 0 8  0.05499834567308426
20 52 0 8  0.12883011996746063
20 53 0 8  0.008871056139469147
20 54 0 8  0.025878040120005608
20 55 0 8  0.005052642896771431
20 56 0 8  0.004351274576038122
21 23 0 8  0.5981650352478027
21 24 0 8  0.6615327000617981
21 25 0 8  0.9825142621994019
21 26 0 8  0.41350045800209045
21 27 0 8  0.006347701884806156
21 28 0 8  0.00539650022983551
21 29 0 8  0.10521012544631958
21 30 0 8  0.004455955699086189
21 31 0 8  0.0026015760377049446
21 32 0 8  0.002771231345832348
21 33 0 8  0.0032705708872526884
21 34 0 8  0.002412073779851198
21 35 0 8  0.002301373053342104
21 36 0 8  0.00247136689722538
21 37 0 8  0.0026228309143334627
21 38 0 8  0.0030288235284388065
21 39 0 8  0.003040298353880644
21 40 0 8  0.0026061865501105785
21 41 0 8  0.003229270689189434
21 42 0 8  0.002773003652691841
21 43 0 8  0.004381493665277958
21 44 0 8  0.0032271374948322773
21 45 0 8  0.0351218581199646
21 46 0 8  0.011207543313503265
21 47 0 8  0.016182735562324524
21 48 0 8  0.02549680508673191
21 49 0 8  0.0399785116314888
21 50 0 8  0.06987537443637848
21 51 0 8  0.01370171271264553
21 52 0 8  0.036803968250751495
21 53 0 8  0.005268990993499756
21 54 0 8  0.013419870287179947
21 55 0 8  0.0041715470142662525
21 56 0 8  0.004039868712425232
22 24 0 8  0.5990384221076965
22 25 0 8  0.744860053062439
22 26 0 8  0.9637775421142578
22 27 0 8  0.008189171552658081
22 28 0 8  0.0032522943802177906
22 29 0 8  0.011486764997243881
22 30 0 8  0.002780687063932419
22 31 0 8  0.0023761531338095665
22 32 0 8  0.0023526805453002453
22 33 0 8  0.0023691500537097454
22 34 0 8  0.002276336308568716
22 35 0 8  0.0022987443953752518
22 36 0 8  0.002327392343431711
22 37 0 8  0.0023906161077320576
22 38 0 8  0.002363283419981599
22 39 0 8  0.0024971847888082266
22 40 0 8  0.0022203316912055016
22 41 0 8  0.00256752991117537
22 42 0 8  0.0022384347394108772
22 43 0 8  0.00277553778141737
22 44 0 8  0.0022715399973094463
22 45 0 8  0.0069069694727659225
22 46 0 8  0.004267648793756962
22 47 0 8  0.008069032803177834
22 48 0 8  0.009613540023565292
22 49 0 8  0.009438512846827507
22 50 0 8  0.02190949022769928
22 51 0 8  0.004486084450036287
22 52 0 8  0.006895852275192738
22 53 0 8  0.0031900135800242424
22 54 0 8  0.00606818962842226
22 55 0 8  0.0034249015152454376
22 56 0 8  0.0033172117546200752
23 25 0 8  0.5959689617156982
23 26 0 8  0.6008965969085693
23 27 0 8  0.9085779190063477
23 28 0 8  0.0047387839294970036
23 29 0 8  0.004648055415600538
23 30 0 8  0.0029733413830399513
23 31 0 8  0.0028001731261610985
23 32 0 8  0.0027488814666867256
23 33 0 8  0.0028727136086672544
23 34 0 8  0.002569418167695403
23 35 0 8  0.002515023108571768
23 36 0 8  0.002385031431913376
23 37 0 8  0.0022861436009407043
23 38 0 8  0.002363878535106778
23 39 0 8  0.0026371851563453674
23 40 0 8  0.002364377025514841
23 41 0 8  0.0032452712766826153
23 42 0 8  0.002857441548258066
23 43 0 8  0.006777913775295019
23 44 0 8  0.004542307462543249
23 45 0 8  0.19775906205177307
23 46 0 8  0.03987402468919754
23 47 0 8  0.04130248725414276
23 48 0 8  0.04627786576747894
23 49 0 8  0.05965667963027954
23 50 0 8  0.24251124262809753
23 51 0 8  0.012375622987747192
23 52 0 8  0.06655962020158768
23 53 0 8  0.0055330172181129456
23 54 0 8  0.017324626445770264
23 55 0 8  0.004654196556657553
23 56 0 8  0.0038965819403529167
24 26 0 8  0.5952418446540833
24 27 0 8  0.5986425876617432
24 28 0 8  0.8093365430831909
24 29 0 8  0.00641549052670598
24 30 0 8  0.0024132528342306614
24 31 0 8  0.002273120451718569
24 32 0 8  0.0026129833422601223
24 33 0 8  0.002631944604218006
24 34 0 8  0.0022987532429397106
24 35 0 8  0.002167139668017626
24 36 0 8  0.0021175029687583447
24 37 0 8  0.002160463249310851
24 38 0 8  0.002183356788009405
24 39 0 8  0.0023227212950587273
24 40 0 8  0.00215955195017159
24 41 0 8  0.0024664478842169046
24 42 0 8  0.0022161274682730436
24 43 0 8  0.0026825950480997562
24 44 0 8  0.0023231799714267254
24 45 0 8  0.005926631391048431
24 46 0 8  0.0028648246079683304
24 47 0 8  0.003288933541625738
24 48 0 8  0.0031120609492063522
24 49 0 8  0.0029112459160387516
24 50 0 8  0.007947241887450218
24 51 0 8  0.0026088806334882975
24 52 0 8  0.004609411582350731
24 53 0 8  0.0025764841120690107
24 54 0 8  0.00335028488188982
24 55 0 8  0.0026118215173482895
24 56 0 8  0.0024606427177786827
25 27 0 8  0.5960994958877563
25 28 0 8  0.5986721515655518
25 29 0 8  0.8765501976013184
25 30 0 8  0.003857433795928955
25 31 0 8  0.0024281120859086514
25 32 0 8  0.0021562385372817516
25 33 0 8  0.002788012381643057
25 34 0 8  0.002478604670614004
25 35 0 8  0.002140527591109276
25 36 0 8  0.0021310297306627035
25 37 0 8  0.0023023493122309446
25 38 0 8  0.0022567471023648977
25 39 0 8  0.002437958726659417
25 40 0 8  0.0021438193507492542
25 41 0 8  0.0024739205837249756
25 42 0 8  0.0021751648746430874
25 43 0 8  0.002732390072196722
25 44 0 8  0.0023015192709863186
25 45 0 8  0.0036347941495478153
25 46 0 8  0.002622108906507492
25 47 0 8  0.002944439183920622
25 48 0 8  0.003050535451620817
25 49 0 8  0.0027732113376259804
25 50 0 8  0.01211078092455864
25 51 0 8  0.0025332048535346985
25 52 0 8  0.011531000956892967
25 53 0 8  0.002263958565890789
25 54 0 8  0.004655497148633003
25 55 0 8  0.0028079545591026545
25 56 0 8  0.0026797056198120117
26 28 0 8  0.5958855152130127
26 29 0 8  0.6075445413589478
26 30 0 8  0.9170047044754028
26 31 0 8  0.0041885110549628735
26 32 0 8  0.0025154505856335163
26 33 0 8  0.0036902353167533875
26 34 0 8  0.0030316971242427826
26 35 0 8  0.002511022612452507
26 36 0 8  0.002188670914620161
26 37 0 8  0.0023343930952250957
26 38 0 8  0.002268626820296049
26 39 0 8  0.0030733169987797737
26 40 0 8  0.0023716087453067303
26 41 0 8  0.003406892530620098
26 42 0 8  0.002473236061632633
26 43 0 8  0.030062764883041382
26 44 0 8  0.0029277093708515167
26 45 0 8  0.16361011564731598
26 46 0 8  0.0064948685467243195
26 47 0 8  0.007074651308357716
26 48 0 8  0.007521407678723335
26 49 0 8  0.016104040667414665
26 50 0 8  0.3262919485569
26 51 0 8  0.010708151385188103
26 52 0 8  0.2679861783981323
26 53 0 8  0.0038312915712594986
26 54 0 8  0.032539404928684235
26 55 0 8  0.0031308485195040703
26 56 0 8  0.002913976786658168
27 29 0 8  0.5964357256889343
27 30 0 8  0.6105179786682129
27 31 0 8  0.9501036405563354
27 32 0 8  0.003016907488927245
27 33 0 8  0.0025424682535231113
27 34 0 8  0.002412817208096385
27 35 0 8  0.002457851078361273
27 36 0 8  0.0022798683494329453
27 37 0 8  0.0022252118214964867
27 38 0 8  0.002314374316483736
27 39 0 8  0.003353786189109087
27 40 0 8  0.003351203165948391
27 41 0 8  0.00903553981333971
27 42 0 8  0.005139565095305443
27 43 0 8  0.2549217939376831
27 44 0 8  0.013636548072099686
27 45 0 8  0.5450596809387207
27 46 0 8  0.012204540893435478
27 47 0 8  0.006103236228227615
27 48 0 8  0.006306271068751812
27 49 0 8  0.008599454537034035
27 50 0 8  0.1748237907886505
27 51 0 8  0.005234546959400177
27 52 0 8  0.10885675251483917
27 53 0 8  0.006925427354872227
27 54 0 8  0.023317968472838402
27 55 0 8  0.005214211530983448
27 56 0 8  0.00409328006207943
28 30 0 8  0.5985443592071533
28 31 0 8  0.6331879496574402
28 32 0 8  0.9443129897117615
28 33 0 8  0.002763854106888175
28 34 0 8  0.00230004801414907
28 35 0 8  0.002344373380765319
28 36 0 8  0.0024664876982569695
28 37 0 8  0.0020892764441668987
28 38 0 8  0.002262354828417301
28 39 0 8  0.002550971694290638
28 40 0 8  0.002747630700469017
28 41 0 8  0.0033600935712456703
28 42 0 8  0.0028714220970869064
28 43 0 8  0.004403028637170792
28 44 0 8  0.0026453968603163958
28 45 0 8  0.004937082529067993
28 46 0 8  0.002476603491231799
28 47 0 8  0.0027725035324692726
28 48 0 8  0.0024629575200378895
28 49 0 8  0.0025508804246783257
28 50 0 8  0.0030650803819298744
28 51 0 8  0.0022912733256816864
28 52 0 8  0.003424059133976698
28 53 0 8  0.0023372448049485683
28 54 0 8  0.00378546305000782
28 55 0 8  0.0025699299294501543
28 56 0 8  0.0031131659634411335
29 31 0 8  0.6304323077201843
29 32 0 8  0.7260741591453552
29 33 0 8  0.9135252237319946
29 34 0 8  0.00374743714928627
29 35 0 8  0.0020834768656641245
29 36 0 8  0.002219072077423334
29 37 0 8  0.002254167338833213
29 38 0 8  0.0022572434972971678
29 39 0 8  0.0038354462012648582
29 40 0 8  0.002713466063141823
29 41 0 8  0.0050491876900196075
29 42 0 8  0.00317764887586236
29 43 0 8  0.008164068683981895
29 44 0 8  0.002807458397001028
29 45 0 8  0.006513252854347229
29 46 0 8  0.002596368081867695
29 47 0 8  0.002604349050670862
29 48 0 8  0.00256121507845819
29 49 0 8  0.002443963661789894
29 50 0 8  0.006347300484776497
29 51 0 8  0.002719143871217966
29 52 0 8  0.07584765553474426
29 53 0 8  0.002494311425834894
29 54 0 8  0.030787907540798187
29 55 0 8  0.002875245176255703
29 56 0 8  0.003266226500272751
30 32 0 8  0.6085131168365479
30 33 0 8  0.7576545476913452
30 34 0 8  0.9324851632118225
30 35 0 8  0.0024850224144756794
30 36 0 8  0.0022863326594233513
30 37 0 8  0.002779175993055105
30 38 0 8  0.0031703319400548935
30 39 0 8  0.10103528201580048
30 40 0 8  0.009419137611985207
30 41 0 8  0.131851464509964
30 42 0 8  0.009643534198403358
30 43 0 8  0.8049407601356506
30 44 0 8  0.012003961950540543
30 45 0 8  0.3113149106502533
30 46 0 8  0.0054540326818823814
30 47 0 8  0.0032729338854551315
30 48 0 8  0.0035383719950914383
30 49 0 8  0.004484795033931732
30 50 0 8  0.25585466623306274
30 51 0 8  0.009700978174805641
30 52 0 8  0.8244974613189697
30 53 0 8  0.006390249356627464
30 54 0 8  0.1491847038269043
30 55 0 8  0.00355517421849072
30 56 0 8  0.003156668972223997
31 33 0 8  0.5952943563461304
31 34 0 8  0.597267746925354
31 35 0 8  0.7084585428237915
31 36 0 8  0.002610426861792803
31 37 0 8  0.0026600691489875317
31 38 0 8  0.0035639535635709763
31 39 0 8  0.02748389169573784
31 40 0 8  0.061499107629060745
31 41 0 8  0.12235517799854279
31 42 0 8  0.03942883387207985
31 43 0 8  0.6060671806335449
31 44 0 8  0.005895569920539856
31 45 0 8  0.04104942828416824
31 46 0 8  0.0026318924501538277
31 47 0 8  0.0024161250330507755
31 48 0 8  0.002330345567315817
31 49 0 8  0.002371543785557151
31 50 0 8  0.005610222928225994
31 51 0 8  0.0024264631792902946
31 52 0 8  0.05680474638938904
31 53 0 8  0.0030711288563907146
31 54 0 8  0.024145953357219696
31 55 0 8  0.006087260786443949
31 56 0 8  0.0058835698291659355
32 34 0 8  0.5955377221107483
32 35 0 8  0.5999902486801147
32 36 0 8  0.8556879758834839
32 37 0 8  0.005498947575688362
32 38 0 8  0.004211052320897579
32 39 0 8  0.003910149447619915
32 40 0 8  0.003989401273429394
32 41 0 8  0.00546849612146616
32 42 0 8  0.0031274184584617615
32 43 0 8  0.0033455942757427692
32 44 0 8  0.0025045780930668116
32 45 0 8  0.0027512162923812866
32 46 0 8  0.002299647778272629
32 47 0 8  0.002091030590236187
32 48 0 8  0.0024300371296703815
32 49 0 8  0.00220938166603446
32 50 0 8  0.002634291537106037
32 51 0 8  0.002520678099244833
32 52 0 8  0.0033904737792909145
32 53 0 8  0.002161528915166855
32 54 0 8  0.004460517317056656
32 55 0 8  0.0027441242709755898
32 56 0 8  0.0031248268205672503
33 35 0 8  0.5959667563438416
33 36 0 8  0.6027929782867432
33 37 0 8  0.9015145301818848
33 38 0 8  0.05275868624448776
33 39 0 8  0.509888768196106
33 40 0 8  0.009649189189076424
33 41 0 8  0.033078260719776154
33 42 0 8  0.0050419773906469345
33 43 0 8  0.08619792014360428
33 44 0 8  0.0029155989177525043
33 45 0 8  0.0042840344831347466
33 46 0 8  0.002531802747398615
33 47 0 8  0.002336790319532156
33 48 0 8  0.0025697494857013226
33 49 0 8  0.0023604920133948326
33 50 0 8  0.004212789703160524
33 51 0 8  0.00261838105507195
33 52 0 8  0.22508960962295532
33 53 0 8  0.0033492951188236475
33 54 0 8  0.2888360917568207
33 55 0 8  0.004703294485807419
33 56 0 8  0.005076711066067219
34 36 0 8  0.5969433188438416
34 37 0 8  0.631102442741394
34 38 0 8  0.9737589955329895
34 39 0 8  0.9616448879241943
34 40 0 8  0.8675945997238159
34 41 0 8  0.7308635115623474
34 42 0 8  0.30223381519317627
34 43 0 8  0.8593134880065918
34 44 0 8  0.006873945705592632
34 45 0 8  0.008897135965526104
34 46 0 8  0.0026099157985299826
34 47 0 8  0.002266794443130493
34 48 0 8  0.002558098640292883
34 49 0 8  0.002328716218471527
34 50 0 8  0.00853732880204916
34 51 0 8  0.0025044959038496017
34 52 0 8  0.43963363766670227
34 53 0 8  0.0049103908240795135
34 54 0 8  0.46260666847229004
34 55 0 8  0.00920655857771635
34 56 0 8  0.0075357998721301556
35 37 0 8  0.5981367826461792
35 38 0 8  0.8115166425704956
35 39 0 8  0.9910616874694824
35 40 0 8  0.6631877422332764
35 41 0 8  0.12584775686264038
35 42 0 8  0.037132252007722855
35 43 0 8  0.03116392157971859
35 44 0 8  0.002415610942989588
35 45 0 8  0.002439308911561966
35 46 0 8  0.0021738000214099884
35 47 0 8  0.002030789852142334
35 48 0 8  0.0021527057979255915
35 49 0 8  0.002128936117514968
35 50 0 8  0.0021674614399671555
35 51 0 8  0.0022491873241961002
35 52 0 8  0.004839562810957432
35 53 0 8  0.0021192028652876616
35 54 0 8  0.011795703321695328
35 55 0 8  0.003382873721420765
35 56 0 8  0.0071904342621564865
36 38 0 8  0.792624294757843
36 39 0 8  0.9874078631401062
36 40 0 8  0.9912785291671753
36 41 0 8  0.00644179480150342
36 42 0 8  0.0025760591961443424
36 43 0 8  0.0025345843750983477
36 44 0 8  0.0020923884585499763
36 45 0 8  0.0020622939337044954
36 46 0 8  0.0020440141670405865
36 47 0 8  0.0019613774493336678
36 48 0 8  0.0021179234609007835
36 49 0 8  0.0019530663266777992
36 50 0 8  0.0020596946123987436
36 51 0 8  0.002332978881895542
36 52 0 8  0.002922812243923545
36 53 0 8  0.002375645563006401
36 54 0 8  0.007002710830420256
36 55 0 8  0.0032303682528436184
36 56 0 8  0.0090388348326087
37 39 0 8  0.7851715087890625
37 40 0 8  0.9877245426177979
37 41 0 8  0.986557126045227
37 42 0 8  0.006457765121012926
37 43 0 8  0.007314417511224747
37 44 0 8  0.002298609120771289
37 45 0 8  0.0028822082094848156
37 46 0 8  0.0021744128316640854
37 47 0 8  0.002001859713345766
37 48 0 8  0.002220619237050414
37 49 0 8  0.0022457896266132593
37 50 0 8  0.0022129607386887074
37 51 0 8  0.002290637232363224
37 52 0 8  0.007355783134698868
37 53 0 8  0.0027525494806468487
37 54 0 8  0.11330094188451767
37 55 0 8  0.008987857028841972
37 56 0 8  0.07091840356588364
38 40 0 8  0.7113500833511353
38 41 0 8  0.9787761569023132
38 42 0 8  0.9736051559448242
38 43 0 8  0.00711483508348465
38 44 0 8  0.00227136118337512
38 45 0 8  0.0024780842941254377
38 46 0 8  0.0023109647445380688
38 47 0 8  0.0020044667180627584
38 48 0 8  0.002194293076172471
38 49 0 8  0.0021247935947030783
38 50 0 8  0.0023209727369248867
38 51 0 8  0.0021629140246659517
38 52 0 8  0.004787190817296505
38 53 0 8  0.002809187863022089
38 54 0 8  0.07551120966672897
38 55 0 8  0.02517819032073021
38 56 0 8  0.12025969475507736
39 41 0 8  0.8809758424758911
39 42 0 8  0.9785093069076538
39 43 0 8  0.9875360727310181
39 44 0 8  0.0035034813918173313
39 45 0 8  0.003752472111955285
39 46 0 8  0.002258002758026123
39 47 0 8  0.0022077104076743126
39 48 0 8  0.0022213696502149105
39 49 0 8  0.002049496630206704
39 50 0 8  0.0026767305098474026
39 51 0 8  0.0023980073165148497
39 52 0 8  0.10126053541898727
39 53 0 8  0.008697368204593658
39 54 0 8  0.8594340085983276
39 55 0 8  0.4709659516811371
39 56 0 8  0.4173283576965332
40 42 0 8  0.666542649269104
40 43 0 8  0.7954918146133423
40 44 0 8  0.7098857760429382
40 45 0 8  0.0025326632894575596
40 46 0 8  0.002037812490016222
40 47 0 8  0.0019305064342916012
40 48 0 8  0.0020352269057184458
40 49 0 8  0.0019835748244076967
40 50 0 8  0.0022633098997175694
40 51 0 8  0.002701396122574806
40 52 0 8  0.01863241381943226
40 53 0 8  0.021294845268130302
40 54 0 8  0.8375086784362793
40 55 0 8  0.7563787698745728
40 56 0 8  0.4656997323036194
41 43 0 8  0.6360810399055481
41 44 0 8  0.7090560793876648
41 45 0 8  0.7084517478942871
41 46 0 8  0.0022971336729824543
41 47 0 8  0.0021033044904470444
41 48 0 8  0.0021003922447562218
41 49 0 8  0.0021959547884762287
41 50 0 8  0.0037639187648892403
41 51 0 8  0.006763665471225977
41 52 0 8  0.8951119184494019
41 53 0 8  0.8740935325622559
41 54 0 8  0.9358084201812744
41 55 0 8  0.7926753759384155
41 56 0 8  0.08161817491054535
42 44 0 8  0.6000824570655823
42 45 0 8  0.6432740688323975
42 46 0 8  0.41605061292648315
42 47 0 8  0.0020122267305850983
42 48 0 8  0.0018534637056291103
42 49 0 8  0.0022670626640319824
42 50 0 8  0.0049534267745912075
42 51 0 8  0.04923636466264725
42 52 0 8  0.8945015072822571
42 53 0 8  0.8451358675956726
42 54 0 8  0.34783804416656494
42 55 0 8  0.7526476383209229
42 56 0 8  0.06899391859769821
43 45 0 8  0.6411361694335938
43 46 0 8  0.6194556355476379
43 47 0 8  0.5987818241119385
43 48 0 8  0.003580162301659584
43 49 0 8  0.0050415173172950745
43 50 0 8  0.8979876041412354
43 51 0 8  0.8918582797050476
43 52 0 8  0.9692777395248413
43 53 0 8  0.6445063352584839
43 54 0 8  0.055704258382320404
43 55 0 8  0.08227191865444183
43 56 0 8  0.0042839087545871735
44 46 0 8  0.6442145109176636
44 47 0 8  0.6099303364753723
44 48 0 8  0.3595571517944336
44 49 0 8  0.020591668784618378
44 50 0 8  0.8815813064575195
44 51 0 8  0.8740577697753906
44 52 0 8  0.49183693528175354
44 53 0 8  0.7845460176467896
44 54 0 8  0.05788775533437729
44 55 0 8  0.09667094796895981
44 56 0 8  0.007985962554812431
45 47 0 8  0.6797542572021484
45 48 0 8  0.918171763420105
45 49 0 8  0.9645607471466064
45 50 0 8  0.9451228380203247
45 51 0 8  0.6402009129524231
45 52 0 8  0.08679206669330597
45 53 0 8  0.0702500268816948
45 54 0 8  0.0032370518893003464
45 55 0 8  0.0022825717460364103
45 56 0 8  0.0020015554036945105
46 48 0 8  0.9612715244293213
46 49 0 8  0.9892743825912476
46 50 0 8  0.9215990304946899
46 51 0 8  0.8608622550964355
46 52 0 8  0.07446116209030151
46 53 0 8  0.08527591824531555
46 54 0 8  0.002968406304717064
46 55 0 8  0.0024492363445460796
46 56 0 8  0.0023915530182421207
47 49 0 8  0.967555820941925
47 50 0 8  0.6355779767036438
47 51 0 8  0.7706844806671143
47 52 0 8  0.0037358272820711136
47 53 0 8  0.0035324839409440756
47 54 0 8  0.0017616483382880688
47 55 0 8  0.002385377185419202
47 56 0 8  0.0018598519964143634
48 50 0 8  0.6026796102523804
48 51 0 8  0.6706774234771729
48 52 0 8  0.5057793259620667
48 53 0 8  0.0029551219195127487
48 54 0 8  0.0017911862814798951
48 55 0 8  0.002028888091444969
48 56 0 8  0.001994193997234106
49 51 0 8  0.5987215042114258
49 52 0 8  0.5904129147529602
49 53 0 8  0.7336437106132507
49 54 0 8  0.0020112197380512953
49 55 0 8  0.002263793721795082
49 56 0 8  0.0022745614405721426
50 52 0 8  0.5891231298446655
50 53 0 8  0.5933937430381775
50 54 0 8  0.6024922132492065
50 55 0 8  0.002213536761701107
50 56 0 8  0.002700605895370245
51 53 0 8  0.5934123396873474
51 54 0 8  0.592797577381134
51 55 0 8  0.6120845675468445
51 56 0 8  0.0030902959406375885
52 54 0 8  0.5919463634490967
52 55 0 8  0.5917495489120483
52 56 0 8  0.7247341871261597
53 55 0 8  0.5908159017562866
53 56 0 8  0.5925400257110596
54 56 0 8  0.5889710783958435
