26	29	0	8	0.99955
30	33	0	8	0.99935
27	30	0	8	0.99894
25	28	0	8	0.99886
23	26	0	8	0.99850
26	30	0	8	0.99848
29	32	0	8	0.99802
31	34	0	8	0.99777
30	34	0	8	0.99755
29	33	0	8	0.99601
25	29	0	8	0.99575
27	31	0	8	0.99533
28	31	0	8	0.99515
24	27	0	8	0.99462
23	27	0	8	0.99298
22	25	0	8	0.99166
28	32	0	8	0.98990
22	26	0	8	0.98831
31	35	0	8	0.98722
24	28	0	8	0.98716
34	37	0	8	0.98631
33	36	0	8	0.98612
20	26	0	8	0.98490
32	35	0	8	0.98250
34	39	0	8	0.97798
33	37	0	8	0.97241
35	38	0	8	0.96330
32	36	0	8	0.96317
34	38	0	8	0.95769
4	17	0	8	0.94240
43	52	0	8	0.94236
45	52	0	8	0.93867
46	49	0	8	0.93321
43	54	0	8	0.92329
43	53	0	8	0.90483
2	19	0	8	0.90375
21	25	0	8	0.90292
6	15	0	8	0.89945
20	25	0	8	0.89704
44	53	0	8	0.88196
3	20	0	8	0.88001
39	54	0	8	0.87763
42	54	0	8	0.87638
44	52	0	8	0.87501
41	54	0	8	0.86257
30	43	0	8	0.86183
5	16	0	8	0.85175
46	50	0	8	0.84927
5	18	0	8	0.84698
42	55	0	8	0.84442
41	55	0	8	0.84278
6	14	0	8	0.83326
9	12	0	8	0.83017
5	15	0	8	0.82709
30	52	0	8	0.82691
3	17	0	8	0.82564
20	29	0	8	0.82197
2	17	0	8	0.81932
3	18	0	8	0.81297
46	51	0	8	0.80456
4	15	0	8	0.79699
34	43	0	8	0.79286
4	16	0	8	0.78673
3	26	0	8	0.78318
47	50	0	8	0.77742
45	51	0	8	0.77717
2	20	0	8	0.76154
5	17	0	8	0.75877
5	30	0	8	0.75800
4	18	0	8	0.75301
7	14	0	8	0.75098
7	16	0	8	0.74510
8	12	0	8	0.74058
7	33	0	8	0.72488
2	18	0	8	0.71937
26	52	0	8	0.71140
20	23	0	8	0.70979
46	53	0	8	0.70162
41	56	0	8	0.69771
1	19	0	8	0.69713
18	29	0	8	0.69322
3	19	0	8	0.68465
5	52	0	8	0.68098
34	54	0	8	0.66956
27	45	0	8	0.65371
7	15	0	8	0.64764
1	20	0	8	0.64664
6	16	0	8	0.64125
46	52	0	8	0.63190
7	13	0	8	0.62917
26	45	0	8	0.62268
34	40	0	8	0.62217
34	41	0	8	0.61634
31	43	0	8	0.61044
7	12	0	8	0.60623
8	13	0	8	0.59955
45	50	0	8	0.59854
23	45	0	8	0.59834
5	29	0	8	0.59260
35	39	0	8	0.57374
44	55	0	8	0.56467
1	21	0	8	0.56102
26	50	0	8	0.55605
27	43	0	8	0.54810
23	50	0	8	0.54514
45	53	0	8	0.53804
43	55	0	8	0.53639
30	54	0	8	0.53570
7	54	0	8	0.52905
20	50	0	8	0.51740
8	14	0	8	0.51497
39	43	0	8	0.50789
5	33	0	8	0.50251
40	56	0	8	0.49836
6	13	0	8	0.49367
7	39	0	8	0.48436
7	37	0	8	0.47163
18	26	0	8	0.47124
44	54	0	8	0.46357
16	53	0	8	0.45335
14	55	0	8	0.44806
33	39	0	8	0.44533
5	26	0	8	0.44513
33	54	0	8	0.44048
7	30	0	8	0.43284
42	56	0	8	0.43053
20	52	0	8	0.42922
5	54	0	8	0.42396
3	29	0	8	0.41961
3	52	0	8	0.41298
16	54	0	8	0.40411
18	51	0	8	0.39867
9	13	0	8	0.39609
8	54	0	8	0.39371
6	52	0	8	0.39248
18	52	0	8	0.39118
19	50	0	8	0.38262
27	52	0	8	0.37305
9	37	0	8	0.37285
30	45	0	8	0.37076
35	40	0	8	0.36619
23	47	0	8	0.36593
5	53	0	8	0.36403
6	51	0	8	0.35548
6	53	0	8	0.35457
14	56	0	8	0.35403
12	37	0	8	0.35348
7	34	0	8	0.35225
17	51	0	8	0.35058
6	54	0	8	0.35038
5	51	0	8	0.34985
4	52	0	8	0.34971
5	20	0	8	0.34223
40	54	0	8	0.34076
1	22	0	8	0.33384
16	33	0	8	0.33222
3	50	0	8	0.33208
34	42	0	8	0.33112
4	51	0	8	0.32466
39	56	0	8	0.32391
20	51	0	8	0.32279
8	53	0	8	0.31368
3	45	0	8	0.30432
6	12	0	8	0.29929
13	56	0	8	0.29606
15	53	0	8	0.29555
15	54	0	8	0.29031
4	20	0	8	0.29002
3	51	0	8	0.28988
3	30	0	8	0.28356
5	43	0	8	0.28117
19	51	0	8	0.28017
2	21	0	8	0.27193
12	56	0	8	0.27103
8	55	0	8	0.26711
1	26	0	8	0.26343
12	54	0	8	0.26309
3	23	0	8	0.26191
12	33	0	8	0.25654
21	26	0	8	0.25636
7	53	0	8	0.25295
17	53	0	8	0.24766
21	50	0	8	0.24709
17	52	0	8	0.24460
19	49	0	8	0.23769
7	55	0	8	0.22894
12	16	0	8	0.22891
13	55	0	8	0.22500
1	25	0	8	0.22358
14	54	0	8	0.21953
37	54	0	8	0.21947
9	54	0	8	0.21912
3	25	0	8	0.21864
1	23	0	8	0.21434
8	11	0	8	0.21308
4	50	0	8	0.21057
3	21	0	8	0.21029
8	56	0	8	0.20863
8	37	0	8	0.20624
34	52	0	8	0.20599
3	43	0	8	0.20559
9	14	0	8	0.20069
4	19	0	8	0.19808
11	56	0	8	0.19503
9	56	0	8	0.19490
17	54	0	8	0.19342
16	55	0	8	0.19321
33	52	0	8	0.19126
7	29	0	8	0.19061
18	53	0	8	0.18945
18	33	0	8	0.18933
29	52	0	8	0.18672
7	52	0	8	0.18628
15	55	0	8	0.18537
6	55	0	8	0.18472
12	39	0	8	0.18424
10	37	0	8	0.18326
18	54	0	8	0.18324
20	28	0	8	0.18253
12	55	0	8	0.18227
16	52	0	8	0.17962
9	33	0	8	0.17927
10	56	0	8	0.17754
15	56	0	8	0.17475
26	51	0	8	0.17467
7	18	0	8	0.17402
18	30	0	8	0.17369
7	56	0	8	0.16834
6	17	0	8	0.16800
20	45	0	8	0.16709
16	51	0	8	0.16465
39	42	0	8	0.16373
22	50	0	8	0.16174
26	43	0	8	0.16077
33	43	0	8	0.15904
20	49	0	8	0.15776
9	39	0	8	0.15751
4	49	0	8	0.15679
10	13	0	8	0.14872
45	49	0	8	0.14793
2	26	0	8	0.14373
4	53	0	8	0.14098
31	42	0	8	0.13983
16	30	0	8	0.13830
8	39	0	8	0.13791
23	52	0	8	0.13768
5	34	0	8	0.13633
16	56	0	8	0.13558
9	55	0	8	0.13500
19	52	0	8	0.13428
12	15	0	8	0.13287
23	48	0	8	0.13137
11	37	0	8	0.13070
40	55	0	8	0.13058
13	54	0	8	0.12887
7	11	0	8	0.12445
5	39	0	8	0.12381
6	18	0	8	0.12253
27	50	0	8	0.12184
11	14	0	8	0.12107
49	52	0	8	0.12081
3	49	0	8	0.12012
27	44	0	8	0.11915
16	29	0	8	0.11837
23	49	0	8	0.11773
13	16	0	8	0.11436
31	41	0	8	0.11427
5	19	0	8	0.11328
1	49	0	8	0.11033
1	29	0	8	0.10683
14	53	0	8	0.10646
35	41	0	8	0.10568
39	55	0	8	0.10547
23	46	0	8	0.10336
39	52	0	8	0.10268
7	17	0	8	0.09998
9	38	0	8	0.09982
5	50	0	8	0.09922
18	50	0	8	0.09860
42	53	0	8	0.09856
18	25	0	8	0.09833
1	50	0	8	0.09491
3	27	0	8	0.09468
7	41	0	8	0.09431
31	40	0	8	0.09396
47	51	0	8	0.09383
21	29	0	8	0.09371
8	38	0	8	0.09065
48	51	0	8	0.08973
1	45	0	8	0.08641
2	50	0	8	0.08603
6	50	0	8	0.08583
2	45	0	8	0.08520
5	14	0	8	0.08506
44	51	0	8	0.08481
3	44	0	8	0.08409
7	38	0	8	0.08407
20	30	0	8	0.08395
21	49	0	8	0.08358
8	52	0	8	0.08210
22	47	0	8	0.08136
30	50	0	8	0.08127
6	9	0	8	0.08082
9	53	0	8	0.08047
40	43	0	8	0.07844
19	26	0	8	0.07823
2	51	0	8	0.07807
19	29	0	8	0.07723
9	36	0	8	0.07637
6	33	0	8	0.07621
5	45	0	8	0.07564
24	45	0	8	0.07490
3	16	0	8	0.07440
34	56	0	8	0.07437
12	36	0	8	0.07428
7	43	0	8	0.07346
5	55	0	8	0.07316
8	33	0	8	0.07315
2	49	0	8	0.07297
38	56	0	8	0.07025
8	15	0	8	0.07012
30	41	0	8	0.06996
26	49	0	8	0.06992
37	40	0	8	0.06973
18	21	0	8	0.06971
31	54	0	8	0.06969
3	53	0	8	0.06817
19	25	0	8	0.06557
30	39	0	8	0.06350
6	39	0	8	0.06289
3	54	0	8	0.06245
9	16	0	8	0.06230
15	51	0	8	0.06202
30	44	0	8	0.06191
37	43	0	8	0.06173
1	47	0	8	0.06157
3	22	0	8	0.06148
6	49	0	8	0.05961
10	14	0	8	0.05960
14	33	0	8	0.05914
29	54	0	8	0.05902
33	38	0	8	0.05900
16	37	0	8	0.05796
10	55	0	8	0.05742
6	41	0	8	0.05722
20	24	0	8	0.05580
10	54	0	8	0.05566
23	51	0	8	0.05494
7	51	0	8	0.05491
11	55	0	8	0.05453
9	34	0	8	0.05452
22	48	0	8	0.05439
7	36	0	8	0.05432
1	48	0	8	0.05432
8	51	0	8	0.05374
13	37	0	8	0.05365
14	37	0	8	0.05359
7	10	0	8	0.05357
37	56	0	8	0.05341
3	33	0	8	0.05334
4	26	0	8	0.05257
8	41	0	8	0.05248
8	16	0	8	0.05227
20	27	0	8	0.05105
5	27	0	8	0.05004
1	18	0	8	0.04992
6	11	0	8	0.04976
4	54	0	8	0.04970
11	33	0	8	0.04968
3	46	0	8	0.04820
4	45	0	8	0.04807
11	54	0	8	0.04779
4	43	0	8	0.04761
12	34	0	8	0.04761
15	33	0	8	0.04752
25	50	0	8	0.04663
21	48	0	8	0.04540
5	41	0	8	0.04504
6	56	0	8	0.04426
6	43	0	8	0.04423
2	47	0	8	0.04371
3	47	0	8	0.04345
7	26	0	8	0.04332
38	41	0	8	0.04301
12	38	0	8	0.04285
16	39	0	8	0.04256
31	45	0	8	0.04206
5	37	0	8	0.04120
17	50	0	8	0.04113
15	52	0	8	0.04103
10	33	0	8	0.04093
49	53	0	8	0.04062
2	25	0	8	0.04022
21	47	0	8	0.04017
37	52	0	8	0.03995
6	37	0	8	0.03979
11	16	0	8	0.03967
1	46	0	8	0.03899
10	38	0	8	0.03861
26	47	0	8	0.03776
17	29	0	8	0.03733
21	24	0	8	0.03704
2	48	0	8	0.03695
16	50	0	8	0.03688
22	49	0	8	0.03652
8	34	0	8	0.03589
20	47	0	8	0.03561
1	51	0	8	0.03548
5	49	0	8	0.03547
2	29	0	8	0.03546
26	54	0	8	0.03537
18	45	0	8	0.03526
2	52	0	8	0.03516
10	39	0	8	0.03503
21	51	0	8	0.03474
38	54	0	8	0.03463
8	44	0	8	0.03437
9	15	0	8	0.03430
30	42	0	8	0.03411
4	46	0	8	0.03407
11	36	0	8	0.03405
2	46	0	8	0.03395
6	46	0	8	0.03388
13	33	0	8	0.03369
27	54	0	8	0.03360
18	49	0	8	0.03354
4	55	0	8	0.03337
7	40	0	8	0.03334
3	48	0	8	0.03317
6	44	0	8	0.03315
15	18	0	8	0.03276
27	47	0	8	0.03275
20	48	0	8	0.03259
10	36	0	8	0.03258
23	44	0	8	0.03252
19	48	0	8	0.03225
12	53	0	8	0.03212
23	43	0	8	0.03211
6	34	0	8	0.03198
17	49	0	8	0.03168
2	53	0	8	0.03128
11	15	0	8	0.03064
53	56	0	8	0.03046
44	47	0	8	0.03046
31	52	0	8	0.03031
6	30	0	8	0.03025
12	30	0	8	0.02910
29	43	0	8	0.02910
45	48	0	8	0.02887
4	14	0	8	0.02883
37	41	0	8	0.02854
2	23	0	8	0.02820
2	44	0	8	0.02811
6	10	0	8	0.02808
27	42	0	8	0.02786
9	41	0	8	0.02740
30	53	0	8	0.02723
1	17	0	8	0.02720
8	42	0	8	0.02719
30	51	0	8	0.02694
1	27	0	8	0.02651
35	43	0	8	0.02651
6	45	0	8	0.02617
34	45	0	8	0.02616
1	4	0	8	0.02600
16	34	0	8	0.02580
8	36	0	8	0.02542
26	46	0	8	0.02529
6	29	0	8	0.02503
16	43	0	8	0.02468
8	40	0	8	0.02466
4	44	0	8	0.02456
11	39	0	8	0.02450
1	24	0	8	0.02444
36	39	0	8	0.02433
12	41	0	8	0.02425
5	44	0	8	0.02390
10	16	0	8	0.02384
3	6	0	8	0.02371
21	52	0	8	0.02371
17	55	0	8	0.02371
43	51	0	8	0.02364
7	50	0	8	0.02362
44	50	0	8	0.02327
3	55	0	8	0.02320
12	29	0	8	0.02308
21	45	0	8	0.02292
20	46	0	8	0.02281
16	19	0	8	0.02269
33	41	0	8	0.02268
4	48	0	8	0.02265
24	50	0	8	0.02247
6	38	0	8	0.02240
1	52	0	8	0.02218
2	22	0	8	0.02208
34	44	0	8	0.02193
4	29	0	8	0.02175
18	43	0	8	0.02147
1	56	0	8	0.02144
10	53	0	8	0.02093
2	43	0	8	0.02061
44	56	0	8	0.02055
41	53	0	8	0.02051
24	47	0	8	0.02043
11	38	0	8	0.02035
4	47	0	8	0.02021
5	12	0	8	0.02002
16	49	0	8	0.01972
13	36	0	8	0.01956
5	23	0	8	0.01952
9	29	0	8	0.01901
9	30	0	8	0.01895
3	56	0	8	0.01895
15	29	0	8	0.01885
1	30	0	8	0.01864
15	37	0	8	0.01846
1	44	0	8	0.01843
34	55	0	8	0.01833
27	49	0	8	0.01831
52	56	0	8	0.01822
14	52	0	8	0.01815
9	40	0	8	0.01812
29	45	0	8	0.01803
22	45	0	8	0.01801
3	42	0	8	0.01785
8	43	0	8	0.01780
13	39	0	8	0.01772
9	51	0	8	0.01754
42	52	0	8	0.01742
2	54	0	8	0.01712
3	15	0	8	0.01671
1	53	0	8	0.01667
6	42	0	8	0.01654
6	40	0	8	0.01642
17	46	0	8	0.01639
2	55	0	8	0.01634
1	55	0	8	0.01628
7	42	0	8	0.01602
4	42	0	8	0.01594
14	51	0	8	0.01594
16	45	0	8	0.01588
13	53	0	8	0.01577
18	32	0	8	0.01576
20	43	0	8	0.01573
7	45	0	8	0.01570
35	42	0	8	0.01569
29	50	0	8	0.01558
38	42	0	8	0.01557
25	52	0	8	0.01555
4	33	0	8	0.01551
31	39	0	8	0.01551
26	44	0	8	0.01547
27	46	0	8	0.01547
26	48	0	8	0.01544
19	45	0	8	0.01507
17	20	0	8	0.01506
16	26	0	8	0.01503
7	44	0	8	0.01499
14	41	0	8	0.01499
20	53	0	8	0.01499
14	39	0	8	0.01491
8	49	0	8	0.01484
37	55	0	8	0.01480
30	49	0	8	0.01471
5	42	0	8	0.01470
19	47	0	8	0.01468
16	20	0	8	0.01465
5	46	0	8	0.01451
31	44	0	8	0.01444
41	44	0	8	0.01437
4	56	0	8	0.01431
14	17	0	8	0.01431
44	49	0	8	0.01425
33	56	0	8	0.01413
26	53	0	8	0.01408
25	45	0	8	0.01406
38	43	0	8	0.01389
5	13	0	8	0.01373
1	54	0	8	0.01357
6	26	0	8	0.01343
1	43	0	8	0.01341
4	41	0	8	0.01338
8	50	0	8	0.01338
43	46	0	8	0.01331
5	56	0	8	0.01304
9	52	0	8	0.01294
14	36	0	8	0.01293
11	53	0	8	0.01271
27	51	0	8	0.01265
12	51	0	8	0.01262
43	56	0	8	0.01252
5	25	0	8	0.01249
12	52	0	8	0.01245
10	41	0	8	0.01244
19	53	0	8	0.01240
13	41	0	8	0.01224
1	28	0	8	0.01217
14	43	0	8	0.01188
7	32	0	8	0.01178
4	39	0	8	0.01160
2	42	0	8	0.01152
10	15	0	8	0.01142
2	56	0	8	0.01140
17	33	0	8	0.01138
39	53	0	8	0.01119
4	21	0	8	0.01110
9	42	0	8	0.01103
12	32	0	8	0.01094
6	48	0	8	0.01088
19	46	0	8	0.01070
9	32	0	8	0.01067
4	30	0	8	0.01065
14	29	0	8	0.01056
36	54	0	8	0.01045
12	18	0	8	0.01042
12	40	0	8	0.01040
34	53	0	8	0.01039
9	18	0	8	0.01034
2	16	0	8	0.01022
33	45	0	8	0.01014
7	49	0	8	0.00982
5	32	0	8	0.00972
8	29	0	8	0.00965
16	41	0	8	0.00960
10	42	0	8	0.00958
12	43	0	8	0.00946
41	52	0	8	0.00946
17	45	0	8	0.00938
9	43	0	8	0.00934
16	36	0	8	0.00928
47	52	0	8	0.00927
11	29	0	8	0.00915
3	41	0	8	0.00908
33	55	0	8	0.00900
15	50	0	8	0.00894
16	32	0	8	0.00889
43	50	0	8	0.00877
8	46	0	8	0.00871
30	40	0	8	0.00867
18	46	0	8	0.00866
3	34	0	8	0.00865
28	43	0	8	0.00850
22	46	0	8	0.00849
18	48	0	8	0.00847
27	48	0	8	0.00844
14	30	0	8	0.00843
18	44	0	8	0.00836
3	39	0	8	0.00833
15	49	0	8	0.00827
32	37	0	8	0.00816
5	38	0	8	0.00816
14	34	0	8	0.00814
18	55	0	8	0.00791
5	40	0	8	0.00791
45	54	0	8	0.00790
2	5	0	8	0.00783
48	52	0	8	0.00774
13	17	0	8	0.00774
11	34	0	8	0.00772
38	55	0	8	0.00771
6	47	0	8	0.00762
8	45	0	8	0.00760
14	18	0	8	0.00759
20	54	0	8	0.00750
16	44	0	8	0.00747
9	44	0	8	0.00737
4	37	0	8	0.00733
17	26	0	8	0.00732
1	33	0	8	0.00729
11	41	0	8	0.00727
7	20	0	8	0.00723
10	51	0	8	0.00720
21	46	0	8	0.00718
10	29	0	8	0.00718
12	42	0	8	0.00715
50	53	0	8	0.00713
16	46	0	8	0.00712
47	53	0	8	0.00705
15	39	0	8	0.00699
19	54	0	8	0.00698
8	17	0	8	0.00697
3	28	0	8	0.00697
11	18	0	8	0.00697
25	47	0	8	0.00695
18	47	0	8	0.00695
33	40	0	8	0.00680
24	52	0	8	0.00679
17	44	0	8	0.00676
11	32	0	8	0.00675
8	30	0	8	0.00672
4	40	0	8	0.00668
8	18	0	8	0.00667
25	49	0	8	0.00662
10	44	0	8	0.00662
23	54	0	8	0.00655
37	42	0	8	0.00651
4	13	0	8	0.00651
15	30	0	8	0.00648
5	9	0	8	0.00647
15	43	0	8	0.00636
10	40	0	8	0.00629
15	36	0	8	0.00615
28	45	0	8	0.00606
5	48	0	8	0.00604
44	48	0	8	0.00599
30	47	0	8	0.00594
6	36	0	8	0.00591
34	51	0	8	0.00589
15	41	0	8	0.00588
17	48	0	8	0.00585
12	17	0	8	0.00581
35	54	0	8	0.00578
9	50	0	8	0.00573
22	52	0	8	0.00567
30	56	0	8	0.00567
17	43	0	8	0.00567
15	45	0	8	0.00564
43	47	0	8	0.00563
13	38	0	8	0.00561
18	23	0	8	0.00556
10	34	0	8	0.00553
2	30	0	8	0.00552
18	22	0	8	0.00551
17	21	0	8	0.00550
8	48	0	8	0.00540
40	52	0	8	0.00539
5	21	0	8	0.00538
24	48	0	8	0.00538
3	37	0	8	0.00536
17	56	0	8	0.00532
19	22	0	8	0.00527
2	33	0	8	0.00527
29	49	0	8	0.00525
37	53	0	8	0.00522
14	50	0	8	0.00521
43	49	0	8	0.00520
18	28	0	8	0.00519
13	43	0	8	0.00517
5	47	0	8	0.00509
29	51	0	8	0.00507
18	27	0	8	0.00504
19	44	0	8	0.00503
17	30	0	8	0.00500
5	8	0	8	0.00499
7	46	0	8	0.00494
40	44	0	8	0.00492
13	51	0	8	0.00486
33	51	0	8	0.00484
4	12	0	8	0.00483
23	53	0	8	0.00483
30	46	0	8	0.00481
10	50	0	8	0.00480
22	51	0	8	0.00480
5	31	0	8	0.00473
29	55	0	8	0.00468
12	44	0	8	0.00468
25	54	0	8	0.00467
14	45	0	8	0.00466
10	32	0	8	0.00466
31	56	0	8	0.00465
19	23	0	8	0.00464
27	56	0	8	0.00464
9	45	0	8	0.00462
15	44	0	8	0.00461
24	49	0	8	0.00456
9	49	0	8	0.00455
17	47	0	8	0.00455
38	52	0	8	0.00454
34	50	0	8	0.00447
33	50	0	8	0.00446
2	15	0	8	0.00444
40	53	0	8	0.00444
37	51	0	8	0.00441
20	33	0	8	0.00440
33	49	0	8	0.00440
4	23	0	8	0.00439
3	24	0	8	0.00436
11	51	0	8	0.00432
37	45	0	8	0.00426
7	27	0	8	0.00426
13	42	0	8	0.00425
14	32	0	8	0.00424
27	41	0	8	0.00424
16	48	0	8	0.00424
14	49	0	8	0.00421
20	44	0	8	0.00420
29	56	0	8	0.00419
4	38	0	8	0.00418
10	49	0	8	0.00417
16	42	0	8	0.00414
36	40	0	8	0.00411
16	47	0	8	0.00407
10	18	0	8	0.00398
13	34	0	8	0.00398
33	42	0	8	0.00398
10	43	0	8	0.00396
3	32	0	8	0.00396
2	27	0	8	0.00395
39	44	0	8	0.00394
9	17	0	8	0.00393
19	43	0	8	0.00389
12	50	0	8	0.00388
29	47	0	8	0.00382
14	44	0	8	0.00379
30	55	0	8	0.00378
11	40	0	8	0.00376
27	53	0	8	0.00375
1	32	0	8	0.00374
35	56	0	8	0.00374
18	42	0	8	0.00373
5	36	0	8	0.00372
42	51	0	8	0.00372
15	42	0	8	0.00369
33	53	0	8	0.00368
31	50	0	8	0.00368
11	42	0	8	0.00361
14	42	0	8	0.00353
13	29	0	8	0.00352
14	38	0	8	0.00352
36	56	0	8	0.00350
13	52	0	8	0.00350
9	35	0	8	0.00346
36	43	0	8	0.00342
18	39	0	8	0.00342
15	32	0	8	0.00341
13	18	0	8	0.00341
15	46	0	8	0.00339
7	31	0	8	0.00335
39	45	0	8	0.00335
25	51	0	8	0.00335
37	49	0	8	0.00328
7	48	0	8	0.00325
13	40	0	8	0.00324
34	49	0	8	0.00318
18	56	0	8	0.00313
42	45	0	8	0.00311
11	44	0	8	0.00310
4	7	0	8	0.00310
9	46	0	8	0.00309
11	17	0	8	0.00304
21	28	0	8	0.00295
13	44	0	8	0.00294
11	43	0	8	0.00293
8	32	0	8	0.00291
2	6	0	8	0.00290
32	54	0	8	0.00288
17	42	0	8	0.00286
25	48	0	8	0.00282
11	30	0	8	0.00279
13	32	0	8	0.00277
29	34	0	8	0.00276
31	36	0	8	0.00275
8	47	0	8	0.00274
48	53	0	8	0.00272
1	42	0	8	0.00272
1	5	0	8	0.00272
18	37	0	8	0.00271
21	54	0	8	0.00271
45	55	0	8	0.00268
19	55	0	8	0.00268
3	7	0	8	0.00266
22	27	0	8	0.00264
11	52	0	8	0.00263
12	49	0	8	0.00262
7	35	0	8	0.00261
2	41	0	8	0.00254
15	48	0	8	0.00253
15	47	0	8	0.00252
14	46	0	8	0.00251
46	54	0	8	0.00249
10	52	0	8	0.00248
12	45	0	8	0.00248
13	50	0	8	0.00247
16	25	0	8	0.00246
9	48	0	8	0.00244
14	40	0	8	0.00241
28	54	0	8	0.00237
36	52	0	8	0.00237
4	27	0	8	0.00233
5	11	0	8	0.00232
10	48	0	8	0.00231
13	45	0	8	0.00231
42	50	0	8	0.00229
24	43	0	8	0.00229
7	25	0	8	0.00226
24	46	0	8	0.00225
4	25	0	8	0.00225
15	34	0	8	0.00224
37	50	0	8	0.00224
4	34	0	8	0.00222
17	25	0	8	0.00221
1	16	0	8	0.00218
6	19	0	8	0.00217
19	42	0	8	0.00217
18	36	0	8	0.00216
13	49	0	8	0.00212
46	55	0	8	0.00211
51	56	0	8	0.00211
1	41	0	8	0.00210
3	40	0	8	0.00210
12	26	0	8	0.00209
27	55	0	8	0.00206
51	54	0	8	0.00205
6	23	0	8	0.00204
4	36	0	8	0.00202
36	55	0	8	0.00202
7	23	0	8	0.00200
6	32	0	8	0.00193
7	47	0	8	0.00193
6	20	0	8	0.00193
26	55	0	8	0.00192
34	46	0	8	0.00192
16	40	0	8	0.00192
34	47	0	8	0.00188
52	55	0	8	0.00187
10	45	0	8	0.00187
11	49	0	8	0.00184
3	14	0	8	0.00183
33	47	0	8	0.00183
9	26	0	8	0.00183
10	46	0	8	0.00182
21	53	0	8	0.00182
10	30	0	8	0.00179
13	30	0	8	0.00179
29	48	0	8	0.00178
32	43	0	8	0.00175
26	56	0	8	0.00174
1	39	0	8	0.00174
24	51	0	8	0.00173
30	48	0	8	0.00172
16	38	0	8	0.00172
11	50	0	8	0.00169
42	46	0	8	0.00168
31	55	0	8	0.00168
31	47	0	8	0.00168
15	19	0	8	0.00167
21	43	0	8	0.00165
18	34	0	8	0.00165
14	48	0	8	0.00165
13	46	0	8	0.00163
10	17	0	8	0.00163
29	53	0	8	0.00163
1	31	0	8	0.00162
1	34	0	8	0.00161
15	40	0	8	0.00158
32	40	0	8	0.00158
2	39	0	8	0.00158
5	28	0	8	0.00157
15	38	0	8	0.00156
1	37	0	8	0.00154
9	47	0	8	0.00154
10	47	0	8	0.00152
11	45	0	8	0.00152
31	49	0	8	0.00151
22	54	0	8	0.00151
24	44	0	8	0.00149
35	45	0	8	0.00148
26	42	0	8	0.00147
33	44	0	8	0.00144
28	33	0	8	0.00144
8	35	0	8	0.00143
25	46	0	8	0.00142
14	47	0	8	0.00142
38	53	0	8	0.00142
32	39	0	8	0.00141
2	28	0	8	0.00140
17	37	0	8	0.00140
18	41	0	8	0.00139
6	27	0	8	0.00138
16	27	0	8	0.00138
11	46	0	8	0.00137
29	39	0	8	0.00137
23	55	0	8	0.00136
36	41	0	8	0.00136
12	35	0	8	0.00136
20	55	0	8	0.00136
3	36	0	8	0.00134
2	32	0	8	0.00134
2	37	0	8	0.00133
41	45	0	8	0.00131
31	46	0	8	0.00131
12	46	0	8	0.00130
43	48	0	8	0.00130
29	46	0	8	0.00130
42	49	0	8	0.00129
19	56	0	8	0.00128
25	56	0	8	0.00128
2	24	0	8	0.00128
37	44	0	8	0.00127
39	51	0	8	0.00126
10	35	0	8	0.00125
11	48	0	8	0.00123
32	41	0	8	0.00123
9	20	0	8	0.00122
1	15	0	8	0.00122
23	28	0	8	0.00120
25	55	0	8	0.00120
12	48	0	8	0.00120
37	47	0	8	0.00120
28	56	0	8	0.00120
24	29	0	8	0.00120
23	42	0	8	0.00119
3	31	0	8	0.00118
39	50	0	8	0.00118
32	38	0	8	0.00118
4	8	0	8	0.00117
3	38	0	8	0.00117
24	54	0	8	0.00115
29	42	0	8	0.00115
2	40	0	8	0.00112
1	36	0	8	0.00112
21	55	0	8	0.00112
19	28	0	8	0.00112
1	6	0	8	0.00112
16	21	0	8	0.00110
28	52	0	8	0.00109
29	41	0	8	0.00109
29	44	0	8	0.00109
11	47	0	8	0.00106
13	48	0	8	0.00105
8	26	0	8	0.00104
19	33	0	8	0.00104
20	42	0	8	0.00104
13	47	0	8	0.00104
21	44	0	8	0.00104
42	47	0	8	0.00104
20	32	0	8	0.00102
17	39	0	8	0.00102
45	56	0	8	0.00102
25	43	0	8	0.00102
4	32	0	8	0.00100
28	47	0	8	0.00100
37	46	0	8	0.00100
20	56	0	8	0.00100
38	51	0	8	0.00097
22	29	0	8	0.00097
1	40	0	8	0.00096
32	56	0	8	0.00093
2	34	0	8	0.00092
4	11	0	8	0.00091
12	47	0	8	0.00090
23	56	0	8	0.00089
11	35	0	8	0.00088
17	41	0	8	0.00088
7	19	0	8	0.00087
51	55	0	8	0.00086
9	31	0	8	0.00085
33	48	0	8	0.00084
32	55	0	8	0.00084
34	48	0	8	0.00083
46	56	0	8	0.00083
7	21	0	8	0.00083
6	21	0	8	0.00081
5	10	0	8	0.00081
15	25	0	8	0.00081
39	49	0	8	0.00080
6	25	0	8	0.00080
31	37	0	8	0.00079
15	26	0	8	0.00077
8	23	0	8	0.00076
19	32	0	8	0.00076
31	51	0	8	0.00075
38	44	0	8	0.00075
1	38	0	8	0.00075
35	44	0	8	0.00074
27	40	0	8	0.00074
49	54	0	8	0.00074
3	13	0	8	0.00073
21	27	0	8	0.00073
35	52	0	8	0.00072
9	28	0	8	0.00072
5	22	0	8	0.00072
37	48	0	8	0.00071
7	28	0	8	0.00071
19	30	0	8	0.00071
25	53	0	8	0.00071
28	50	0	8	0.00070
11	28	0	8	0.00070
6	35	0	8	0.00070
14	26	0	8	0.00069
2	36	0	8	0.00069
8	20	0	8	0.00067
14	35	0	8	0.00067
10	28	0	8	0.00066
35	55	0	8	0.00066
27	39	0	8	0.00065
50	56	0	8	0.00064
12	20	0	8	0.00064
26	41	0	8	0.00064
9	23	0	8	0.00064
3	12	0	8	0.00063
10	25	0	8	0.00063
17	36	0	8	0.00063
13	35	0	8	0.00062
26	31	0	8	0.00062
9	27	0	8	0.00062
11	25	0	8	0.00062
2	38	0	8	0.00062
17	40	0	8	0.00061
38	45	0	8	0.00061
41	51	0	8	0.00061
21	42	0	8	0.00061
5	35	0	8	0.00061
12	23	0	8	0.00061
27	32	0	8	0.00060
28	44	0	8	0.00060
30	35	0	8	0.00060
50	54	0	8	0.00060
28	36	0	8	0.00059
11	26	0	8	0.00059
23	29	0	8	0.00059
11	20	0	8	0.00059
33	46	0	8	0.00058
31	53	0	8	0.00058
40	45	0	8	0.00058
30	37	0	8	0.00058
38	49	0	8	0.00057
12	31	0	8	0.00056
22	53	0	8	0.00056
36	51	0	8	0.00056
4	22	0	8	0.00056
17	32	0	8	0.00056
38	50	0	8	0.00055
9	25	0	8	0.00055
25	30	0	8	0.00053
22	28	0	8	0.00053
31	38	0	8	0.00053
12	28	0	8	0.00052
22	55	0	8	0.00052
42	48	0	8	0.00052
8	19	0	8	0.00052
12	25	0	8	0.00051
32	52	0	8	0.00051
49	56	0	8	0.00051
15	28	0	8	0.00051
10	20	0	8	0.00050
40	51	0	8	0.00050
2	31	0	8	0.00049
12	27	0	8	0.00049
32	42	0	8	0.00048
31	48	0	8	0.00047
18	24	0	8	0.00047
39	47	0	8	0.00047
36	50	0	8	0.00047
28	55	0	8	0.00047
10	26	0	8	0.00046
16	28	0	8	0.00046
16	23	0	8	0.00046
19	24	0	8	0.00046
21	56	0	8	0.00046
8	21	0	8	0.00045
18	40	0	8	0.00045
13	19	0	8	0.00044
8	28	0	8	0.00043
3	8	0	8	0.00043
41	50	0	8	0.00042
11	19	0	8	0.00042
10	23	0	8	0.00042
10	21	0	8	0.00042
5	24	0	8	0.00041
16	31	0	8	0.00040
36	45	0	8	0.00040
12	19	0	8	0.00039
36	42	0	8	0.00039
36	53	0	8	0.00039
26	39	0	8	0.00039
24	56	0	8	0.00039
8	25	0	8	0.00038
1	35	0	8	0.00038
10	31	0	8	0.00038
24	53	0	8	0.00038
16	35	0	8	0.00038
8	31	0	8	0.00038
49	55	0	8	0.00037
11	21	0	8	0.00037
27	34	0	8	0.00037
36	49	0	8	0.00036
3	35	0	8	0.00036
8	27	0	8	0.00036
28	42	0	8	0.00036
4	9	0	8	0.00036
15	21	0	8	0.00035
22	43	0	8	0.00035
11	23	0	8	0.00035
10	27	0	8	0.00035
29	40	0	8	0.00035
1	7	0	8	0.00035
39	46	0	8	0.00034
20	39	0	8	0.00034
36	47	0	8	0.00034
20	41	0	8	0.00034
10	19	0	8	0.00034
22	44	0	8	0.00034
17	34	0	8	0.00034
6	31	0	8	0.00034
26	34	0	8	0.00033
19	41	0	8	0.00033
21	32	0	8	0.00033
14	28	0	8	0.00033
9	21	0	8	0.00033
39	48	0	8	0.00033
41	46	0	8	0.00032
23	30	0	8	0.00032
32	47	0	8	0.00032
20	37	0	8	0.00032
21	30	0	8	0.00031
6	28	0	8	0.00031
26	33	0	8	0.00031
4	28	0	8	0.00031
22	56	0	8	0.00031
29	37	0	8	0.00031
4	35	0	8	0.00031
24	32	0	8	0.00030
2	14	0	8	0.00029
17	28	0	8	0.00029
14	31	0	8	0.00029
15	20	0	8	0.00029
2	13	0	8	0.00029
24	55	0	8	0.00028
35	47	0	8	0.00028
38	47	0	8	0.00028
14	27	0	8	0.00028
14	23	0	8	0.00028
11	27	0	8	0.00027
9	19	0	8	0.00027
15	35	0	8	0.00026
11	31	0	8	0.00026
41	49	0	8	0.00026
14	25	0	8	0.00026
17	23	0	8	0.00026
13	23	0	8	0.00026
12	21	0	8	0.00025
4	24	0	8	0.00025
40	50	0	8	0.00025
14	19	0	8	0.00025
21	33	0	8	0.00025
4	10	0	8	0.00024
47	56	0	8	0.00024
3	9	0	8	0.00024
7	24	0	8	0.00023
35	49	0	8	0.00023
14	20	0	8	0.00023
32	45	0	8	0.00023
19	27	0	8	0.00023
28	49	0	8	0.00022
13	28	0	8	0.00022
15	27	0	8	0.00021
41	47	0	8	0.00021
2	35	0	8	0.00021
15	23	0	8	0.00021
50	55	0	8	0.00020
32	49	0	8	0.00020
35	48	0	8	0.00020
40	46	0	8	0.00020
30	38	0	8	0.00020
38	48	0	8	0.00020
3	11	0	8	0.00019
1	14	0	8	0.00019
25	44	0	8	0.00019
6	22	0	8	0.00019
40	49	0	8	0.00019
18	38	0	8	0.00018
19	36	0	8	0.00018
35	50	0	8	0.00018
1	8	0	8	0.00018
4	31	0	8	0.00017
19	39	0	8	0.00017
38	46	0	8	0.00017
35	46	0	8	0.00017
6	24	0	8	0.00017
24	42	0	8	0.00017
17	27	0	8	0.00017
7	22	0	8	0.00017
19	37	0	8	0.00017
17	22	0	8	0.00016
48	56	0	8	0.00016
2	7	0	8	0.00016
15	31	0	8	0.00016
10	24	0	8	0.00016
13	26	0	8	0.00016
8	22	0	8	0.00016
36	48	0	8	0.00016
13	20	0	8	0.00016
32	50	0	8	0.00015
1	12	0	8	0.00015
17	38	0	8	0.00015
19	40	0	8	0.00015
48	55	0	8	0.00015
28	51	0	8	0.00015
23	41	0	8	0.00015
23	39	0	8	0.00015
12	24	0	8	0.00015
28	46	0	8	0.00015
11	24	0	8	0.00015
18	31	0	8	0.00015
16	22	0	8	0.00014
2	12	0	8	0.00014
13	31	0	8	0.00014
41	48	0	8	0.00014
28	53	0	8	0.00014
13	25	0	8	0.00014
35	51	0	8	0.00014
28	48	0	8	0.00013
8	24	0	8	0.00013
20	40	0	8	0.00013
13	21	0	8	0.00013
48	54	0	8	0.00013
1	13	0	8	0.00013
25	33	0	8	0.00013
13	27	0	8	0.00013
30	36	0	8	0.00013
32	53	0	8	0.00013
11	22	0	8	0.00013
23	33	0	8	0.00012
10	22	0	8	0.00012
23	31	0	8	0.00012
36	44	0	8	0.00012
20	31	0	8	0.00012
32	44	0	8	0.00012
2	8	0	8	0.00012
21	41	0	8	0.00012
22	30	0	8	0.00012
47	55	0	8	0.00012
23	32	0	8	0.00012
14	21	0	8	0.00012
27	35	0	8	0.00012
9	22	0	8	0.00011
9	24	0	8	0.00011
28	41	0	8	0.00011
20	34	0	8	0.00011
24	30	0	8	0.00011
40	48	0	8	0.00011
35	53	0	8	0.00011
20	36	0	8	0.00011
28	34	0	8	0.00010
36	46	0	8	0.00010
END