1 3 0 8  0.5720340609550476
1 4 0 8  0.5875380635261536
1 5 0 8  0.5876525044441223
1 6 0 8  0.00544950133189559
1 7 0 8  0.0033274211455136538
1 8 0 8  0.002922858577221632
1 9 0 8  0.0026694335974752903
1 10 0 8  0.0023525229189544916
1 11 0 8  0.0021954006515443325
1 12 0 8  0.002262322697788477
1 13 0 8  0.002341972663998604
1 14 0 8  0.002368551678955555
1 15 0 8  0.0033295140601694584
1 16 0 8  0.003167371265590191
1 17 0 8  0.013395125046372414
1 18 0 8  0.012681866064667702
1 19 0 8  0.2878817915916443
1 20 0 8  0.27499210834503174
1 21 0 8  0.6837330460548401
1 22 0 8  0.48323196172714233
1 23 0 8  0.35482555627822876
1 24 0 8  0.01605672389268875
1 25 0 8  0.019019531086087227
1 26 0 8  0.06643228977918625
1 27 0 8  0.008148621767759323
1 28 0 8  0.003145696595311165
1 29 0 8  0.0032337873708456755
1 30 0 8  0.003793388605117798
1 31 0 8  0.002792930696159601
1 32 0 8  0.0027473638765513897
1 33 0 8  0.0032314397394657135
1 34 0 8  0.0033325166441500187
1 35 0 8  0.0027663069777190685
1 36 0 8  0.0027974192053079605
1 37 0 8  0.003726455383002758
1 38 0 8  0.003287072293460369
1 39 0 8  0.004284509923309088
1 40 0 8  0.003922272473573685
1 41 0 8  0.004493520595133305
1 42 0 8  0.0043959664180874825
1 43 0 8  0.004435853101313114
1 44 0 8  0.00431170454248786
1 45 0 8  0.006497632712125778
1 46 0 8  0.011785062029957771
1 47 0 8  0.019747793674468994
1 48 0 8  0.04985572397708893
1 49 0 8  0.04703774303197861
1 50 0 8  0.03209811821579933
1 51 0 8  0.022757861763238907
1 52 0 8  0.010853804647922516
1 53 0 8  0.04043874144554138
1 54 0 8  0.03791762515902519
1 55 0 8  0.10082104057073593
1 56 0 8  0.12109704315662384
2 4 0 8  0.5903746485710144
2 5 0 8  0.5946435332298279
2 6 0 8  0.598527193069458
2 7 0 8  0.004122552461922169
2 8 0 8  0.002827663905918598
2 9 0 8  0.0025877514854073524
2 10 0 8  0.0026170010678470135
2 11 0 8  0.002452691551297903
2 12 0 8  0.002568282885476947
2 13 0 8  0.002615988487377763
2 14 0 8  0.0027147955261170864
2 15 0 8  0.007300717756152153
2 16 0 8  0.006712023634463549
2 17 0 8  0.35591715574264526
2 18 0 8  0.366589218378067
2 19 0 8  0.8650418519973755
2 20 0 8  0.6948812007904053
2 21 0 8  0.5563269853591919
2 22 0 8  0.07962297648191452
2 23 0 8  0.038522228598594666
2 24 0 8  0.004040559753775597
2 25 0 8  0.004459384363144636
2 26 0 8  0.03276018425822258
2 27 0 8  0.004018759820610285
2 28 0 8  0.0028891568072140217
2 29 0 8  0.003419051878154278
2 30 0 8  0.003599226474761963
2 31 0 8  0.0028479364700615406
2 32 0 8  0.0028149429708719254
2 33 0 8  0.003537130542099476
2 34 0 8  0.0032175020314753056
2 35 0 8  0.0028340411372482777
2 36 0 8  0.002991678658872843
2 37 0 8  0.0037298062816262245
2 38 0 8  0.0031085610389709473
2 39 0 8  0.004441788420081139
2 40 0 8  0.004753428511321545
2 41 0 8  0.0041854409500956535
2 42 0 8  0.004972721915692091
2 43 0 8  0.004458035342395306
2 44 0 8  0.005956616252660751
2 45 0 8  0.006451955996453762
2 46 0 8  0.012585324235260487
2 47 0 8  0.012768423184752464
2 48 0 8  0.04703408479690552
2 49 0 8  0.04421374574303627
2 50 0 8  0.029566165059804916
2 51 0 8  0.05091192573308945
2 52 0 8  0.0422903411090374
2 53 0 8  0.24547308683395386
2 54 0 8  0.1654062271118164
2 55 0 8  0.19466710090637207
2 56 0 8  0.1174691691994667
3 5 0 8  0.5912705063819885
3 6 0 8  0.5947123765945435
3 7 0 8  0.5932923555374146
3 8 0 8  0.002901291474699974
3 9 0 8  0.0024316981434822083
3 10 0 8  0.0023302356712520123
3 11 0 8  0.0023149459157139063
3 12 0 8  0.0022959266789257526
3 13 0 8  0.0021954900585114956
3 14 0 8  0.002872401848435402
3 15 0 8  0.0047978609800338745
3 16 0 8  0.015023724175989628
3 17 0 8  0.2576979696750641
3 18 0 8  0.34953343868255615
3 19 0 8  0.7901408672332764
3 20 0 8  0.8872851133346558
3 21 0 8  0.6629136204719543
3 22 0 8  0.3769473135471344
3 23 0 8  0.722134530544281
3 24 0 8  0.008727474138140678
3 25 0 8  0.11691361665725708
3 26 0 8  0.8595001697540283
3 27 0 8  0.13287870585918427
3 28 0 8  0.004157019779086113
3 29 0 8  0.06751256436109543
3 30 0 8  0.18833966553211212
3 31 0 8  0.00374377123080194
3 32 0 8  0.003718574997037649
3 33 0 8  0.015512261539697647
3 34 0 8  0.010923951864242554
3 35 0 8  0.003017422277480364
3 36 0 8  0.0033690673299133778
3 37 0 8  0.00468308012932539
3 38 0 8  0.0033313948661088943
3 39 0 8  0.009349710308015347
3 40 0 8  0.004650029353797436
3 41 0 8  0.00777776911854744
3 42 0 8  0.004632066935300827
3 43 0 8  0.016025114804506302
3 44 0 8  0.0050868019461631775
3 45 0 8  0.04649677500128746
3 46 0 8  0.016696643084287643
3 47 0 8  0.014963413588702679
3 48 0 8  0.06513486802577972
3 49 0 8  0.1046014279127121
3 50 0 8  0.1927262842655182
3 51 0 8  0.08944737911224365
3 52 0 8  0.14475175738334656
3 53 0 8  0.23279929161071777
3 54 0 8  0.26476407051086426
3 55 0 8  0.14355045557022095
3 56 0 8  0.08585511147975922
4 6 0 8  0.5947917699813843
4 7 0 8  0.5960744619369507
4 8 0 8  0.5959904789924622
4 9 0 8  0.0030281436629593372
4 10 0 8  0.0024456586688756943
4 11 0 8  0.0033850185573101044
4 12 0 8  0.004651329480111599
4 13 0 8  0.0046751126646995544
4 14 0 8  0.00983932614326477
4 15 0 8  0.2950233817100525
4 16 0 8  0.3710364103317261
4 17 0 8  0.8497155904769897
4 18 0 8  0.7523986101150513
4 19 0 8  0.6074705123901367
4 20 0 8  0.37337610125541687
4 21 0 8  0.02241171896457672
4 22 0 8  0.004163000732660294
4 23 0 8  0.00497193168848753
4 24 0 8  0.0023898473009467125
4 25 0 8  0.0025087292306125164
4 26 0 8  0.040443938225507736
4 27 0 8  0.002839572262018919
4 28 0 8  0.002238484797999263
4 29 0 8  0.0034413610119372606
4 30 0 8  0.010003142058849335
4 31 0 8  0.0023640443105250597
4 32 0 8  0.0027278847992420197
4 33 0 8  0.00477273715659976
4 34 0 8  0.002843660768121481
4 35 0 8  0.0025645834393799305
4 36 0 8  0.0030621434561908245
4 37 0 8  0.003573703346773982
4 38 0 8  0.003305347403511405
4 39 0 8  0.008839268237352371
4 40 0 8  0.006697013508528471
4 41 0 8  0.005163532681763172
4 42 0 8  0.008943432942032814
4 43 0 8  0.009195918217301369
4 44 0 8  0.007179216481745243
4 45 0 8  0.02191665768623352
4 46 0 8  0.06765219569206238
4 47 0 8  0.012492433190345764
4 48 0 8  0.08311598002910614
4 49 0 8  0.21396926045417786
4 50 0 8  0.24024878442287445
4 51 0 8  0.33069100975990295
4 52 0 8  0.2601605951786041
4 53 0 8  0.2374320924282074
4 54 0 8  0.2220209538936615
4 55 0 8  0.07801841199398041
4 56 0 8  0.02836954966187477
5 7 0 8  0.5946382284164429
5 8 0 8  0.5954933166503906
5 9 0 8  0.5818797945976257
5 10 0 8  0.0033988230861723423
5 11 0 8  0.0035029274877160788
5 12 0 8  0.005262177903205156
5 13 0 8  0.0065006292425096035
5 14 0 8  0.02166781574487686
5 15 0 8  0.23090071976184845
5 16 0 8  0.4327821731567383
5 17 0 8  0.7851043343544006
5 18 0 8  0.8789271712303162
5 19 0 8  0.5241208076477051
5 20 0 8  0.5849842429161072
5 21 0 8  0.02029840275645256
5 22 0 8  0.004186560399830341
5 23 0 8  0.024625925347208977
5 24 0 8  0.003111064899712801
5 25 0 8  0.01115935854613781
5 26 0 8  0.7949196100234985
5 27 0 8  0.035808444023132324
5 28 0 8  0.004424854181706905
5 29 0 8  0.5328370332717896
5 30 0 8  0.8419106602668762
5 31 0 8  0.009274255484342575
5 32 0 8  0.006700052879750729
5 33 0 8  0.4783323109149933
5 34 0 8  0.08467095345258713
5 35 0 8  0.0029392458964139223
5 36 0 8  0.00382265355437994
5 37 0 8  0.007824977859854698
5 38 0 8  0.006359669845551252
5 39 0 8  0.12237584590911865
5 40 0 8  0.006428624503314495
5 41 0 8  0.02581341750919819
5 42 0 8  0.0074640074744820595
5 43 0 8  0.12530188262462616
5 44 0 8  0.011024744249880314
5 45 0 8  0.07952423393726349
5 46 0 8  0.01458565890789032
5 47 0 8  0.006350324489176273
5 48 0 8  0.02177000790834427
5 49 0 8  0.12144660204648972
5 50 0 8  0.27050018310546875
5 51 0 8  0.3822980523109436
5 52 0 8  0.5410521626472473
5 53 0 8  0.20278847217559814
5 54 0 8  0.24164347350597382
5 55 0 8  0.04030902683734894
5 56 0 8  0.011095678433775902
6 8 0 8  0.5948215126991272
6 9 0 8  0.594791829586029
6 10 0 8  0.6307643055915833
6 11 0 8  0.031070562079548836
6 12 0 8  0.05934654176235199
6 13 0 8  0.11494205892086029
6 14 0 8  0.3469356298446655
6 15 0 8  0.8344975709915161
6 16 0 8  0.7997594475746155
6 17 0 8  0.6243228912353516
6 18 0 8  0.29104408621788025
6 19 0 8  0.0234422255307436
6 20 0 8  0.00863124430179596
6 21 0 8  0.003873777575790882
6 22 0 8  0.0024028574116528034
6 23 0 8  0.0033356929197907448
6 24 0 8  0.002199979033321142
6 25 0 8  0.002657827455550432
6 26 0 8  0.004385740030556917
6 27 0 8  0.0026954254135489464
6 28 0 8  0.002271651290357113
6 29 0 8  0.004500248469412327
6 30 0 8  0.018299710005521774
6 31 0 8  0.002602082211524248
6 32 0 8  0.0028491048142313957
6 33 0 8  0.016136206686496735
6 34 0 8  0.00387534499168396
6 35 0 8  0.0026799035258591175
6 36 0 8  0.0034672189503908157
6 37 0 8  0.005264825187623501
6 38 0 8  0.0054829660803079605
6 39 0 8  0.0506257563829422
6 40 0 8  0.007391945458948612
6 41 0 8  0.013755474239587784
6 42 0 8  0.0068472749553620815
6 43 0 8  0.02298825792968273
6 44 0 8  0.014214974828064442
6 45 0 8  0.04441555216908455
6 46 0 8  0.14687606692314148
6 47 0 8  0.012440323829650879
6 48 0 8  0.07900908589363098
6 49 0 8  0.3214679956436157
6 50 0 8  0.4352312684059143
6 51 0 8  0.44068390130996704
6 52 0 8  0.44020986557006836
6 53 0 8  0.09295934438705444
6 54 0 8  0.06796436011791229
6 55 0 8  0.02964518591761589
6 56 0 8  0.009878294542431831
7 9 0 8  0.5939151048660278
7 10 0 8  0.5932193994522095
7 11 0 8  0.5914226770401001
7 12 0 8  0.07618986070156097
7 13 0 8  0.15859290957450867
7 14 0 8  0.43179863691329956
7 15 0 8  0.7757185697555542
7 16 0 8  0.855135440826416
7 17 0 8  0.5114082098007202
7 18 0 8  0.38124245405197144
7 19 0 8  0.008622460067272186
7 20 0 8  0.006628694944083691
7 21 0 8  0.003351985476911068
7 22 0 8  0.002411479130387306
7 23 0 8  0.002841105917468667
7 24 0 8  0.0021946050692349672
7 25 0 8  0.0033854362554848194
7 26 0 8  0.007158712018281221
7 27 0 8  0.0030346899293363094
7 28 0 8  0.0027236719615757465
7 29 0 8  0.09997090697288513
7 30 0 8  0.27510008215904236
7 31 0 8  0.004864506423473358
7 32 0 8  0.008154110983014107
7 33 0 8  0.5433408617973328
7 34 0 8  0.29907986521720886
7 35 0 8  0.0031777918338775635
7 36 0 8  0.020544594153761864
7 37 0 8  0.175276979804039
7 38 0 8  0.17415320873260498
7 39 0 8  0.36584752798080444
7 40 0 8  0.020292889326810837
7 41 0 8  0.07208263874053955
7 42 0 8  0.0068383412435650826
7 43 0 8  0.10899054259061813
7 44 0 8  0.017322611063718796
7 45 0 8  0.03145020455121994
7 46 0 8  0.02403317578136921
7 47 0 8  0.012339743785560131
7 48 0 8  0.04564482718706131
7 49 0 8  0.11855417490005493
7 50 0 8  0.2468080222606659
7 51 0 8  0.3178673982620239
7 52 0 8  0.3706849217414856
7 53 0 8  0.1364763081073761
7 54 0 8  0.17902806401252747
7 55 0 8  0.034338198602199554
7 56 0 8  0.025341741740703583
8 10 0 8  0.5933327674865723
8 11 0 8  0.598499059677124
8 12 0 8  0.7436073422431946
8 13 0 8  0.2766916751861572
8 14 0 8  0.5854994058609009
8 15 0 8  0.5629037618637085
8 16 0 8  0.277236670255661
8 17 0 8  0.021614180877804756
8 18 0 8  0.00774106802418828
8 19 0 8  0.0031268917955458164
8 20 0 8  0.0029181926511228085
8 21 0 8  0.0024710872676223516
8 22 0 8  0.0023016398772597313
8 23 0 8  0.0023111780174076557
8 24 0 8  0.0019844966009259224
8 25 0 8  0.0024701314978301525
8 26 0 8  0.002502280520275235
8 27 0 8  0.002361616585403681
8 28 0 8  0.002165846526622772
8 29 0 8  0.003578414674848318
8 30 0 8  0.00411259988322854
8 31 0 8  0.002361713908612728
8 32 0 8  0.0030901979189366102
8 33 0 8  0.026886485517024994
8 34 0 8  0.008959840051829815
8 35 0 8  0.002672687405720353
8 36 0 8  0.007706903852522373
8 37 0 8  0.05939123034477234
8 38 0 8  0.10807011276483536
8 39 0 8  0.1300891935825348
8 40 0 8  0.023234104737639427
8 41 0 8  0.0215617623180151
8 42 0 8  0.014069363474845886
8 43 0 8  0.013346683233976364
8 44 0 8  0.023114390671253204
8 45 0 8  0.015559119172394276
8 46 0 8  0.04336078464984894
8 47 0 8  0.023424427956342697
8 48 0 8  0.07392103970050812
8 49 0 8  0.12761087715625763
8 50 0 8  0.12685301899909973
8 51 0 8  0.1942506730556488
8 52 0 8  0.1468120813369751
8 53 0 8  0.13607221841812134
8 54 0 8  0.08345535397529602
8 55 0 8  0.03182283043861389
8 56 0 8  0.016406232491135597
9 11 0 8  0.5958258509635925
9 12 0 8  0.7439759969711304
9 13 0 8  0.8790202736854553
9 14 0 8  0.6586946249008179
9 15 0 8  0.3981294631958008
9 16 0 8  0.31082883477211
9 17 0 8  0.009769730269908905
9 18 0 8  0.006787342485040426
9 19 0 8  0.0028034979477524757
9 20 0 8  0.0030186367221176624
9 21 0 8  0.002520032459869981
9 22 0 8  0.002378651173785329
9 23 0 8  0.002542421454563737
9 24 0 8  0.0021541607566177845
9 25 0 8  0.0026551568880677223
9 26 0 8  0.002711661159992218
9 27 0 8  0.002449093386530876
9 28 0 8  0.0023485966958105564
9 29 0 8  0.00615127244964242
9 30 0 8  0.0061531998217105865
9 31 0 8  0.00254971906542778
9 32 0 8  0.005006290972232819
9 33 0 8  0.06386839598417282
9 34 0 8  0.053935639560222626
9 35 0 8  0.004177047871053219
9 36 0 8  0.024858376011252403
9 37 0 8  0.154633566737175
9 38 0 8  0.21248434484004974
9 39 0 8  0.189571350812912
9 40 0 8  0.057157717645168304
9 41 0 8  0.04958246648311615
9 42 0 8  0.01361238956451416
9 43 0 8  0.018042735755443573
9 44 0 8  0.022112006321549416
9 45 0 8  0.01309201680123806
9 46 0 8  0.02910357341170311
9 47 0 8  0.025361042469739914
9 48 0 8  0.0569600947201252
9 49 0 8  0.07912205159664154
9 50 0 8  0.06312799453735352
9 51 0 8  0.04168285056948662
9 52 0 8  0.023341570049524307
9 53 0 8  0.0508120022714138
9 54 0 8  0.04533388465642929
9 55 0 8  0.026829153299331665
9 56 0 8  0.02617662027478218
10 12 0 8  0.7679631114006042
10 13 0 8  0.9127267003059387
10 14 0 8  0.9408223032951355
10 15 0 8  0.039389513432979584
10 16 0 8  0.020719148218631744
10 17 0 8  0.0034704203717410564
10 18 0 8  0.0031715878285467625
10 19 0 8  0.00236302288249135
10 20 0 8  0.0024096877314150333
10 21 0 8  0.002053078729659319
10 22 0 8  0.002018832368776202
10 23 0 8  0.002227091696113348
10 24 0 8  0.0018727027345448732
10 25 0 8  0.002136207651346922
10 26 0 8  0.0021488419733941555
10 27 0 8  0.0020866463892161846
10 28 0 8  0.0020868924912065268
10 29 0 8  0.002786326687783003
10 30 0 8  0.002720513381063938
10 31 0 8  0.002181750489398837
10 32 0 8  0.002712022513151169
10 33 0 8  0.00890093669295311
10 34 0 8  0.004729354754090309
10 35 0 8  0.0025547840632498264
10 36 0 8  0.007310253102332354
10 37 0 8  0.057435259222984314
10 38 0 8  0.08297866582870483
10 39 0 8  0.059758394956588745
10 40 0 8  0.0314226970076561
10 41 0 8  0.01729421317577362
10 42 0 8  0.00762536097317934
10 43 0 8  0.006703590974211693
10 44 0 8  0.011457889340817928
10 45 0 8  0.006803031545132399
10 46 0 8  0.017256779596209526
10 47 0 8  0.024657579138875008
10 48 0 8  0.034564658999443054
10 49 0 8  0.0365263856947422
10 50 0 8  0.02117118611931801
10 51 0 8  0.018081875517964363
10 52 0 8  0.0074020251631736755
10 53 0 8  0.031961891800165176
10 54 0 8  0.02287229895591736
10 55 0 8  0.01059875637292862
10 56 0 8  0.015003321692347527
11 13 0 8  0.733056902885437
11 14 0 8  0.8533462285995483
11 15 0 8  0.8733782768249512
11 16 0 8  0.021383415907621384
11 17 0 8  0.0035991831682622433
11 18 0 8  0.0035289092920720577
11 19 0 8  0.002797391265630722
11 20 0 8  0.0027651493437588215
11 21 0 8  0.0024170142132788897
11 22 0 8  0.0020902282558381557
11 23 0 8  0.0024049854837358
11 24 0 8  0.0020401158835738897
11 25 0 8  0.002296116668730974
11 26 0 8  0.0022700573317706585
11 27 0 8  0.0021929829381406307
11 28 0 8  0.0023002426605671644
11 29 0 8  0.0031961039640009403
11 30 0 8  0.0029391972348093987
11 31 0 8  0.002291186712682247
11 32 0 8  0.002958467463031411
11 33 0 8  0.010123083367943764
11 34 0 8  0.006420282647013664
11 35 0 8  0.0027104371692985296
11 36 0 8  0.0093480683863163
11 37 0 8  0.057948581874370575
11 38 0 8  0.06958381831645966
11 39 0 8  0.05156077444553375
11 40 0 8  0.022095900028944016
11 41 0 8  0.010580739006400108
11 42 0 8  0.005832328926771879
11 43 0 8  0.005414177663624287
11 44 0 8  0.006920630112290382
11 45 0 8  0.0052164653316140175
11 46 0 8  0.009358849376440048
11 47 0 8  0.013398027047514915
11 48 0 8  0.015054671093821526
11 49 0 8  0.014908768236637115
11 50 0 8  0.011479509994387627
11 51 0 8  0.014232974499464035
11 52 0 8  0.004429253749549389
11 53 0 8  0.020423784852027893
11 54 0 8  0.01336702611297369
11 55 0 8  0.008353539742529392
11 56 0 8  0.008597896434366703
12 14 0 8  0.6358740329742432
12 15 0 8  0.7971689701080322
12 16 0 8  0.9008656144142151
12 17 0 8  0.0068700420670211315
12 18 0 8  0.005113655235618353
12 19 0 8  0.0024958765134215355
12 20 0 8  0.0029022982344031334
12 21 0 8  0.0024416483938694
12 22 0 8  0.002023231703788042
12 23 0 8  0.002181223127990961
12 24 0 8  0.0021186370868235826
12 25 0 8  0.002504065167158842
12 26 0 8  0.0027230873238295317
12 27 0 8  0.002332900185137987
12 28 0 8  0.002544229617342353
12 29 0 8  0.0059591783210635185
12 30 0 8  0.008099463768303394
12 31 0 8  0.002651029732078314
12 32 0 8  0.005393724422901869
12 33 0 8  0.035488732159137726
12 34 0 8  0.019483668729662895
12 35 0 8  0.002876638201996684
12 36 0 8  0.01784760318696499
12 37 0 8  0.11641961336135864
12 38 0 8  0.1570517122745514
12 39 0 8  0.14864331483840942
12 40 0 8  0.03927792236208916
12 41 0 8  0.023508302867412567
12 42 0 8  0.008595230057835579
12 43 0 8  0.015440532937645912
12 44 0 8  0.012428956106305122
12 45 0 8  0.01171401422470808
12 46 0 8  0.014998607337474823
12 47 0 8  0.014206873252987862
12 48 0 8  0.01683201640844345
12 49 0 8  0.012590911239385605
12 50 0 8  0.014498535543680191
12 51 0 8  0.014934430830180645
12 52 0 8  0.008213194087147713
12 53 0 8  0.014568452723324299
12 54 0 8  0.02167835831642151
12 55 0 8  0.008245772682130337
12 56 0 8  0.008815709501504898
13 15 0 8  0.6325607299804688
13 16 0 8  0.7518004179000854
13 17 0 8  0.7040606737136841
13 18 0 8  0.005079920869320631
13 19 0 8  0.00258069671690464
13 20 0 8  0.0026102717965841293
13 21 0 8  0.0024585865903645754
13 22 0 8  0.0021080845035612583
13 23 0 8  0.002292454009875655
13 24 0 8  0.002028715331107378
13 25 0 8  0.0023172907531261444
13 26 0 8  0.0024482840672135353
13 27 0 8  0.002298342529684305
13 28 0 8  0.002136852592229843
13 29 0 8  0.004359344486147165
13 30 0 8  0.00921760406345129
13 31 0 8  0.0023242817260324955
13 32 0 8  0.003233801107853651
13 33 0 8  0.02413865178823471
13 34 0 8  0.010815481655299664
13 35 0 8  0.0025903917849063873
13 36 0 8  0.012524224817752838
13 37 0 8  0.048691123723983765
13 38 0 8  0.03986523300409317
13 39 0 8  0.03349518030881882
13 40 0 8  0.010312174446880817
13 41 0 8  0.008731549605727196
13 42 0 8  0.004779588431119919
13 43 0 8  0.005065660458058119
13 44 0 8  0.005558923352509737
13 45 0 8  0.004793831612914801
13 46 0 8  0.009693734347820282
13 47 0 8  0.008319352753460407
13 48 0 8  0.008877277374267578
13 49 0 8  0.008131063543260098
13 50 0 8  0.006993704475462437
13 51 0 8  0.009435098618268967
13 52 0 8  0.0038983039557933807
13 53 0 8  0.015601102262735367
13 54 0 8  0.012769496999680996
13 55 0 8  0.0099166976287961
13 56 0 8  0.009992902167141438
14 16 0 8  0.6622145175933838
14 17 0 8  0.702810525894165
14 18 0 8  0.8086689710617065
14 19 0 8  0.004500741139054298
14 20 0 8  0.0036481772549450397
14 21 0 8  0.002545627299696207
14 22 0 8  0.0023857250344008207
14 23 0 8  0.0025611338205635548
14 24 0 8  0.0022053266875445843
14 25 0 8  0.0024804756976664066
14 26 0 8  0.0029694787226617336
14 27 0 8  0.00246313470415771
14 28 0 8  0.0025229211896657944
14 29 0 8  0.005878856405615807
14 30 0 8  0.00819461140781641
14 31 0 8  0.0025877919979393482
14 32 0 8  0.0037048859521746635
14 33 0 8  0.035361066460609436
14 34 0 8  0.024371512234210968
14 35 0 8  0.0028388078790158033
14 36 0 8  0.015547316521406174
14 37 0 8  0.08990424126386642
14 38 0 8  0.06429063528776169
14 39 0 8  0.0644090473651886
14 40 0 8  0.016654573380947113
14 41 0 8  0.01966068707406521
14 42 0 8  0.005497529171407223
14 43 0 8  0.015190618112683296
14 44 0 8  0.0063631231896579266
14 45 0 8  0.00778499711304903
14 46 0 8  0.01193813793361187
14 47 0 8  0.009365508332848549
14 48 0 8  0.009429615922272205
14 49 0 8  0.010843679308891296
14 50 0 8  0.011161225847899914
14 51 0 8  0.011624978855252266
14 52 0 8  0.009243708103895187
14 53 0 8  0.022777128964662552
14 54 0 8  0.01964966207742691
14 55 0 8  0.013600035570561886
14 56 0 8  0.009109191596508026
15 17 0 8  0.6297194361686707
15 18 0 8  0.7359217405319214
15 19 0 8  0.8506113290786743
15 20 0 8  0.005347097292542458
15 21 0 8  0.0026777898892760277
15 22 0 8  0.0022540385834872723
15 23 0 8  0.0027516107074916363
15 24 0 8  0.002247510477900505
15 25 0 8  0.002513717394322157
15 26 0 8  0.0028399545699357986
15 27 0 8  0.0025233502965420485
15 28 0 8  0.002571054734289646
15 29 0 8  0.004964982159435749
15 30 0 8  0.005729096010327339
15 31 0 8  0.0024402590934187174
15 32 0 8  0.002949207555502653
15 33 0 8  0.014376649633049965
15 34 0 8  0.0047378018498420715
15 35 0 8  0.0024466649629175663
15 36 0 8  0.004359197337180376
15 37 0 8  0.014013991691172123
15 38 0 8  0.010745344683527946
15 39 0 8  0.014420554041862488
15 40 0 8  0.005787876900285482
15 41 0 8  0.008357115089893341
15 42 0 8  0.005160222761332989
15 43 0 8  0.010626534931361675
15 44 0 8  0.006538706365972757
15 45 0 8  0.006519358605146408
15 46 0 8  0.01789628155529499
15 47 0 8  0.008465848863124847
15 48 0 8  0.00976308062672615
15 49 0 8  0.0130152041092515
15 50 0 8  0.010155800729990005
15 51 0 8  0.021369194611907005
15 52 0 8  0.010390209034085274
15 53 0 8  0.03974507749080658
15 54 0 8  0.028158295899629593
15 55 0 8  0.02291249856352806
15 56 0 8  0.009252553805708885
16 18 0 8  0.6366077065467834
16 19 0 8  0.6837802529335022
16 20 0 8  0.9072955846786499
16 21 0 8  0.006534776650369167
16 22 0 8  0.00292939692735672
16 23 0 8  0.0034058091696351767
16 24 0 8  0.002477349480614066
16 25 0 8  0.003779445542022586
16 26 0 8  0.008272536098957062
16 27 0 8  0.0029454780742526054
16 28 0 8  0.0030303634703159332
16 29 0 8  0.031747810542583466
16 30 0 8  0.056297704577445984
16 31 0 8  0.002717175055295229
16 32 0 8  0.004570700228214264
16 33 0 8  0.1986360102891922
16 34 0 8  0.03727800399065018
16 35 0 8  0.0027274165768176317
16 36 0 8  0.018323907628655434
16 37 0 8  0.054468877613544464
16 38 0 8  0.015045535750687122
16 39 0 8  0.029486313462257385
16 40 0 8  0.007396127562969923
16 41 0 8  0.019068120047450066
16 42 0 8  0.005197959486395121
16 43 0 8  0.032277509570121765
16 44 0 8  0.0049585564993321896
16 45 0 8  0.01582731306552887
16 46 0 8  0.013432485051453114
16 47 0 8  0.011732753366231918
16 48 0 8  0.012775425799190998
16 49 0 8  0.018856529146432877
16 50 0 8  0.032628513872623444
16 51 0 8  0.0329560823738575
16 52 0 8  0.0577637255191803
16 53 0 8  0.04300076887011528
16 54 0 8  0.05582922697067261
16 55 0 8  0.015450293198227882
16 56 0 8  0.010650246404111385
17 19 0 8  0.6048634052276611
17 20 0 8  0.7105094790458679
17 21 0 8  0.8643043041229248
17 22 0 8  0.004468873143196106
17 23 0 8  0.004262411966919899
17 24 0 8  0.0025612772442400455
17 25 0 8  0.009185846894979477
17 26 0 8  0.042202193289995193
17 27 0 8  0.0030968592036515474
17 28 0 8  0.0028130062855780125
17 29 0 8  0.029186947271227837
17 30 0 8  0.02428000047802925
17 31 0 8  0.0026182993315160275
17 32 0 8  0.0033526592887938023
17 33 0 8  0.039960093796253204
17 34 0 8  0.003371183294802904
17 35 0 8  0.0025421176105737686
17 36 0 8  0.003153325291350484
17 37 0 8  0.0035750949755311012
17 38 0 8  0.0038876193575561047
17 39 0 8  0.005204393994063139
17 40 0 8  0.0031504170037806034
17 41 0 8  0.004003743641078472
17 42 0 8  0.004416631534695625
17 43 0 8  0.008593793958425522
17 44 0 8  0.0052284668199718
17 45 0 8  0.014707795344293118
17 46 0 8  0.028771378099918365
17 47 0 8  0.010452156886458397
17 48 0 8  0.019999686628580093
17 49 0 8  0.04234275594353676
17 50 0 8  0.041098013520240784
17 51 0 8  0.07541720569133759
17 52 0 8  0.07125586271286011
17 53 0 8  0.04118386283516884
17 54 0 8  0.03989151120185852
17 55 0 8  0.015404028818011284
17 56 0 8  0.006492478772997856
18 20 0 8  0.6029989719390869
18 21 0 8  0.6566072106361389
18 22 0 8  0.8248128890991211
18 23 0 8  0.02070172131061554
18 24 0 8  0.002904803492128849
18 25 0 8  0.05086014047265053
18 26 0 8  0.1489247977733612
18 27 0 8  0.004009498283267021
18 28 0 8  0.003356661880388856
18 29 0 8  0.3128109574317932
18 30 0 8  0.1775444746017456
18 31 0 8  0.0028565963730216026
18 32 0 8  0.00735814031213522
18 33 0 8  0.22293636202812195
18 34 0 8  0.00539783202111721
18 35 0 8  0.0023048967123031616
18 36 0 8  0.0029567377641797066
18 37 0 8  0.003560103243216872
18 38 0 8  0.0030342191457748413
18 39 0 8  0.0039059054106473923
18 40 0 8  0.0028726919554173946
18 41 0 8  0.0037902879994362593
18 42 0 8  0.0032452656887471676
18 43 0 8  0.010417589917778969
18 44 0 8  0.0034278561361134052
18 45 0 8  0.02188340574502945
18 46 0 8  0.00819374155253172
18 47 0 8  0.009243402630090714
18 48 0 8  0.011752929538488388
18 49 0 8  0.02828112617135048
18 50 0 8  0.047069840133190155
18 51 0 8  0.07261018455028534
18 52 0 8  0.12083964794874191
18 53 0 8  0.030503980815410614
18 54 0 8  0.039848923683166504
18 55 0 8  0.005933222360908985
18 56 0 8  0.0053258128464221954
19 21 0 8  0.5942848324775696
19 22 0 8  0.6437059640884399
19 23 0 8  0.7940042018890381
19 24 0 8  0.004124793689697981
19 25 0 8  0.03976242244243622
19 26 0 8  0.04499250277876854
19 27 0 8  0.0032348507083952427
19 28 0 8  0.003271684516221285
19 29 0 8  0.060716018080711365
19 30 0 8  0.004339014180004597
19 31 0 8  0.0024988774675875902
19 32 0 8  0.0029554031789302826
19 33 0 8  0.006662960164248943
19 34 0 8  0.0022241943515837193
19 35 0 8  0.002228290308266878
19 36 0 8  0.0026148022152483463
19 37 0 8  0.0024561926256865263
19 38 0 8  0.0026761596091091633
19 39 0 8  0.0027990182861685753
19 40 0 8  0.0026796881575137377
19 41 0 8  0.002805301221087575
19 42 0 8  0.003098157700151205
19 43 0 8  0.004101581871509552
19 44 0 8  0.003522626357153058
19 45 0 8  0.019794179126620293
19 46 0 8  0.021788112819194794
19 47 0 8  0.015897676348686218
19 48 0 8  0.022959351539611816
19 49 0 8  0.06543626636266708
19 50 0 8  0.07633496820926666
19 51 0 8  0.060181181877851486
19 52 0 8  0.06497638672590256
19 53 0 8  0.011818393133580685
19 54 0 8  0.013735229149460793
19 55 0 8  0.006647411733865738
19 56 0 8  0.005976914428174496
20 22 0 8  0.5973688960075378
20 23 0 8  0.6707265377044678
20 24 0 8  0.9226774573326111
20 25 0 8  0.764437198638916
20 26 0 8  0.8607536554336548
20 27 0 8  0.012734584510326385
20 28 0 8  0.03013044409453869
20 29 0 8  0.7805284261703491
20 30 0 8  0.15484604239463806
20 31 0 8  0.002786588855087757
20 32 0 8  0.004583335015922785
20 33 0 8  0.022935381159186363
20 34 0 8  0.002735620830208063
20 35 0 8  0.002408189233392477
20 36 0 8  0.0025278860703110695
20 37 0 8  0.0026704147458076477
20 38 0 8  0.003015624824911356
20 39 0 8  0.0032235770486295223
20 40 0 8  0.0026428501587361097
20 41 0 8  0.00320754898712039
20 42 0 8  0.002878038212656975
20 43 0 8  0.008691081777215004
20 44 0 8  0.0033699870109558105
20 45 0 8  0.03808031976222992
20 46 0 8  0.00905209593474865
20 47 0 8  0.010932648554444313
20 48 0 8  0.018833771347999573
20 49 0 8  0.04842150956392288
20 50 0 8  0.11484409868717194
20 51 0 8  0.05329827964305878
20 52 0 8  0.12851102650165558
20 53 0 8  0.008849963545799255
20 54 0 8  0.02619405835866928
20 55 0 8  0.005090596154332161
20 56 0 8  0.004360387101769447
21 23 0 8  0.598241925239563
21 24 0 8  0.6633116602897644
21 25 0 8  0.9825300574302673
21 26 0 8  0.41097527742385864
21 27 0 8  0.006341247819364071
21 28 0 8  0.005415626801550388
21 29 0 8  0.10459145903587341
21 30 0 8  0.004465422127395868
21 31 0 8  0.002600986510515213
21 32 0 8  0.0027689365670084953
21 33 0 8  0.0032765460200607777
21 34 0 8  0.0024057202972471714
21 35 0 8  0.0022943324875086546
21 36 0 8  0.0024667084217071533
21 37 0 8  0.0026182783767580986
21 38 0 8  0.0030253054574131966
21 39 0 8  0.003038115333765745
21 40 0 8  0.0026032356545329094
21 41 0 8  0.0032238271087408066
21 42 0 8  0.002762608230113983
21 43 0 8  0.004363566637039185
21 44 0 8  0.003210328985005617
21 45 0 8  0.03429940342903137
21 46 0 8  0.010983211919665337
21 47 0 8  0.01581820659339428
21 48 0 8  0.024817943572998047
21 49 0 8  0.03900514543056488
21 50 0 8  0.06829924881458282
21 51 0 8  0.01359547208994627
21 52 0 8  0.03660668060183525
21 53 0 8  0.005232262425124645
21 54 0 8  0.013369902037084103
21 55 0 8  0.004162113182246685
21 56 0 8  0.004031049553304911
22 24 0 8  0.5991832613945007
22 25 0 8  0.7473734617233276
22 26 0 8  0.9638667106628418
22 27 0 8  0.008109137415885925
22 28 0 8  0.003257930278778076
22 29 0 8  0.011316414922475815
22 30 0 8  0.0027766006533056498
22 31 0 8  0.0023757615126669407
22 32 0 8  0.00234697456471622
22 33 0 8  0.0023670345544815063
22 34 0 8  0.0022730391938239336
22 35 0 8  0.0022930654231458902
22 36 0 8  0.0023242849856615067
22 37 0 8  0.0023852121084928513
22 38 0 8  0.002359183505177498
22 39 0 8  0.002495480701327324
22 40 0 8  0.002215858083218336
22 41 0 8  0.00256551755592227
22 42 0 8  0.002233123406767845
22 43 0 8  0.002770819701254368
22 44 0 8  0.00226771691814065
22 45 0 8  0.006814897991716862
22 46 0 8  0.004224054515361786
22 47 0 8  0.007956788875162601
22 48 0 8  0.009342556819319725
22 49 0 8  0.009204204194247723
22 50 0 8  0.021046897396445274
22 51 0 8  0.004454780835658312
22 52 0 8  0.006879170425236225
22 53 0 8  0.0031722579151391983
22 54 0 8  0.006087134592235088
22 55 0 8  0.0034083700738847256
22 56 0 8  0.0033157907892018557
23 25 0 8  0.5959368944168091
23 26 0 8  0.6007859706878662
23 27 0 8  0.907092809677124
23 28 0 8  0.004742148332297802
23 29 0 8  0.0046422770246863365
23 30 0 8  0.0029691075906157494
23 31 0 8  0.002797810360789299
23 32 0 8  0.0027422751300036907
23 33 0 8  0.002871347591280937
23 34 0 8  0.0025650793686509132
23 35 0 8  0.002510113175958395
23 36 0 8  0.0023820765782147646
23 37 0 8  0.002283853478729725
23 38 0 8  0.0023605171591043472
23 39 0 8  0.0026335795409977436
23 40 0 8  0.00236025033518672
23 41 0 8  0.003250523703172803
23 42 0 8  0.002851337194442749
23 43 0 8  0.006675128825008869
23 44 0 8  0.004485517740249634
23 45 0 8  0.1934557557106018
23 46 0 8  0.039556339383125305
23 47 0 8  0.04061490297317505
23 48 0 8  0.044695597141981125
23 49 0 8  0.058540526777505875
23 50 0 8  0.23742647469043732
23 51 0 8  0.012192796915769577
23 52 0 8  0.06584173440933228
23 53 0 8  0.005496253725141287
23 54 0 8  0.01752876117825508
23 55 0 8  0.00467923516407609
23 56 0 8  0.003920652437955141
24 26 0 8  0.5952208638191223
24 27 0 8  0.5985726118087769
24 28 0 8  0.8041091561317444
24 29 0 8  0.0062963273376226425
24 30 0 8  0.002410108922049403
24 31 0 8  0.0022692375350743532
24 32 0 8  0.002607888774946332
24 33 0 8  0.00262641254812479
24 34 0 8  0.002294558100402355
24 35 0 8  0.0021640858612954617
24 36 0 8  0.002114072209224105
24 37 0 8  0.0021555041894316673
24 38 0 8  0.002177831716835499
24 39 0 8  0.0023213340900838375
24 40 0 8  0.002155451802536845
24 41 0 8  0.0024645430967211723
24 42 0 8  0.0022116985637694597
24 43 0 8  0.0026793600991368294
24 44 0 8  0.0023175517562776804
24 45 0 8  0.005832659546285868
24 46 0 8  0.0028501618653535843
24 47 0 8  0.0032675531692802906
24 48 0 8  0.003091685473918915
24 49 0 8  0.0028962669894099236
24 50 0 8  0.00783773697912693
24 51 0 8  0.0026038954965770245
24 52 0 8  0.004591763019561768
24 53 0 8  0.0025662598200142384
24 54 0 8  0.0033514571841806173
24 55 0 8  0.002607341855764389
24 56 0 8  0.0024577255826443434
25 27 0 8  0.5960965156555176
25 28 0 8  0.5985525846481323
25 29 0 8  0.8725653290748596
25 30 0 8  0.0038676445838063955
25 31 0 8  0.002427986590191722
25 32 0 8  0.002151294145733118
25 33 0 8  0.00278464681468904
25 34 0 8  0.00247306190431118
25 35 0 8  0.0021362509578466415
25 36 0 8  0.002126880921423435
25 37 0 8  0.0022984291426837444
25 38 0 8  0.0022518469486385584
25 39 0 8  0.0024358006194233894
25 40 0 8  0.0021416964009404182
25 41 0 8  0.0024720467627048492
25 42 0 8  0.002169864485040307
25 43 0 8  0.0027258056215941906
25 44 0 8  0.0022964789532124996
25 45 0 8  0.0036219563335180283
25 46 0 8  0.0026176515966653824
25 47 0 8  0.0029415907338261604
25 48 0 8  0.003045250428840518
25 49 0 8  0.0027621129993349314
25 50 0 8  0.012106195092201233
25 51 0 8  0.0025261975824832916
25 52 0 8  0.011688889004290104
25 53 0 8  0.0022574029862880707
25 54 0 8  0.0046713687479496
25 55 0 8  0.002800164744257927
25 56 0 8  0.0026754685677587986
26 28 0 8  0.5958688259124756
26 29 0 8  0.6067970991134644
26 30 0 8  0.9147419929504395
26 31 0 8  0.004211307503283024
26 32 0 8  0.002512603998184204
26 33 0 8  0.003687287215143442
26 34 0 8  0.0030272980220615864
26 35 0 8  0.0025091771967709064
26 36 0 8  0.002187219215556979
26 37 0 8  0.002331199124455452
26 38 0 8  0.002267682459205389
26 39 0 8  0.003073084633797407
26 40 0 8  0.002367786131799221
26 41 0 8  0.003417660016566515
26 42 0 8  0.0024688509292900562
26 43 0 8  0.029430411756038666
26 44 0 8  0.0029228366911411285
26 45 0 8  0.16210630536079407
26 46 0 8  0.0064343661069869995
26 47 0 8  0.007028411142528057
26 48 0 8  0.007511598989367485
26 49 0 8  0.01616278663277626
26 50 0 8  0.32268890738487244
26 51 0 8  0.010563844814896584
26 52 0 8  0.26557818055152893
26 53 0 8  0.003812361741438508
26 54 0 8  0.032524000853300095
26 55 0 8  0.0031251665204763412
26 56 0 8  0.0029110482428222895
27 29 0 8  0.5964198708534241
27 30 0 8  0.6097368001937866
27 31 0 8  0.9477640986442566
27 32 0 8  0.0030228563118726015
27 33 0 8  0.0025445418432354927
27 34 0 8  0.0024102807510644197
27 35 0 8  0.002453040797263384
27 36 0 8  0.0022775065153837204
27 37 0 8  0.002219555899500847
27 38 0 8  0.00230907229706645
27 39 0 8  0.0033490799833089113
27 40 0 8  0.003335864981636405
27 41 0 8  0.008989469148218632
27 42 0 8  0.005088872741907835
27 43 0 8  0.2516535222530365
27 44 0 8  0.01349442359060049
27 45 0 8  0.5440403819084167
27 46 0 8  0.01232161745429039
27 47 0 8  0.006143089383840561
27 48 0 8  0.006321366876363754
27 49 0 8  0.008649991825222969
27 50 0 8  0.1724368780851364
27 51 0 8  0.005144987255334854
27 52 0 8  0.10714296251535416
27 53 0 8  0.00684095686301589
27 54 0 8  0.02326778694987297
27 55 0 8  0.005217461846768856
27 56 0 8  0.004087981767952442
28 30 0 8  0.5983747243881226
28 31 0 8  0.6309286952018738
28 32 0 8  0.9421000480651855
28 33 0 8  0.0027598575688898563
28 34 0 8  0.002296645659953356
28 35 0 8  0.0023380573838949203
28 36 0 8  0.002462254371494055
28 37 0 8  0.002083702478557825
28 38 0 8  0.002259213710203767
28 39 0 8  0.0025494638830423355
28 40 0 8  0.0027258070185780525
28 41 0 8  0.0033505717292428017
28 42 0 8  0.0028662453405559063
28 43 0 8  0.004385763313621283
28 44 0 8  0.0026459561195224524
28 45 0 8  0.004958950914442539
28 46 0 8  0.0024801127146929502
28 47 0 8  0.0027761233504861593
28 48 0 8  0.0024638159666210413
28 49 0 8  0.002549567958340049
28 50 0 8  0.0030670701526105404
28 51 0 8  0.0022866125218570232
28 52 0 8  0.003424579044803977
28 53 0 8  0.0023325770162045956
28 54 0 8  0.0037701278924942017
28 55 0 8  0.0025665867142379284
28 56 0 8  0.003087369492277503
29 31 0 8  0.6279906630516052
29 32 0 8  0.7206323146820068
29 33 0 8  0.9119789004325867
29 34 0 8  0.003750008996576071
29 35 0 8  0.0020793830044567585
29 36 0 8  0.002216451335698366
29 37 0 8  0.0022512611467391253
29 38 0 8  0.0022561349906027317
29 39 0 8  0.0038490397855639458
29 40 0 8  0.002704356564208865
29 41 0 8  0.005040159448981285
29 42 0 8  0.0031686867587268353
29 43 0 8  0.00819503702223301
29 44 0 8  0.002807025099173188
29 45 0 8  0.006597437895834446
29 46 0 8  0.002599604893475771
29 47 0 8  0.0026058314833790064
29 48 0 8  0.0025643256958574057
29 49 0 8  0.002443710807710886
29 50 0 8  0.006487742066383362
29 51 0 8  0.0027160076424479485
29 52 0 8  0.07584923505783081
29 53 0 8  0.0024885335005819798
29 54 0 8  0.030294109135866165
29 55 0 8  0.002865761984139681
29 56 0 8  0.003254377283155918
30 32 0 8  0.6077622771263123
30 33 0 8  0.7566416263580322
30 34 0 8  0.9324457049369812
30 35 0 8  0.002480732277035713
30 36 0 8  0.0022886875085532665
30 37 0 8  0.0027795149944722652
30 38 0 8  0.003175274934619665
30 39 0 8  0.10169155895709991
30 40 0 8  0.009359108284115791
30 41 0 8  0.13070306181907654
30 42 0 8  0.00963490642607212
30 43 0 8  0.8043498992919922
30 44 0 8  0.012165607884526253
30 45 0 8  0.31325823068618774
30 46 0 8  0.005482919048517942
30 47 0 8  0.0032793842256069183
30 48 0 8  0.003544475417584181
30 49 0 8  0.00448786374181509
30 50 0 8  0.257845014333725
30 51 0 8  0.009555933997035027
30 52 0 8  0.8225253820419312
30 53 0 8  0.006294718012213707
30 54 0 8  0.1473352611064911
30 55 0 8  0.003527943044900894
30 56 0 8  0.003143307287245989
31 33 0 8  0.5952886939048767
31 34 0 8  0.5972461700439453
31 35 0 8  0.7058506011962891
31 36 0 8  0.0026067448779940605
31 37 0 8  0.002654938492923975
31 38 0 8  0.003551584668457508
31 39 0 8  0.02716153860092163
31 40 0 8  0.059783972799777985
31 41 0 8  0.1200946569442749
31 42 0 8  0.039074238389730453
31 43 0 8  0.6048523187637329
31 44 0 8  0.0059241438284516335
31 45 0 8  0.042046256363391876
31 46 0 8  0.002630679402500391
31 47 0 8  0.002418715041130781
31 48 0 8  0.002329968847334385
31 49 0 8  0.002372835762798786
31 50 0 8  0.005731392651796341
31 51 0 8  0.0024193115532398224
31 52 0 8  0.055740416049957275
31 53 0 8  0.0030408906750380993
31 54 0 8  0.02352888137102127
31 55 0 8  0.005951889790594578
31 56 0 8  0.005767498165369034
32 34 0 8  0.5955427289009094
32 35 0 8  0.5999802350997925
32 36 0 8  0.8560874462127686
32 37 0 8  0.005548136308789253
32 38 0 8  0.0042190589010715485
32 39 0 8  0.00390735175460577
32 40 0 8  0.003982776775956154
32 41 0 8  0.005452303681522608
32 42 0 8  0.003129372140392661
32 43 0 8  0.0033497377298772335
32 44 0 8  0.0025031669065356255
32 45 0 8  0.002754778601229191
32 46 0 8  0.002297110389918089
32 47 0 8  0.0020891036838293076
32 48 0 8  0.0024268003180623055
32 49 0 8  0.0022058221511542797
32 50 0 8  0.0026350272819399834
32 51 0 8  0.002516351640224457
32 52 0 8  0.003402954200282693
32 53 0 8  0.0021556508727371693
32 54 0 8  0.004449113737791777
32 55 0 8  0.002738847630098462
32 56 0 8  0.003109973855316639
33 35 0 8  0.5959727168083191
33 36 0 8  0.6029261350631714
33 37 0 8  0.9013921022415161
33 38 0 8  0.05333898589015007
33 39 0 8  0.5136930346488953
33 40 0 8  0.009704066440463066
33 41 0 8  0.03330208733677864
33 42 0 8  0.005079648457467556
33 43 0 8  0.08764158189296722
33 44 0 8  0.0029240604490041733
33 45 0 8  0.004327717237174511
33 46 0 8  0.002534677507355809
33 47 0 8  0.002340510254725814
33 48 0 8  0.002570428652688861
33 49 0 8  0.0023603197187185287
33 50 0 8  0.004258662927895784
33 51 0 8  0.0026183458976447582
33 52 0 8  0.22569918632507324
33 53 0 8  0.003345961682498455
33 54 0 8  0.2874636948108673
33 55 0 8  0.004683677107095718
33 56 0 8  0.005034091882407665
34 36 0 8  0.5969634056091309
34 37 0 8  0.6319890022277832
34 38 0 8  0.9739208221435547
34 39 0 8  0.9614025354385376
34 40 0 8  0.8665225505828857
34 41 0 8  0.7288801670074463
34 42 0 8  0.3047327399253845
34 43 0 8  0.8598085641860962
34 44 0 8  0.00696649169549346
34 45 0 8  0.009094130247831345
34 46 0 8  0.0026087267324328423
34 47 0 8  0.002263842150568962
34 48 0 8  0.002555098384618759
34 49 0 8  0.0023246323689818382
34 50 0 8  0.00881545152515173
34 51 0 8  0.0025016095023602247
34 52 0 8  0.4402930736541748
34 53 0 8  0.004807094112038612
34 54 0 8  0.4571080803871155
34 55 0 8  0.00900871679186821
34 56 0 8  0.007396157830953598
35 37 0 8  0.5982710719108582
35 38 0 8  0.8142848014831543
35 39 0 8  0.9909729957580566
35 40 0 8  0.6622501611709595
35 41 0 8  0.1253955215215683
35 42 0 8  0.03803116828203201
35 43 0 8  0.03118286281824112
35 44 0 8  0.002401845995336771
35 45 0 8  0.002438133582472801
35 46 0 8  0.0021694619208574295
35 47 0 8  0.0020260000601410866
35 48 0 8  0.0021510114893317223
35 49 0 8  0.0021247072145342827
35 50 0 8  0.0021689925342798233
35 51 0 8  0.00224694493226707
35 52 0 8  0.004814058542251587
35 53 0 8  0.0021170133259147406
35 54 0 8  0.011590181849896908
35 55 0 8  0.0033668074756860733
35 56 0 8  0.00708481902256608
36 38 0 8  0.7942087054252625
36 39 0 8  0.9872626066207886
36 40 0 8  0.9910888075828552
36 41 0 8  0.006456388160586357
36 42 0 8  0.0025784620083868504
36 43 0 8  0.0025372649542987347
36 44 0 8  0.0020880461670458317
36 45 0 8  0.0020621181465685368
36 46 0 8  0.0020403407979756594
36 47 0 8  0.0019574500620365143
36 48 0 8  0.0021155057474970818
36 49 0 8  0.0019502369686961174
36 50 0 8  0.002060058293864131
36 51 0 8  0.002331654541194439
36 52 0 8  0.002925788052380085
36 53 0 8  0.0023722806945443153
36 54 0 8  0.007027757819741964
36 55 0 8  0.003230627626180649
36 56 0 8  0.008998322300612926
37 39 0 8  0.7869805097579956
37 40 0 8  0.9877892136573792
37 41 0 8  0.9864664077758789
37 42 0 8  0.0065478612668812275
37 43 0 8  0.007364414632320404
37 44 0 8  0.00229330500587821
37 45 0 8  0.0028790668584406376
37 46 0 8  0.0021697392221540213
37 47 0 8  0.002001700224354863
37 48 0 8  0.0022189451847225428
37 49 0 8  0.0022439053282141685
37 50 0 8  0.002213376574218273
37 51 0 8  0.0022845882922410965
37 52 0 8  0.007508393377065659
37 53 0 8  0.00274102040566504
37 54 0 8  0.11455778032541275
37 55 0 8  0.008993946947157383
37 56 0 8  0.06985148787498474
38 40 0 8  0.7145653367042542
38 41 0 8  0.9789450168609619
38 42 0 8  0.9735597968101501
38 43 0 8  0.007142518647015095
38 44 0 8  0.002266819356009364
38 45 0 8  0.002472689375281334
38 46 0 8  0.0023054066114127636
38 47 0 8  0.0020017079077661037
38 48 0 8  0.0021894224919378757
38 49 0 8  0.002118509728461504
38 50 0 8  0.002316150814294815
38 51 0 8  0.0021548932418227196
38 52 0 8  0.004800567403435707
38 53 0 8  0.0028036385774612427
38 54 0 8  0.0760076493024826
38 55 0 8  0.02535652182996273
38 56 0 8  0.12036530673503876
39 41 0 8  0.8810006380081177
39 42 0 8  0.979071319103241
39 43 0 8  0.9876706600189209
39 44 0 8  0.0034797608386725187
39 45 0 8  0.0037547179963439703
39 46 0 8  0.002256824402138591
39 47 0 8  0.0022068999242037535
39 48 0 8  0.002216324210166931
39 49 0 8  0.0020454986952245235
39 50 0 8  0.0026762704364955425
39 51 0 8  0.002396230585873127
39 52 0 8  0.1022339016199112
39 53 0 8  0.00870384369045496
39 54 0 8  0.8597730398178101
39 55 0 8  0.47204914689064026
39 56 0 8  0.4171599745750427
40 42 0 8  0.667767345905304
40 43 0 8  0.7958649396896362
40 44 0 8  0.7141119241714478
40 45 0 8  0.0025283019058406353
40 46 0 8  0.0020342417992651463
40 47 0 8  0.0019262370187789202
40 48 0 8  0.002029361203312874
40 49 0 8  0.0019739510025829077
40 50 0 8  0.002263477537781
40 51 0 8  0.0026985150761902332
40 52 0 8  0.018725544214248657
40 53 0 8  0.021374568343162537
40 54 0 8  0.8388749361038208
40 55 0 8  0.7600061893463135
40 56 0 8  0.4649661183357239
41 43 0 8  0.6362338066101074
41 44 0 8  0.7099815607070923
41 45 0 8  0.7112302780151367
41 46 0 8  0.0022917112801223993
41 47 0 8  0.0021012749057263136
41 48 0 8  0.0020972227212041616
41 49 0 8  0.002193351509049535
41 50 0 8  0.0037796429824084044
41 51 0 8  0.006779265124350786
41 52 0 8  0.896843671798706
41 53 0 8  0.8769972324371338
41 54 0 8  0.9363707304000854
41 55 0 8  0.7940032482147217
41 56 0 8  0.07982826232910156
42 44 0 8  0.6005827188491821
42 45 0 8  0.6440659165382385
42 46 0 8  0.41982153058052063
42 47 0 8  0.0020100825931876898
42 48 0 8  0.00185256521217525
42 49 0 8  0.002268764656037092
42 50 0 8  0.004986378364264965
42 51 0 8  0.04945617541670799
42 52 0 8  0.8968884944915771
42 53 0 8  0.8482942581176758
42 54 0 8  0.34509503841400146
42 55 0 8  0.7527178525924683
42 56 0 8  0.06700120866298676
43 45 0 8  0.641054093837738
43 46 0 8  0.6196904182434082
43 47 0 8  0.5988483428955078
43 48 0 8  0.0035780861508101225
43 49 0 8  0.005063975695520639
43 50 0 8  0.8989835381507874
43 51 0 8  0.8941856026649475
43 52 0 8  0.9690333604812622
43 53 0 8  0.6442931890487671
43 54 0 8  0.053238868713378906
43 55 0 8  0.07917576283216476
43 56 0 8  0.004223966971039772
44 46 0 8  0.6448757648468018
44 47 0 8  0.6107833385467529
44 48 0 8  0.3623808026313782
44 49 0 8  0.02077193185687065
44 50 0 8  0.8831195831298828
44 51 0 8  0.876543402671814
44 52 0 8  0.48894304037094116
44 53 0 8  0.7833327651023865
44 54 0 8  0.056279778480529785
44 55 0 8  0.09297370910644531
44 56 0 8  0.007802346255630255
45 47 0 8  0.6813353300094604
45 48 0 8  0.9192193746566772
45 49 0 8  0.9647578001022339
45 50 0 8  0.9456037878990173
45 51 0 8  0.6379623413085938
45 52 0 8  0.08431347459554672
45 53 0 8  0.06895129382610321
45 54 0 8  0.0032222638837993145
45 55 0 8  0.0022735982201993465
45 56 0 8  0.001997646177187562
46 48 0 8  0.9615910053253174
46 49 0 8  0.9894221425056458
46 50 0 8  0.922242283821106
46 51 0 8  0.8597993850708008
46 52 0 8  0.07295425236225128
46 53 0 8  0.0834435373544693
46 54 0 8  0.002952578943222761
46 55 0 8  0.00244199950248003
46 56 0 8  0.0023850894067436457
47 49 0 8  0.967705488204956
47 50 0 8  0.6359599232673645
47 51 0 8  0.772142767906189
47 52 0 8  0.003713927697390318
47 53 0 8  0.003522894810885191
47 54 0 8  0.001758519560098648
47 55 0 8  0.0023850526195019484
47 56 0 8  0.0018581547774374485
48 50 0 8  0.6026051044464111
48 51 0 8  0.6708722710609436
48 52 0 8  0.50417560338974
48 53 0 8  0.002944936975836754
48 54 0 8  0.001789775094948709
48 55 0 8  0.002025867346674204
48 56 0 8  0.0019893315620720387
49 51 0 8  0.5986209511756897
49 52 0 8  0.5903640389442444
49 53 0 8  0.7353935241699219
49 54 0 8  0.002008788287639618
49 55 0 8  0.0022577056661248207
49 56 0 8  0.0022660985123366117
50 52 0 8  0.5891191363334656
50 53 0 8  0.5933641195297241
50 54 0 8  0.6023608446121216
50 55 0 8  0.0022065076045691967
50 56 0 8  0.0026851962320506573
51 53 0 8  0.5933963060379028
51 54 0 8  0.5927720665931702
51 55 0 8  0.611560046672821
51 56 0 8  0.0030748164281249046
52 54 0 8  0.5919426083564758
52 55 0 8  0.591671347618103
52 56 0 8  0.7222373485565186
53 55 0 8  0.5907953381538391
53 56 0 8  0.5924190282821655
54 56 0 8  0.588958203792572
