1   M C 101.3 -114.8  147.7  125.9  168.3  9.1 13.0 0.986 0.000 0.014
2   T C  74.1 -116.2  141.6  124.8 -154.1  8.6 16.6 0.608 0.001 0.391
3   Y E  36.3 -129.6  145.3  131.4 -173.6 18.9 15.9 0.133 0.000 0.867
4   K E  76.0 -117.8  135.9  123.9 -155.2  9.9 23.8 0.032 0.000 0.968
5   L E  12.0 -115.6  135.2  124.3 -163.1 23.2 19.0 0.015 0.000 0.985
6   I E  39.0 -112.9  128.8  120.2 -161.0 11.9 25.5 0.015 0.000 0.985
7   L E  26.9 -109.1  130.1  120.2 -160.3 19.1 19.1 0.067 0.000 0.933
8   N E  56.1 -101.5  117.4  113.5 -153.6 10.5 20.4 0.304 0.002 0.694
9   G C  20.2 -104.2  174.3  119.0 -169.5 14.9 14.9 0.749 0.027 0.224
10  K C 132.9  -77.2  -16.7  100.4  -82.3  4.9 17.2 0.879 0.024 0.097
11  T C  82.6  -97.1    7.1  104.9   41.7  4.9 16.3 0.907 0.015 0.077
12  L C  57.0  -92.5  129.0  115.3  143.2 15.0 11.5 0.794 0.020 0.186
13  K C 120.2 -109.8  132.4  118.0 -165.4  5.4 19.5 0.743 0.014 0.243
14  G E  31.5  147.1 -175.9  126.7   54.0  8.6 17.1 0.472 0.010 0.518
15  E E 107.3 -103.7  135.4  118.6  -89.9  7.5 18.6 0.356 0.016 0.628
16  T E  45.6 -119.6  144.2  125.8 -167.3 14.9 14.7 0.200 0.007 0.793
17  T E  71.9 -113.8  136.5  122.0 -154.4  8.2 19.1 0.149 0.006 0.846
18  T E  45.2 -126.6  143.8  127.8 -174.7 14.3 15.1 0.153 0.007 0.840
19  E E 116.7  -99.5  127.0  115.7 -138.7  5.2 22.5 0.224 0.012 0.764
20  A C  18.1  -91.4  134.4  117.3 -145.6 21.3 11.3 0.554 0.031 0.415
21  V C  89.3  -91.3  -27.1  100.1 -169.6  5.2 20.8 0.882 0.007 0.111
22  D C  64.7 -145.8  154.4  138.5    6.3  4.6 24.8 0.969 0.010 0.021
23  A H  33.9  -59.8  -37.0   91.3 -109.1 19.1 13.3 0.043 0.957 0.000
24  A H  66.4  -63.1  -39.6   91.7   54.4  3.9 20.9 0.024 0.976 0.000
25  T H  66.5  -67.2  -38.6   93.0   49.8  4.9 21.0 0.016 0.983 0.000
26  A H   9.1  -65.1  -42.2   93.6   51.0 20.8 15.6 0.004 0.996 0.000
27  E H  55.5  -62.3  -41.3   92.8   52.8 14.7 20.7 0.002 0.998 0.000
28  K H 120.2  -64.4  -39.6   91.3   49.8  2.2 24.6 0.002 0.998 0.000
29  V H  32.5  -66.7  -41.5   93.6   49.5 12.1 20.6 0.002 0.998 0.000
30  F H   9.4  -65.3  -42.5   94.0   50.1 24.0 17.0 0.002 0.998 0.000
31  K H  90.1  -63.9  -40.1   92.8   52.1 10.5 21.0 0.003 0.997 0.000
32  Q H 100.1  -65.9  -39.3   92.0   49.5  2.8 23.5 0.005 0.995 0.000
33  Y H  43.1  -67.8  -40.5   93.8   48.7 13.3 18.6 0.009 0.991 0.000
34  A H  12.8  -65.7  -40.5   93.6   50.5 19.7 14.3 0.015 0.985 0.000
35  N H  96.2  -66.6  -36.1   92.7   51.9  3.9 18.6 0.058 0.942 0.000
36  D H  96.6  -71.5  -30.3   92.7   49.6  2.5 18.3 0.188 0.812 0.001
37  N C  50.0  -96.0   -2.8   97.3   43.0 12.7 10.9 0.783 0.215 0.002
38  G C  54.3   77.5   14.8   95.7 -107.8  2.7 20.4 0.994 0.004 0.002
39  V C  26.0  -92.9  132.7  116.8  147.2 20.3 10.5 0.969 0.002 0.029
40  D C  96.4 -102.7  128.2  115.2 -159.2  4.7 20.5 0.901 0.013 0.086
41  G C  33.9  127.6 -172.0  126.7   48.1  6.7 17.4 0.795 0.054 0.151
42  E C 113.1 -100.7  130.3  117.2  -66.2  5.8 19.7 0.643 0.063 0.294
43  W E  43.5 -112.4  140.0  124.7 -163.3 20.7 12.3 0.448 0.034 0.518
44  T E  68.5 -126.3  144.3  127.9 -169.9  5.5 22.9 0.350 0.030 0.619
45  Y E  70.6 -102.8  133.5  119.4 -143.1 16.9 12.9 0.424 0.044 0.532
46  D C  61.5  -98.5  100.5  108.9 -159.1  8.4 16.7 0.823 0.016 0.161
47  D C 101.8  -67.2  -24.5   92.5 -158.0  5.1 13.1 0.864 0.111 0.025
48  A C  82.6  -73.4  -23.7   94.6   59.5  2.2 16.5 0.854 0.116 0.030
49  T C  63.1 -103.8   -5.6  104.4   33.8  7.4 15.6 0.808 0.091 0.101
50  K C  68.7 -101.8   99.0  112.4  156.2 14.4 15.2 0.717 0.030 0.253
51  T E  44.1 -121.4  146.7  129.3  142.7  9.1 21.7 0.277 0.008 0.715
52  F E  20.8 -127.9  144.3  130.9 -166.1 21.6 17.2 0.078 0.001 0.922
53  T E  64.6 -113.2  132.4  121.2 -154.2  6.9 25.5 0.092 0.001 0.907
54  V E  25.0 -111.3  133.3  122.5 -160.3 21.3 14.1 0.198 0.001 0.801
55  T C  68.8 -120.2  140.1  124.0 -169.1  6.3 20.0 0.526 0.004 0.470
56  E C 128.9  -94.0  130.7  114.5 -140.8  8.4 12.9 0.964 0.001 0.036
