1 3 0 8  0.8868750333786011
1 4 0 8  0.7309434413909912
1 5 0 8  0.5584051609039307
1 6 0 8  0.06099742278456688
1 7 0 8  0.014489701017737389
1 8 0 8  0.008997734636068344
1 9 0 8  0.010642874985933304
1 10 0 8  0.019563525915145874
1 11 0 8  0.02882414311170578
1 12 0 8  0.010794168338179588
1 13 0 8  0.004486859776079655
1 14 0 8  0.003912562504410744
1 15 0 8  0.03081750124692917
1 16 0 8  0.0062208399176597595
1 17 0 8  0.0035902794916182756
1 18 0 8  0.03709632158279419
1 19 0 8  0.18856573104858398
1 20 0 8  0.0075997887179255486
1 21 0 8  0.005997585132718086
1 22 0 8  0.1030750572681427
1 23 0 8  0.11199221014976501
1 24 0 8  0.01199851930141449
1 25 0 8  0.008565271273255348
1 26 0 8  0.00457986444234848
1 27 0 8  0.004122109618037939
1 28 0 8  0.003917405381798744
1 29 0 8  0.004903474822640419
1 30 0 8  0.005550622008740902
1 31 0 8  0.005173402838408947
1 32 0 8  0.006473586894571781
1 33 0 8  0.016219932585954666
1 34 0 8  0.027431070804595947
1 35 0 8  0.006440026685595512
1 36 0 8  0.006151262670755386
1 37 0 8  0.038345880806446075
1 38 0 8  0.015563198365271091
1 39 0 8  0.0042008571326732635
1 40 0 8  0.00779984425753355
1 41 0 8  0.016235118731856346
1 42 0 8  0.006874283775687218
1 43 0 8  0.005229441449046135
1 44 0 8  0.0071914177387952805
2 4 0 8  0.875809907913208
2 5 0 8  0.8786442279815674
2 6 0 8  0.7153133153915405
2 7 0 8  0.008804927580058575
2 8 0 8  0.006677813827991486
2 9 0 8  0.007364909164607525
2 10 0 8  0.022242268547415733
2 11 0 8  0.016239915043115616
2 12 0 8  0.0056867292150855064
2 13 0 8  0.0032202410511672497
2 14 0 8  0.003226952161639929
2 15 0 8  0.0063050780445337296
2 16 0 8  0.0030869110487401485
2 17 0 8  0.0028495993465185165
2 18 0 8  0.008382802829146385
2 19 0 8  0.05312255769968033
2 20 0 8  0.003851361572742462
2 21 0 8  0.004280968103557825
2 22 0 8  0.03808978945016861
2 23 0 8  0.08625037223100662
2 24 0 8  0.01010908279567957
2 25 0 8  0.006404342129826546
2 26 0 8  0.004319028928875923
2 27 0 8  0.0035678716376423836
2 28 0 8  0.0036377673968672752
2 29 0 8  0.0037134846206754446
2 30 0 8  0.0035343426279723644
2 31 0 8  0.0041091423481702805
2 32 0 8  0.004124545957893133
2 33 0 8  0.006690486334264278
2 34 0 8  0.01140960119664669
2 35 0 8  0.005210504867136478
2 36 0 8  0.004899210296571255
2 37 0 8  0.04214908927679062
2 38 0 8  0.013094088062644005
2 39 0 8  0.004641851410269737
2 40 0 8  0.007706573233008385
2 41 0 8  0.019760753959417343
2 42 0 8  0.008559221401810646
2 43 0 8  0.005945445038378239
2 44 0 8  0.0085335373878479
3 5 0 8  0.9101221561431885
3 6 0 8  0.9163663387298584
3 7 0 8  0.737557053565979
3 8 0 8  0.007707634475082159
3 9 0 8  0.004616208374500275
3 10 0 8  0.0053214747458696365
3 11 0 8  0.004635294899344444
3 12 0 8  0.003853056114166975
3 13 0 8  0.0026678775902837515
3 14 0 8  0.002653258852660656
3 15 0 8  0.00317399762570858
3 16 0 8  0.0023075647186487913
3 17 0 8  0.0024911551736295223
3 18 0 8  0.00395816657692194
3 19 0 8  0.007643477991223335
3 20 0 8  0.0033421062398701906
3 21 0 8  0.0034121787175536156
3 22 0 8  0.01480550691485405
3 23 0 8  0.02132224664092064
3 24 0 8  0.004050452262163162
3 25 0 8  0.003663696814328432
3 26 0 8  0.002757452428340912
3 27 0 8  0.002655668882653117
3 28 0 8  0.0027639062609523535
3 29 0 8  0.002495575463399291
3 30 0 8  0.0028229295276105404
3 31 0 8  0.0026254625990986824
3 32 0 8  0.002941195387393236
3 33 0 8  0.0030253299046307802
3 34 0 8  0.003968528937548399
3 35 0 8  0.0033213840797543526
3 36 0 8  0.003244156949222088
3 37 0 8  0.004781514406204224
3 38 0 8  0.004274762235581875
3 39 0 8  0.0033943792805075645
3 40 0 8  0.0036210936959832907
3 41 0 8  0.004632662516087294
3 42 0 8  0.004833838902413845
3 43 0 8  0.00391460070386529
3 44 0 8  0.0044998060911893845
4 6 0 8  0.9697520732879639
4 7 0 8  0.9472718834877014
4 8 0 8  0.833945631980896
4 9 0 8  0.06395646929740906
4 10 0 8  0.10045676678419113
4 11 0 8  0.14660944044589996
4 12 0 8  0.017404835671186447
4 13 0 8  0.0034654587507247925
4 14 0 8  0.006183947902172804
4 15 0 8  0.21471130847930908
4 16 0 8  0.005362518131732941
4 17 0 8  0.002933930605649948
4 18 0 8  0.05667944252490997
4 19 0 8  0.18933629989624023
4 20 0 8  0.00454358384013176
4 21 0 8  0.004068788606673479
4 22 0 8  0.0747927725315094
4 23 0 8  0.03810349851846695
4 24 0 8  0.004629556089639664
4 25 0 8  0.004305144306272268
4 26 0 8  0.002785890828818083
4 27 0 8  0.0027290848083794117
4 28 0 8  0.002945598214864731
4 29 0 8  0.0034511666744947433
4 30 0 8  0.0028308036271482706
4 31 0 8  0.0031689652241766453
4 32 0 8  0.0032241716980934143
4 33 0 8  0.003572134766727686
4 34 0 8  0.0057496484369039536
4 35 0 8  0.0033757900819182396
4 36 0 8  0.00302761048078537
4 37 0 8  0.006247926037758589
4 38 0 8  0.004987741820514202
4 39 0 8  0.0029373234137892723
4 40 0 8  0.0038096013013273478
4 41 0 8  0.005629619117826223
4 42 0 8  0.004376271739602089
4 43 0 8  0.003930138889700174
4 44 0 8  0.004331761505454779
5 7 0 8  0.926588773727417
5 8 0 8  0.9500619173049927
5 9 0 8  0.9264854192733765
5 10 0 8  0.5018326044082642
5 11 0 8  0.4803205728530884
5 12 0 8  0.02680514194071293
5 13 0 8  0.0032217148691415787
5 14 0 8  0.005236713215708733
5 15 0 8  0.21584516763687134
5 16 0 8  0.054841578006744385
5 17 0 8  0.002920303726568818
5 18 0 8  0.02052784338593483
5 19 0 8  0.5542339086532593
5 20 0 8  0.00808359682559967
5 21 0 8  0.0033122063614428043
5 22 0 8  0.027533121407032013
5 23 0 8  0.12350662052631378
5 24 0 8  0.004381533712148666
5 25 0 8  0.021965600550174713
5 26 0 8  0.003094154642894864
5 27 0 8  0.0034427018836140633
5 28 0 8  0.004632016643881798
5 29 0 8  0.004448979627341032
5 30 0 8  0.02755478210747242
5 31 0 8  0.005555170588195324
5 32 0 8  0.007159544620662928
5 33 0 8  0.015885083004832268
5 34 0 8  0.10118141025304794
5 35 0 8  0.006024163216352463
5 36 0 8  0.004795811139047146
5 37 0 8  0.07619564235210419
5 38 0 8  0.04406187683343887
5 39 0 8  0.005197037011384964
5 40 0 8  0.013498078100383282
5 41 0 8  0.1264137327671051
5 42 0 8  0.016483979299664497
5 43 0 8  0.009778608568012714
5 44 0 8  0.011709582060575485
6 8 0 8  0.9792577028274536
6 9 0 8  0.9692697525024414
6 10 0 8  0.9330775737762451
6 11 0 8  0.008569366298615932
6 12 0 8  0.003977946937084198
6 13 0 8  0.0023509059101343155
6 14 0 8  0.002868607174605131
6 15 0 8  0.00803694874048233
6 16 0 8  0.0029567594174295664
6 17 0 8  0.0027020431589335203
6 18 0 8  0.0062026092782616615
6 19 0 8  0.01439119502902031
6 20 0 8  0.0025534876622259617
6 21 0 8  0.0029760650359094143
6 22 0 8  0.02783362753689289
6 23 0 8  0.008539827540516853
6 24 0 8  0.003762177424505353
6 25 0 8  0.0035387491807341576
6 26 0 8  0.0023993151262402534
6 27 0 8  0.0027369011659175158
6 28 0 8  0.0027502744924277067
6 29 0 8  0.002482216339558363
6 30 0 8  0.002613353542983532
6 31 0 8  0.0028650998137891293
6 32 0 8  0.002703494857996702
6 33 0 8  0.002582554705440998
6 34 0 8  0.0063690319657325745
6 35 0 8  0.00275111710652709
6 36 0 8  0.0024350436870008707
6 37 0 8  0.00705315824598074
6 38 0 8  0.007087017875164747
6 39 0 8  0.0032751639373600483
6 40 0 8  0.0043126726523041725
6 41 0 8  0.023674041032791138
6 42 0 8  0.007683384697884321
6 43 0 8  0.008463186211884022
6 44 0 8  0.013085911981761456
7 9 0 8  0.9694624543190002
7 10 0 8  0.9347566366195679
7 11 0 8  0.7914018630981445
7 12 0 8  0.0047758822329342365
7 13 0 8  0.0025374991819262505
7 14 0 8  0.006211146712303162
7 15 0 8  0.0384560227394104
7 16 0 8  0.0034421137534081936
7 17 0 8  0.002680658595636487
7 18 0 8  0.009549405425786972
7 19 0 8  0.011941568925976753
7 20 0 8  0.002482923213392496
7 21 0 8  0.002432655543088913
7 22 0 8  0.008643816225230694
7 23 0 8  0.0037576030008494854
7 24 0 8  0.0033436869271099567
7 25 0 8  0.00314777297899127
7 26 0 8  0.0024367626756429672
7 27 0 8  0.002755463356152177
7 28 0 8  0.005965598858892918
7 29 0 8  0.002872331067919731
7 30 0 8  0.0035388341639190912
7 31 0 8  0.0030918524134904146
7 32 0 8  0.002829975448548794
7 33 0 8  0.002478303387761116
7 34 0 8  0.003208512905985117
7 35 0 8  0.0026933434419333935
7 36 0 8  0.002345504704862833
7 37 0 8  0.0031323833391070366
7 38 0 8  0.004322499968111515
7 39 0 8  0.00319477217271924
7 40 0 8  0.0046889036893844604
7 41 0 8  0.009621710516512394
7 42 0 8  0.007619948126375675
7 43 0 8  0.007797108963131905
7 44 0 8  0.009288082830607891
8 10 0 8  0.9666675329208374
8 11 0 8  0.9678417444229126
8 12 0 8  0.8123700618743896
8 13 0 8  0.0045424094423651695
8 14 0 8  0.023802703246474266
8 15 0 8  0.3124437928199768
8 16 0 8  0.01264234259724617
8 17 0 8  0.003469569841399789
8 18 0 8  0.02522219717502594
8 19 0 8  0.08517953008413315
8 20 0 8  0.0030781677924096584
8 21 0 8  0.002726523205637932
8 22 0 8  0.006892416626214981
8 23 0 8  0.00432133674621582
8 24 0 8  0.003205991815775633
8 25 0 8  0.00414141733199358
8 26 0 8  0.003023708239197731
8 27 0 8  0.0038689272478222847
8 28 0 8  0.004887922201305628
8 29 0 8  0.010078540071845055
8 30 0 8  0.004984875209629536
8 31 0 8  0.0064355176873505116
8 32 0 8  0.004390394780784845
8 33 0 8  0.0036519025452435017
8 34 0 8  0.010129289701581001
8 35 0 8  0.004344994202256203
8 36 0 8  0.0032740049064159393
8 37 0 8  0.008974610827863216
8 38 0 8  0.017973214387893677
8 39 0 8  0.006737514398992062
8 40 0 8  0.0201663039624691
8 41 0 8  0.09645923227071762
8 42 0 8  0.02664489671587944
8 43 0 8  0.021632660180330276
8 44 0 8  0.021818140521645546
9 11 0 8  0.9657772183418274
9 12 0 8  0.9468514919281006
9 13 0 8  0.48398759961128235
9 14 0 8  0.010166101157665253
9 15 0 8  0.0825253427028656
9 16 0 8  0.008953757584095001
9 17 0 8  0.0029348719399422407
9 18 0 8  0.005964009556919336
9 19 0 8  0.026863714680075645
9 20 0 8  0.0026309702079743147
9 21 0 8  0.0027065868489444256
9 22 0 8  0.004948126617819071
9 23 0 8  0.003533537033945322
9 24 0 8  0.0024570906534790993
9 25 0 8  0.003660718910396099
9 26 0 8  0.002797574270516634
9 27 0 8  0.0036447900347411633
9 28 0 8  0.00419106800109148
9 29 0 8  0.004954022821038961
9 30 0 8  0.004729298409074545
9 31 0 8  0.0076623475179076195
9 32 0 8  0.0038686124607920647
9 33 0 8  0.003547897096723318
9 34 0 8  0.022625161334872246
9 35 0 8  0.007387164980173111
9 36 0 8  0.0031965170055627823
9 37 0 8  0.027252525091171265
9 38 0 8  0.04360680282115936
9 39 0 8  0.01479092612862587
9 40 0 8  0.052041396498680115
9 41 0 8  0.166978120803833
9 42 0 8  0.0509725920855999
9 43 0 8  0.03248409926891327
9 44 0 8  0.029659220948815346
10 12 0 8  0.9717450737953186
10 13 0 8  0.8811166286468506
10 14 0 8  0.6225917935371399
10 15 0 8  0.17437008023262024
10 16 0 8  0.05827127769589424
10 17 0 8  0.002825614530593157
10 18 0 8  0.005784457549452782
10 19 0 8  0.07832518965005875
10 20 0 8  0.002894330769777298
10 21 0 8  0.0024845569860190153
10 22 0 8  0.0035228338092565536
10 23 0 8  0.003643772564828396
10 24 0 8  0.002658082637935877
10 25 0 8  0.008929455652832985
10 26 0 8  0.004018009640276432
10 27 0 8  0.030733255669474602
10 28 0 8  0.01014842838048935
10 29 0 8  0.022263025864958763
10 30 0 8  0.05869410187005997
10 31 0 8  0.3252547085285187
10 32 0 8  0.011532651260495186
10 33 0 8  0.006795196793973446
10 34 0 8  0.2867986261844635
10 35 0 8  0.04116680845618248
10 36 0 8  0.004893838427960873
10 37 0 8  0.06354139000177383
10 38 0 8  0.15414279699325562
10 39 0 8  0.08915488421916962
10 40 0 8  0.11472516506910324
10 41 0 8  0.17661765217781067
10 42 0 8  0.07419538497924805
10 43 0 8  0.050994597375392914
10 44 0 8  0.039681270718574524
11 13 0 8  0.923654317855835
11 14 0 8  0.8586660623550415
11 15 0 8  0.9661029577255249
11 16 0 8  0.9215351343154907
11 17 0 8  0.0032898751087486744
11 18 0 8  0.010042758658528328
11 19 0 8  0.680736243724823
11 20 0 8  0.0034660599194467068
11 21 0 8  0.00250433012843132
11 22 0 8  0.0029333450365811586
11 23 0 8  0.0036533502861857414
11 24 0 8  0.002484362106770277
11 25 0 8  0.005895182024687529
11 26 0 8  0.003074789885431528
11 27 0 8  0.06815491616725922
11 28 0 8  0.0066685457713902
11 29 0 8  0.009396626614034176
11 30 0 8  0.38215914368629456
11 31 0 8  0.6336109638214111
11 32 0 8  0.035505667328834534
11 33 0 8  0.01682385243475437
11 34 0 8  0.6004204154014587
11 35 0 8  0.042591392993927
11 36 0 8  0.007603648584336042
11 37 0 8  0.028494136407971382
11 38 0 8  0.1289387345314026
11 39 0 8  0.11479005217552185
11 40 0 8  0.03736346215009689
11 41 0 8  0.0462312251329422
11 42 0 8  0.029166199266910553
11 43 0 8  0.013886535540223122
11 44 0 8  0.013424379751086235
12 14 0 8  0.8401718139648438
12 15 0 8  0.928559422492981
12 16 0 8  0.8404141664505005
12 17 0 8  0.0040137688629329205
12 18 0 8  0.0030819792300462723
12 19 0 8  0.004666458815336227
12 20 0 8  0.0022906316444277763
12 21 0 8  0.0021682651713490486
12 22 0 8  0.0021856497041881084
12 23 0 8  0.002107479842379689
12 24 0 8  0.002285262104123831
12 25 0 8  0.0027623644564300776
12 26 0 8  0.0024476624093949795
12 27 0 8  0.007689500227570534
12 28 0 8  0.0029212140943855047
12 29 0 8  0.0033050887286663055
12 30 0 8  0.004395302850753069
12 31 0 8  0.02206464111804962
12 32 0 8  0.00917334109544754
12 33 0 8  0.003021595999598503
12 34 0 8  0.007990632206201553
12 35 0 8  0.0035928019788116217
12 36 0 8  0.0031431836541742086
12 37 0 8  0.004502607509493828
12 38 0 8  0.007786736357957125
12 39 0 8  0.030976317822933197
12 40 0 8  0.01061214879155159
12 41 0 8  0.009077711962163448
12 42 0 8  0.009454945102334023
12 43 0 8  0.00690068956464529
12 44 0 8  0.009279880672693253
13 15 0 8  0.8126444220542908
13 16 0 8  0.9398370981216431
13 17 0 8  0.7553427219390869
13 18 0 8  0.004861242137849331
13 19 0 8  0.004118497483432293
13 20 0 8  0.0024337260983884335
13 21 0 8  0.0024138344451785088
13 22 0 8  0.0024163969792425632
13 23 0 8  0.002189979190006852
13 24 0 8  0.0023686804343014956
13 25 0 8  0.002656110329553485
13 26 0 8  0.0026126918382942677
13 27 0 8  0.28082045912742615
13 28 0 8  0.008483592420816422
13 29 0 8  0.0035878964699804783
13 30 0 8  0.005451595410704613
13 31 0 8  0.04891103506088257
13 32 0 8  0.012470468878746033
13 33 0 8  0.0033468385227024555
13 34 0 8  0.0068884193897247314
13 35 0 8  0.004387279972434044
13 36 0 8  0.003407571464776993
13 37 0 8  0.004539319779723883
13 38 0 8  0.006177981849759817
13 39 0 8  0.037598997354507446
13 40 0 8  0.005502626299858093
13 41 0 8  0.004626473877578974
13 42 0 8  0.0052283750846982
13 43 0 8  0.004296031780540943
13 44 0 8  0.005906957201659679
14 16 0 8  0.688194751739502
14 17 0 8  0.8837621212005615
14 18 0 8  0.8999980688095093
14 19 0 8  0.0031996029429137707
14 20 0 8  0.0021359827369451523
14 21 0 8  0.002144897822290659
14 22 0 8  0.002884947694838047
14 23 0 8  0.0019140993244946003
14 24 0 8  0.0021289121359586716
14 25 0 8  0.002085465472191572
14 26 0 8  0.002257374580949545
14 27 0 8  0.002754190005362034
14 28 0 8  0.0022625052370131016
14 29 0 8  0.002563547110185027
14 30 0 8  0.0026960955001413822
14 31 0 8  0.0025926365051418543
14 32 0 8  0.002807596232742071
14 33 0 8  0.002406800165772438
14 34 0 8  0.002510429359972477
14 35 0 8  0.002211088314652443
14 36 0 8  0.002492506057024002
14 37 0 8  0.002709618303924799
14 38 0 8  0.0023923905100673437
14 39 0 8  0.003342393087223172
14 40 0 8  0.002896110061556101
14 41 0 8  0.002647753804922104
14 42 0 8  0.0029323305934667587
14 43 0 8  0.002832855796441436
14 44 0 8  0.003325546160340309
15 17 0 8  0.8831843137741089
15 18 0 8  0.8153101205825806
15 19 0 8  0.6921020150184631
15 20 0 8  0.0022243885323405266
15 21 0 8  0.002408637199550867
15 22 0 8  0.00238491827622056
15 23 0 8  0.0022189542651176453
15 24 0 8  0.0019387179054319859
15 25 0 8  0.002435822505503893
15 26 0 8  0.0020494027994573116
15 27 0 8  0.005436960142105818
15 28 0 8  0.0026238556019961834
15 29 0 8  0.0025439453311264515
15 30 0 8  0.017146820202469826
15 31 0 8  0.004077187739312649
15 32 0 8  0.0030379006639122963
15 33 0 8  0.0022904998622834682
15 34 0 8  0.00902159046381712
15 35 0 8  0.0021739050280302763
15 36 0 8  0.0025742927100509405
15 37 0 8  0.0027753482572734356
15 38 0 8  0.0028646793216466904
15 39 0 8  0.0033148666843771935
15 40 0 8  0.002788327867165208
15 41 0 8  0.0025681855622678995
15 42 0 8  0.0028140656650066376
15 43 0 8  0.00246980506926775
15 44 0 8  0.0026220940053462982
16 18 0 8  0.8207073211669922
16 19 0 8  0.8229855895042419
16 20 0 8  0.6346988081932068
16 21 0 8  0.0022980617359280586
16 22 0 8  0.002379058860242367
16 23 0 8  0.0026011886075139046
16 24 0 8  0.0021069543436169624
16 25 0 8  0.007151199504733086
16 26 0 8  0.0053011756390333176
16 27 0 8  0.988354504108429
16 28 0 8  0.033846694976091385
16 29 0 8  0.0059908353723585606
16 30 0 8  0.9843283891677856
16 31 0 8  0.7040679454803467
16 32 0 8  0.004270835779607296
16 33 0 8  0.004829203709959984
16 34 0 8  0.1410231590270996
16 35 0 8  0.0036660688929259777
16 36 0 8  0.003211809089407325
16 37 0 8  0.0029561498668044806
16 38 0 8  0.003217914840206504
16 39 0 8  0.005445525981485844
16 40 0 8  0.0028897046577185392
16 41 0 8  0.002741335891187191
16 42 0 8  0.002714127767831087
16 43 0 8  0.0023060902021825314
16 44 0 8  0.0024470030330121517
17 19 0 8  0.8644192814826965
17 20 0 8  0.7082180976867676
17 21 0 8  0.8351130485534668
17 22 0 8  0.003617442212998867
17 23 0 8  0.002609112299978733
17 24 0 8  0.0029724808409810066
17 25 0 8  0.007883502170443535
17 26 0 8  0.005422438029199839
17 27 0 8  0.7159150838851929
17 28 0 8  0.0028826245106756687
17 29 0 8  0.002493953099474311
17 30 0 8  0.03160056844353676
17 31 0 8  0.002698351629078388
17 32 0 8  0.002460805932059884
17 33 0 8  0.00203884020447731
17 34 0 8  0.0024347978178411722
17 35 0 8  0.001946797943674028
17 36 0 8  0.002437753602862358
17 37 0 8  0.002318337094038725
17 38 0 8  0.002150651067495346
17 39 0 8  0.0024802000261843204
17 40 0 8  0.0023818742483854294
17 41 0 8  0.002268522046506405
17 42 0 8  0.002434301655739546
17 43 0 8  0.0024153413251042366
17 44 0 8  0.0025298460386693478
18 20 0 8  0.8663482666015625
18 21 0 8  0.8258241415023804
18 22 0 8  0.9134563207626343
18 23 0 8  0.005667606368660927
18 24 0 8  0.0031849443912506104
18 25 0 8  0.0030998694710433483
18 26 0 8  0.0031668462324887514
18 27 0 8  0.0035201450809836388
18 28 0 8  0.00291728088632226
18 29 0 8  0.002787151839584112
18 30 0 8  0.0034025160130113363
18 31 0 8  0.002306112088263035
18 32 0 8  0.002516007050871849
18 33 0 8  0.002282101195305586
18 34 0 8  0.002762158866971731
18 35 0 8  0.002398963086307049
18 36 0 8  0.002555929124355316
18 37 0 8  0.002509270329028368
18 38 0 8  0.002272967714816332
18 39 0 8  0.002421218901872635
18 40 0 8  0.0024555413983762264
18 41 0 8  0.002247865777462721
18 42 0 8  0.002355980919674039
18 43 0 8  0.0022695467341691256
18 44 0 8  0.002254461869597435
19 21 0 8  0.911078691482544
19 22 0 8  0.9020606279373169
19 23 0 8  0.6822091341018677
19 24 0 8  0.004374646581709385
19 25 0 8  0.7010806798934937
19 26 0 8  0.005569737404584885
19 27 0 8  0.028132960200309753
19 28 0 8  0.0024229923728853464
19 29 0 8  0.0364353246986866
19 30 0 8  0.9946681261062622
19 31 0 8  0.004305807873606682
19 32 0 8  0.0028443289920687675
19 33 0 8  0.09703534841537476
19 34 0 8  0.1904422789812088
19 35 0 8  0.002717774361371994
19 36 0 8  0.0029330477118492126
19 37 0 8  0.003068957943469286
19 38 0 8  0.002871937118470669
19 39 0 8  0.0026851932052522898
19 40 0 8  0.0026062699034810066
19 41 0 8  0.0024175678845494986
19 42 0 8  0.0024659461341798306
19 43 0 8  0.002330583054572344
19 44 0 8  0.0023809587582945824
20 22 0 8  0.934849739074707
20 23 0 8  0.8838806748390198
20 24 0 8  0.9538769721984863
20 25 0 8  0.9944270253181458
20 26 0 8  0.9631855487823486
20 27 0 8  0.9828058481216431
20 28 0 8  0.0061370618641376495
20 29 0 8  0.7330695390701294
20 30 0 8  0.9877976179122925
20 31 0 8  0.005790982395410538
20 32 0 8  0.0030735768377780914
20 33 0 8  0.003109088633209467
20 34 0 8  0.0028087024111300707
20 35 0 8  0.0022180434316396713
20 36 0 8  0.002418250311166048
20 37 0 8  0.0022651618346571922
20 38 0 8  0.0023090674076229334
20 39 0 8  0.0024074753746390343
20 40 0 8  0.0025002420879900455
20 41 0 8  0.0023608854971826077
20 42 0 8  0.0024283253587782383
20 43 0 8  0.0023453573230654
20 44 0 8  0.002310143318027258
21 23 0 8  0.9355000257492065
21 24 0 8  0.8939316272735596
21 25 0 8  0.7691935300827026
21 26 0 8  0.011011289432644844
21 27 0 8  0.009521912783384323
21 28 0 8  0.002227119170129299
21 29 0 8  0.0023966911248862743
21 30 0 8  0.003511534072458744
21 31 0 8  0.0019577357452362776
21 32 0 8  0.0025240792892873287
21 33 0 8  0.002550269477069378
21 34 0 8  0.0022696121595799923
21 35 0 8  0.0023351970594376326
21 36 0 8  0.0023119733668863773
21 37 0 8  0.00225185789167881
21 38 0 8  0.002312151715159416
21 39 0 8  0.0022858744487166405
21 40 0 8  0.0024305752012878656
21 41 0 8  0.0023254076950252056
21 42 0 8  0.0024186319205909967
21 43 0 8  0.0024027633480727673
21 44 0 8  0.0023930282332003117
22 24 0 8  0.8963077068328857
22 25 0 8  0.6353861093521118
22 26 0 8  0.4122980237007141
22 27 0 8  0.0023264908231794834
22 28 0 8  0.001828894019126892
22 29 0 8  0.0022070896811783314
22 30 0 8  0.004771459847688675
22 31 0 8  0.0020500579848885536
22 32 0 8  0.0023729968816041946
22 33 0 8  0.0026117702946066856
22 34 0 8  0.0021436933893710375
22 35 0 8  0.002338211052119732
22 36 0 8  0.0023883068934082985
22 37 0 8  0.002189702121540904
22 38 0 8  0.0022965199314057827
22 39 0 8  0.0023097170051187277
22 40 0 8  0.0024291742593050003
22 41 0 8  0.0023933290503919125
22 42 0 8  0.002447959501296282
22 43 0 8  0.0023457929491996765
22 44 0 8  0.002365082735195756
23 25 0 8  0.9906039237976074
23 26 0 8  0.45867788791656494
23 27 0 8  0.2213243693113327
23 28 0 8  0.0025520632043480873
23 29 0 8  0.10716203600168228
23 30 0 8  0.835777759552002
23 31 0 8  0.0028009654488414526
23 32 0 8  0.002882747445255518
23 33 0 8  0.021133247762918472
23 34 0 8  0.0043331775814294815
23 35 0 8  0.002657187171280384
23 36 0 8  0.0026760906912386417
23 37 0 8  0.002819601446390152
23 38 0 8  0.002603387925773859
23 39 0 8  0.0025585093535482883
23 40 0 8  0.0029109143652021885
23 41 0 8  0.002628679620102048
23 42 0 8  0.0025855812709778547
23 43 0 8  0.002512700390070677
23 44 0 8  0.002535166684538126
24 26 0 8  0.8419890403747559
24 27 0 8  0.3002549111843109
24 28 0 8  0.189370796084404
24 29 0 8  0.00440916046500206
24 30 0 8  0.004102390259504318
24 31 0 8  0.002032903954386711
24 32 0 8  0.002181416377425194
24 33 0 8  0.002914722543209791
24 34 0 8  0.0018603771459311247
24 35 0 8  0.0022127674892544746
24 36 0 8  0.0025149271823465824
24 37 0 8  0.0020938825327903032
24 38 0 8  0.002205141820013523
24 39 0 8  0.0023205531761050224
24 40 0 8  0.002477215137332678
24 41 0 8  0.0023677065037190914
24 42 0 8  0.0025456708390265703
24 43 0 8  0.002516619861125946
24 44 0 8  0.002676015719771385
25 27 0 8  0.7669802308082581
25 28 0 8  0.40062567591667175
25 29 0 8  0.9637526869773865
25 30 0 8  0.9850727915763855
25 31 0 8  0.0028412321116775274
25 32 0 8  0.0034978119656443596
25 33 0 8  0.24318040907382965
25 34 0 8  0.003331162966787815
25 35 0 8  0.0026726610958576202
25 36 0 8  0.002511765342205763
25 37 0 8  0.0024058392737060785
25 38 0 8  0.002513536950573325
25 39 0 8  0.0025687660090625286
25 40 0 8  0.0026891203597187996
25 41 0 8  0.002430543303489685
25 42 0 8  0.0025351964868605137
25 43 0 8  0.0023770288098603487
25 44 0 8  0.00234210304915905
26 28 0 8  0.7135151028633118
26 29 0 8  0.763371467590332
26 30 0 8  0.20318713784217834
26 31 0 8  0.0028292308561503887
26 32 0 8  0.002627140376716852
26 33 0 8  0.0029090805910527706
26 34 0 8  0.0021913754753768444
26 35 0 8  0.0024327156133949757
26 36 0 8  0.0023047728464007378
26 37 0 8  0.0019866647198796272
26 38 0 8  0.0022839726880192757
26 39 0 8  0.002291626762598753
26 40 0 8  0.002398259472101927
26 41 0 8  0.0023052061442285776
26 42 0 8  0.00249185087159276
26 43 0 8  0.002381562255322933
26 44 0 8  0.002385989995673299
27 29 0 8  0.5188848972320557
27 30 0 8  0.24564482271671295
27 31 0 8  0.3083595037460327
27 32 0 8  0.0031750197522342205
27 33 0 8  0.0027400548569858074
27 34 0 8  0.0025021559558808804
27 35 0 8  0.002588374773040414
27 36 0 8  0.002560568507760763
27 37 0 8  0.0024674702435731888
27 38 0 8  0.00261329161003232
27 39 0 8  0.0026746795047074556
27 40 0 8  0.0025578425265848637
27 41 0 8  0.0024259486235678196
27 42 0 8  0.002443975303322077
27 43 0 8  0.0022693162318319082
27 44 0 8  0.002262439113110304
28 30 0 8  0.3911837339401245
28 31 0 8  0.6997083425521851
28 32 0 8  0.593114972114563
28 33 0 8  0.003414134494960308
28 34 0 8  0.0026389029808342457
28 35 0 8  0.0025889240205287933
28 36 0 8  0.0029609957709908485
28 37 0 8  0.002394296694546938
28 38 0 8  0.002514499705284834
28 39 0 8  0.0026992023922502995
28 40 0 8  0.002648161258548498
28 41 0 8  0.002534609753638506
28 42 0 8  0.0026267576031386852
28 43 0 8  0.002445952035486698
28 44 0 8  0.0024185786023736
29 31 0 8  0.8773422837257385
29 32 0 8  0.8959192633628845
29 33 0 8  0.9070983529090881
29 34 0 8  0.004051607102155685
29 35 0 8  0.002750138286501169
29 36 0 8  0.0027168425731360912
29 37 0 8  0.0026856153272092342
29 38 0 8  0.0029083923436701298
29 39 0 8  0.003335060551762581
29 40 0 8  0.0028694001957774162
29 41 0 8  0.0027494793757796288
29 42 0 8  0.0028503304347395897
29 43 0 8  0.0024927405174821615
29 44 0 8  0.002564432565122843
30 32 0 8  0.909155011177063
30 33 0 8  0.9484446048736572
30 34 0 8  0.8467549085617065
30 35 0 8  0.004427681677043438
30 36 0 8  0.004410356283187866
30 37 0 8  0.003105409676209092
30 38 0 8  0.003832664806395769
30 39 0 8  0.003784478409215808
30 40 0 8  0.0028617018833756447
30 41 0 8  0.0027429854962974787
30 42 0 8  0.0028381962329149246
30 43 0 8  0.0021997899748384953
30 44 0 8  0.0022741486318409443
31 33 0 8  0.9370260238647461
31 34 0 8  0.9404132962226868
31 35 0 8  0.9697878360748291
31 36 0 8  0.005649118684232235
31 37 0 8  0.003644038224592805
31 38 0 8  0.003917118534445763
31 39 0 8  0.006614432670176029
31 40 0 8  0.0037238970398902893
31 41 0 8  0.0028392181266099215
31 42 0 8  0.0031423894688487053
31 43 0 8  0.002624447224661708
31 44 0 8  0.0027684681117534637
32 34 0 8  0.9518271684646606
32 35 0 8  0.9764888286590576
32 36 0 8  0.9546357989311218
32 37 0 8  0.014380838721990585
32 38 0 8  0.011614587157964706
32 39 0 8  0.030683202669024467
32 40 0 8  0.0074424161575734615
32 41 0 8  0.003442075802013278
32 42 0 8  0.0034094532020390034
32 43 0 8  0.0029718135483562946
32 44 0 8  0.003119691042229533
33 35 0 8  0.9715678691864014
33 36 0 8  0.9521749019622803
33 37 0 8  0.944383978843689
33 38 0 8  0.02283472567796707
33 39 0 8  0.008255718275904655
33 40 0 8  0.004821379669010639
33 41 0 8  0.003193453187122941
33 42 0 8  0.0036488084588199854
33 43 0 8  0.0029693252872675657
33 44 0 8  0.003114828374236822
34 36 0 8  0.9681265354156494
34 37 0 8  0.943914532661438
34 38 0 8  0.9447841644287109
34 39 0 8  0.007767144124954939
34 40 0 8  0.003529846202582121
34 41 0 8  0.0027683954685926437
34 42 0 8  0.0035333673004060984
34 43 0 8  0.00299617787823081
34 44 0 8  0.0032307168003171682
35 37 0 8  0.9583059549331665
35 38 0 8  0.9476693868637085
35 39 0 8  0.9318255186080933
35 40 0 8  0.005650223698467016
35 41 0 8  0.003125940915197134
35 42 0 8  0.00476014195010066
35 43 0 8  0.004430470988154411
35 44 0 8  0.005565108731389046
36 38 0 8  0.9713598489761353
36 39 0 8  0.932445764541626
36 40 0 8  0.8424623012542725
36 41 0 8  0.004486276302486658
36 42 0 8  0.004773193970322609
36 43 0 8  0.005293476395308971
36 44 0 8  0.010420916602015495
37 39 0 8  0.9662284851074219
37 40 0 8  0.930073618888855
37 41 0 8  0.8830938339233398
37 42 0 8  0.0113295279443264
37 43 0 8  0.008341907523572445
37 44 0 8  0.020947126671671867
38 40 0 8  0.9613791108131409
38 41 0 8  0.938166618347168
38 42 0 8  0.7944496870040894
38 43 0 8  0.028279617428779602
38 44 0 8  0.03452783823013306
39 41 0 8  0.9600560665130615
39 42 0 8  0.9547860622406006
39 43 0 8  0.8682910203933716
39 44 0 8  0.08108639717102051
40 42 0 8  0.9764082431793213
40 43 0 8  0.9621930718421936
40 44 0 8  0.8039216995239258
41 43 0 8  0.975274920463562
41 44 0 8  0.958577036857605
42 44 0 8  0.9526211023330688
