16 27 0.323 0.002 0.174 0.147 0.057 0.027 0.028 0.070 0.141 0.147 0.206
17 27 0.282 0.001 0.203 0.077 0.042 0.025 0.031 0.085 0.145 0.147 0.243
2 37 0.221 0.005 0.091 0.125 0.056 0.054 0.059 0.081 0.112 0.127 0.290
9 41 0.167 0.005 0.079 0.082 0.038 0.040 0.050 0.089 0.150 0.181 0.286
8 15 0.156 0.001 0.091 0.065 0.034 0.040 0.064 0.143 0.140 0.119 0.304
5 41 0.153 0.001 0.031 0.121 0.127 0.103 0.077 0.076 0.087 0.095 0.282
4 15 0.139 0.001 0.016 0.122 0.075 0.034 0.034 0.075 0.100 0.097 0.445
15 27 0.133 0.000 0.028 0.104 0.122 0.093 0.073 0.088 0.123 0.118 0.250
17 26 0.117 0.000 0.030 0.087 0.067 0.045 0.052 0.091 0.180 0.178 0.270
3 41 0.108 0.001 0.032 0.074 0.097 0.114 0.094 0.097 0.097 0.087 0.306
7 15 0.103 0.001 0.044 0.058 0.049 0.054 0.072 0.140 0.139 0.102 0.342
16 31 0.094 0.001 0.037 0.056 0.060 0.056 0.052 0.066 0.102 0.156 0.415
1 37 0.093 0.001 0.026 0.065 0.093 0.097 0.086 0.097 0.098 0.082 0.354
18 27 0.092 0.001 0.036 0.056 0.089 0.082 0.076 0.111 0.130 0.124 0.297
3 40 0.091 0.002 0.047 0.042 0.082 0.104 0.119 0.138 0.116 0.092 0.259
8 41 0.088 0.001 0.022 0.065 0.073 0.071 0.077 0.110 0.140 0.130 0.311
16 26 0.085 0.001 0.032 0.052 0.051 0.046 0.063 0.124 0.169 0.180 0.283
2 40 0.082 0.002 0.032 0.048 0.089 0.117 0.122 0.134 0.104 0.070 0.283
4 41 0.081 0.001 0.019 0.061 0.110 0.112 0.102 0.081 0.069 0.075 0.369
16 28 0.075 0.000 0.030 0.044 0.083 0.071 0.059 0.105 0.153 0.168 0.286
7 41 0.074 0.000 0.018 0.055 0.092 0.099 0.096 0.107 0.099 0.093 0.341
15 22 0.073 0.000 0.012 0.060 0.079 0.071 0.059 0.064 0.069 0.088 0.497
3 37 0.072 0.002 0.031 0.039 0.060 0.061 0.073 0.128 0.125 0.117 0.364
2 41 0.070 0.001 0.021 0.049 0.075 0.103 0.138 0.149 0.108 0.071 0.285
17 28 0.068 0.000 0.029 0.039 0.045 0.030 0.040 0.099 0.141 0.210 0.367
14 27 0.063 0.001 0.017 0.045 0.107 0.104 0.079 0.080 0.091 0.108 0.369
16 29 0.059 0.000 0.011 0.047 0.099 0.085 0.070 0.080 0.097 0.115 0.396
16 30 0.056 0.000 0.014 0.042 0.089 0.085 0.068 0.090 0.116 0.112 0.384
8 14 0.055 0.000 0.017 0.038 0.039 0.047 0.070 0.139 0.175 0.117 0.358
9 42 0.054 0.001 0.024 0.029 0.063 0.056 0.056 0.117 0.151 0.162 0.340
9 39 0.054 0.001 0.016 0.038 0.072 0.087 0.086 0.098 0.118 0.134 0.352
14 22 0.053 0.000 0.011 0.042 0.074 0.088 0.080 0.092 0.100 0.092 0.421
13 27 0.053 0.000 0.012 0.040 0.056 0.063 0.069 0.077 0.096 0.158 0.428
3 42 0.052 0.001 0.019 0.031 0.054 0.084 0.099 0.114 0.122 0.120 0.354
17 25 0.051 0.000 0.012 0.039 0.118 0.114 0.086 0.096 0.117 0.119 0.299
14 21 0.051 0.000 0.010 0.040 0.062 0.068 0.075 0.099 0.094 0.100 0.450
13 39 0.051 0.001 0.034 0.015 0.021 0.024 0.035 0.063 0.106 0.151 0.549
33 39 0.050 0.001 0.016 0.033 0.058 0.060 0.060 0.085 0.113 0.128 0.445
32 39 0.050 0.001 0.021 0.027 0.043 0.045 0.051 0.068 0.097 0.128 0.517
6 41 0.049 0.001 0.015 0.033 0.073 0.103 0.121 0.108 0.103 0.105 0.338
5 40 0.048 0.001 0.014 0.034 0.094 0.149 0.154 0.126 0.087 0.072 0.270
4 37 0.048 0.001 0.021 0.026 0.056 0.080 0.108 0.124 0.118 0.091 0.375
9 40 0.047 0.001 0.012 0.035 0.074 0.069 0.063 0.087 0.132 0.146 0.380
10 41 0.047 0.001 0.017 0.030 0.049 0.061 0.060 0.125 0.169 0.198 0.292
4 18 0.046 0.000 0.008 0.038 0.070 0.086 0.118 0.138 0.122 0.088 0.331
15 21 0.045 0.000 0.008 0.037 0.066 0.091 0.075 0.083 0.086 0.086 0.468
9 15 0.045 0.000 0.014 0.031 0.047 0.063 0.084 0.129 0.154 0.119 0.359
4 40 0.044 0.000 0.013 0.031 0.063 0.092 0.131 0.160 0.133 0.093 0.283
2 39 0.044 0.000 0.012 0.031 0.070 0.103 0.111 0.135 0.117 0.091 0.329
16 25 0.042 0.000 0.008 0.034 0.065 0.086 0.096 0.113 0.153 0.153 0.292
6 15 0.042 0.000 0.005 0.037 0.080 0.129 0.155 0.133 0.080 0.062 0.318
25 31 0.041 0.000 0.011 0.029 0.060 0.085 0.096 0.124 0.129 0.106 0.359
4 17 0.038 0.000 0.010 0.029 0.062 0.117 0.172 0.161 0.083 0.044 0.323
2 42 0.038 0.000 0.012 0.026 0.056 0.074 0.096 0.128 0.121 0.106 0.383
1 40 0.038 0.001 0.012 0.025 0.045 0.067 0.099 0.126 0.111 0.081 0.433
5 42 0.036 0.000 0.015 0.021 0.061 0.111 0.136 0.139 0.128 0.103 0.285
3 39 0.036 0.000 0.011 0.025 0.042 0.068 0.092 0.141 0.144 0.113 0.364
4 16 0.036 0.001 0.023 0.012 0.033 0.094 0.131 0.133 0.096 0.083 0.394
2 36 0.035 0.000 0.010 0.025 0.044 0.064 0.065 0.089 0.118 0.124 0.461
19 27 0.035 0.000 0.011 0.024 0.060 0.100 0.102 0.101 0.094 0.099 0.410
15 28 0.034 0.000 0.006 0.028 0.062 0.061 0.064 0.081 0.090 0.118 0.489
5 37 0.034 0.001 0.014 0.019 0.060 0.096 0.126 0.137 0.116 0.088 0.343
2 38 0.033 0.000 0.009 0.024 0.076 0.089 0.070 0.116 0.147 0.122 0.348
16 22 0.033 0.000 0.008 0.024 0.055 0.101 0.095 0.098 0.103 0.100 0.415
15 31 0.032 0.000 0.009 0.023 0.042 0.049 0.047 0.070 0.108 0.144 0.507
18 26 0.032 0.000 0.012 0.020 0.062 0.098 0.117 0.145 0.145 0.123 0.278
8 42 0.032 0.000 0.006 0.026 0.044 0.054 0.062 0.105 0.142 0.156 0.405
3 38 0.031 0.001 0.013 0.018 0.046 0.045 0.071 0.137 0.189 0.154 0.326
31 39 0.031 0.001 0.014 0.015 0.036 0.039 0.044 0.058 0.083 0.119 0.590
34 40 0.030 0.001 0.010 0.020 0.036 0.054 0.068 0.099 0.128 0.133 0.453
1 7 0.030 0.000 0.009 0.020 0.043 0.065 0.061 0.067 0.070 0.082 0.583
7 14 0.030 0.000 0.007 0.022 0.026 0.034 0.052 0.171 0.166 0.129 0.392
1 38 0.030 0.000 0.011 0.019 0.039 0.064 0.081 0.103 0.117 0.112 0.455
4 42 0.028 0.000 0.008 0.020 0.045 0.062 0.078 0.132 0.127 0.101 0.427
14 31 0.027 0.000 0.008 0.019 0.043 0.050 0.056 0.074 0.093 0.126 0.531
1 41 0.027 0.001 0.009 0.018 0.043 0.077 0.114 0.143 0.144 0.090 0.362
35 41 0.026 0.000 0.007 0.019 0.041 0.057 0.065 0.090 0.121 0.142 0.458
17 29 0.026 0.000 0.010 0.015 0.043 0.059 0.054 0.074 0.111 0.133 0.501
8 40 0.026 0.001 0.006 0.018 0.039 0.056 0.073 0.125 0.124 0.139 0.418
8 16 0.025 0.000 0.013 0.012 0.019 0.024 0.047 0.128 0.169 0.141 0.447
1 39 0.025 0.000 0.008 0.017 0.042 0.077 0.097 0.119 0.116 0.092 0.433
17 24 0.024 0.000 0.004 0.020 0.060 0.093 0.089 0.084 0.078 0.066 0.504
4 19 0.024 0.000 0.012 0.011 0.029 0.051 0.076 0.139 0.156 0.104 0.422
10 40 0.023 0.000 0.006 0.017 0.033 0.062 0.073 0.110 0.142 0.180 0.377
5 15 0.023 0.000 0.008 0.015 0.062 0.149 0.103 0.116 0.104 0.080 0.363
11 41 0.023 0.000 0.006 0.017 0.046 0.081 0.109 0.151 0.177 0.165 0.247
5 39 0.022 0.000 0.006 0.016 0.058 0.087 0.110 0.123 0.118 0.103 0.378
33 40 0.022 0.001 0.008 0.014 0.028 0.036 0.051 0.087 0.113 0.140 0.522
18 25 0.022 0.000 0.004 0.017 0.059 0.096 0.101 0.118 0.115 0.105 0.385
8 39 0.021 0.001 0.006 0.014 0.031 0.052 0.070 0.106 0.129 0.137 0.456
7 16 0.021 0.000 0.006 0.014 0.027 0.032 0.053 0.139 0.193 0.141 0.395
3 43 0.021 0.000 0.006 0.014 0.037 0.072 0.101 0.118 0.135 0.117 0.400
4 39 0.020 0.000 0.007 0.013 0.031 0.059 0.078 0.109 0.138 0.132 0.434
1 36 0.020 0.000 0.008 0.012 0.021 0.041 0.073 0.114 0.110 0.104 0.517
12 41 0.020 0.000 0.005 0.014 0.043 0.080 0.112 0.135 0.147 0.146 0.317
14 28 0.020 0.000 0.005 0.014 0.046 0.068 0.064 0.089 0.096 0.102 0.515
20 27 0.020 0.000 0.005 0.015 0.047 0.087 0.101 0.105 0.109 0.103 0.428
9 43 0.019 0.000 0.004 0.015 0.042 0.066 0.066 0.096 0.134 0.130 0.447
34 42 0.019 0.000 0.005 0.013 0.032 0.049 0.069 0.096 0.125 0.134 0.476
1 42 0.018 0.000 0.006 0.013 0.027 0.054 0.086 0.111 0.120 0.112 0.471
7 40 0.018 0.000 0.006 0.012 0.041 0.075 0.095 0.130 0.145 0.130 0.366
24 30 0.018 0.000 0.005 0.013 0.038 0.056 0.073 0.099 0.118 0.123 0.474
13 21 0.018 0.000 0.003 0.015 0.045 0.067 0.083 0.105 0.131 0.134 0.418
18 24 0.018 0.000 0.003 0.015 0.039 0.058 0.078 0.124 0.133 0.103 0.447
26 41 0.017 0.000 0.005 0.013 0.029 0.047 0.057 0.071 0.105 0.153 0.522
32 38 0.017 0.000 0.004 0.013 0.029 0.044 0.060 0.080 0.103 0.133 0.534
35 42 0.017 0.000 0.004 0.013 0.037 0.057 0.066 0.082 0.103 0.123 0.514
2 43 0.017 0.000 0.005 0.012 0.034 0.070 0.084 0.104 0.117 0.128 0.446
12 39 0.017 0.000 0.005 0.011 0.035 0.038 0.052 0.082 0.131 0.173 0.473
10 39 0.016 0.000 0.004 0.012 0.036 0.054 0.066 0.096 0.122 0.158 0.451
7 42 0.016 0.000 0.004 0.012 0.041 0.078 0.090 0.119 0.146 0.151 0.358
35 43 0.016 0.000 0.004 0.012 0.026 0.045 0.058 0.078 0.096 0.109 0.571
34 41 0.016 0.000 0.004 0.012 0.027 0.048 0.068 0.109 0.149 0.145 0.438
32 40 0.016 0.000 0.005 0.011 0.024 0.033 0.041 0.068 0.113 0.150 0.554
16 24 0.016 0.000 0.003 0.013 0.057 0.103 0.123 0.110 0.089 0.078 0.424
14 24 0.016 0.000 0.003 0.012 0.026 0.046 0.075 0.117 0.136 0.124 0.460
15 30 0.015 0.000 0.004 0.012 0.026 0.048 0.058 0.099 0.119 0.126 0.509
36 42 0.015 0.000 0.004 0.011 0.025 0.049 0.068 0.100 0.111 0.119 0.512
15 26 0.015 0.000 0.004 0.011 0.027 0.043 0.069 0.112 0.148 0.172 0.413
3 18 0.015 0.000 0.003 0.012 0.037 0.080 0.108 0.131 0.130 0.109 0.390
15 29 0.015 0.000 0.003 0.011 0.037 0.064 0.096 0.089 0.093 0.100 0.506
34 43 0.015 0.000 0.005 0.009 0.020 0.026 0.040 0.063 0.097 0.133 0.607
33 42 0.015 0.000 0.004 0.010 0.028 0.045 0.059 0.087 0.120 0.144 0.502
3 44 0.015 0.000 0.005 0.010 0.024 0.051 0.083 0.102 0.108 0.112 0.506
6 40 0.014 0.000 0.004 0.010 0.030 0.062 0.091 0.145 0.154 0.111 0.393
4 11 0.014 0.000 0.006 0.008 0.028 0.055 0.104 0.160 0.166 0.133 0.340
17 23 0.014 0.000 0.002 0.011 0.043 0.078 0.102 0.116 0.110 0.115 0.422
10 42 0.014 0.001 0.006 0.007 0.023 0.030 0.052 0.113 0.157 0.190 0.420
16 32 0.014 0.000 0.004 0.009 0.028 0.045 0.054 0.081 0.103 0.153 0.523
26 32 0.014 0.000 0.004 0.010 0.030 0.058 0.076 0.100 0.107 0.105 0.511
12 40 0.013 0.000 0.004 0.009 0.033 0.071 0.098 0.108 0.117 0.135 0.424
19 26 0.013 0.000 0.004 0.010 0.029 0.053 0.082 0.114 0.127 0.131 0.452
5 43 0.013 0.000 0.003 0.010 0.032 0.075 0.140 0.150 0.119 0.095 0.375
17 31 0.013 0.000 0.004 0.009 0.037 0.063 0.072 0.086 0.117 0.153 0.459
26 42 0.013 0.000 0.004 0.009 0.022 0.039 0.062 0.083 0.110 0.150 0.521
28 41 0.013 0.000 0.003 0.010 0.022 0.041 0.052 0.070 0.104 0.152 0.546
4 14 0.013 0.000 0.002 0.011 0.043 0.105 0.120 0.106 0.077 0.060 0.475
13 40 0.013 0.000 0.003 0.010 0.026 0.047 0.068 0.095 0.119 0.148 0.484
3 16 0.013 0.000 0.002 0.011 0.025 0.035 0.062 0.141 0.146 0.107 0.471
33 41 0.013 0.000 0.003 0.009 0.028 0.054 0.073 0.091 0.119 0.139 0.484
27 41 0.013 0.000 0.003 0.009 0.023 0.043 0.052 0.058 0.084 0.143 0.584
11 39 0.013 0.000 0.003 0.009 0.024 0.045 0.068 0.112 0.165 0.179 0.394
1 8 0.012 0.000 0.004 0.008 0.024 0.048 0.057 0.068 0.074 0.078 0.640
7 18 0.012 0.000 0.002 0.010 0.038 0.088 0.094 0.103 0.118 0.095 0.452
18 40 0.012 0.000 0.004 0.008 0.024 0.054 0.083 0.102 0.114 0.139 0.473
9 16 0.012 0.000 0.005 0.007 0.018 0.024 0.038 0.087 0.152 0.172 0.496
18 28 0.012 0.000 0.006 0.006 0.016 0.023 0.044 0.092 0.140 0.176 0.498
37 43 0.012 0.000 0.003 0.008 0.019 0.037 0.052 0.072 0.084 0.103 0.621
12 18 0.012 0.000 0.003 0.009 0.023 0.044 0.063 0.080 0.097 0.131 0.550
11 40 0.012 0.000 0.003 0.008 0.033 0.062 0.084 0.128 0.148 0.148 0.385
13 31 0.012 0.000 0.003 0.009 0.021 0.037 0.051 0.070 0.100 0.127 0.582
36 43 0.012 0.000 0.004 0.007 0.021 0.037 0.057 0.080 0.101 0.108 0.585
1 43 0.012 0.000 0.004 0.007 0.020 0.043 0.077 0.099 0.104 0.125 0.520
31 40 0.012 0.000 0.004 0.008 0.024 0.040 0.060 0.079 0.095 0.123 0.568
26 40 0.011 0.000 0.003 0.008 0.024 0.045 0.073 0.090 0.108 0.151 0.498
4 38 0.011 0.000 0.004 0.007 0.027 0.054 0.088 0.139 0.143 0.117 0.421
5 38 0.011 0.000 0.003 0.008 0.029 0.062 0.099 0.147 0.153 0.126 0.372
1 44 0.011 0.000 0.004 0.007 0.018 0.036 0.060 0.086 0.099 0.109 0.580
12 42 0.011 0.000 0.003 0.008 0.036 0.078 0.092 0.098 0.124 0.156 0.406
16 23 0.011 0.000 0.002 0.009 0.043 0.098 0.100 0.116 0.099 0.079 0.454
15 24 0.011 0.000 0.002 0.009 0.026 0.049 0.083 0.112 0.101 0.082 0.537
5 18 0.011 0.000 0.002 0.009 0.031 0.058 0.092 0.144 0.151 0.109 0.404
13 41 0.011 0.000 0.002 0.008 0.026 0.065 0.089 0.106 0.128 0.154 0.420
9 38 0.011 0.000 0.003 0.008 0.024 0.045 0.074 0.108 0.131 0.140 0.467
25 42 0.011 0.000 0.003 0.008 0.022 0.034 0.050 0.091 0.131 0.155 0.505
9 44 0.011 0.000 0.003 0.008 0.029 0.063 0.085 0.104 0.104 0.097 0.507
2 8 0.010 0.000 0.004 0.006 0.015 0.032 0.036 0.063 0.092 0.126 0.626
7 39 0.010 0.000 0.002 0.008 0.019 0.040 0.065 0.101 0.126 0.138 0.501
3 22 0.010 0.000 0.003 0.007 0.016 0.035 0.056 0.077 0.103 0.126 0.578
31 38 0.010 0.000 0.003 0.007 0.022 0.033 0.044 0.068 0.095 0.129 0.599
27 42 0.010 0.000 0.004 0.006 0.018 0.032 0.047 0.081 0.108 0.140 0.564
18 42 0.010 0.000 0.003 0.007 0.020 0.045 0.080 0.107 0.118 0.127 0.494
5 44 0.010 0.000 0.003 0.007 0.024 0.049 0.082 0.124 0.130 0.109 0.472
27 40 0.010 0.000 0.003 0.007 0.019 0.038 0.069 0.095 0.103 0.132 0.534
14 39 0.010 0.000 0.003 0.007 0.015 0.026 0.040 0.066 0.099 0.143 0.602
3 36 0.010 0.000 0.003 0.007 0.019 0.036 0.058 0.110 0.148 0.158 0.461
26 43 0.010 0.000 0.003 0.007 0.017 0.028 0.050 0.084 0.116 0.143 0.552
10 43 0.010 0.000 0.003 0.007 0.019 0.029 0.054 0.100 0.140 0.154 0.495
7 17 0.010 0.000 0.001 0.008 0.024 0.043 0.063 0.117 0.169 0.123 0.452
17 30 0.010 0.000 0.003 0.007 0.032 0.065 0.064 0.100 0.106 0.112 0.510
14 32 0.010 0.000 0.003 0.007 0.017 0.027 0.040 0.059 0.081 0.131 0.635
5 12 0.010 0.000 0.003 0.007 0.029 0.058 0.084 0.125 0.136 0.136 0.422
16 33 0.009 0.000 0.003 0.006 0.023 0.053 0.080 0.099 0.114 0.134 0.487
13 26 0.009 0.000 0.002 0.007 0.024 0.050 0.070 0.090 0.119 0.155 0.483
2 35 0.009 0.000 0.002 0.007 0.025 0.052 0.081 0.096 0.097 0.102 0.538
4 43 0.009 0.000 0.002 0.007 0.028 0.054 0.076 0.116 0.147 0.131 0.438
1 15 0.009 0.000 0.002 0.007 0.024 0.059 0.089 0.085 0.071 0.061 0.602
4 21 0.009 0.000 0.002 0.007 0.017 0.041 0.060 0.065 0.084 0.124 0.601
3 19 0.009 0.000 0.002 0.007 0.026 0.042 0.069 0.094 0.127 0.143 0.491
28 40 0.009 0.000 0.002 0.007 0.020 0.046 0.073 0.097 0.108 0.126 0.522
12 27 0.009 0.000 0.002 0.007 0.023 0.057 0.071 0.091 0.120 0.146 0.482
6 14 0.009 0.000 0.001 0.008 0.015 0.046 0.073 0.121 0.162 0.119 0.455
25 41 0.009 0.000 0.003 0.006 0.015 0.031 0.063 0.085 0.108 0.156 0.533
2 18 0.009 0.000 0.002 0.007 0.030 0.070 0.082 0.088 0.097 0.105 0.518
5 17 0.009 0.000 0.002 0.007 0.018 0.047 0.089 0.150 0.147 0.108 0.432
6 37 0.009 0.000 0.003 0.006 0.023 0.049 0.079 0.127 0.142 0.131 0.439
14 42 0.009 0.000 0.002 0.007 0.027 0.054 0.071 0.089 0.113 0.147 0.491
32 42 0.009 0.000 0.003 0.006 0.019 0.040 0.056 0.076 0.099 0.131 0.570
13 28 0.009 0.000 0.002 0.006 0.023 0.048 0.069 0.099 0.110 0.135 0.509
4 12 0.009 0.000 0.002 0.007 0.026 0.059 0.104 0.143 0.144 0.108 0.407
1 18 0.009 0.000 0.003 0.006 0.020 0.042 0.059 0.069 0.076 0.083 0.642
13 42 0.009 0.000 0.002 0.007 0.029 0.056 0.070 0.084 0.105 0.144 0.504
24 31 0.009 0.000 0.002 0.006 0.023 0.055 0.081 0.111 0.135 0.137 0.449
14 43 0.009 0.000 0.002 0.006 0.018 0.035 0.054 0.067 0.090 0.121 0.607
28 42 0.008 0.000 0.002 0.006 0.017 0.035 0.050 0.075 0.111 0.152 0.552
12 21 0.008 0.000 0.002 0.006 0.019 0.041 0.075 0.102 0.123 0.144 0.488
28 39 0.008 0.000 0.002 0.006 0.018 0.037 0.056 0.082 0.112 0.132 0.554
18 39 0.008 0.000 0.002 0.006 0.016 0.039 0.061 0.087 0.111 0.148 0.529
4 13 0.008 0.000 0.001 0.007 0.036 0.090 0.108 0.118 0.098 0.086 0.456
37 44 0.008 0.000 0.002 0.006 0.014 0.025 0.039 0.064 0.088 0.105 0.657
3 21 0.008 0.000 0.003 0.005 0.020 0.047 0.068 0.084 0.101 0.120 0.551
5 11 0.008 0.000 0.002 0.006 0.019 0.033 0.066 0.103 0.141 0.178 0.454
25 40 0.008 0.000 0.002 0.005 0.016 0.029 0.057 0.097 0.136 0.172 0.486
16 42 0.008 0.000 0.003 0.005 0.016 0.045 0.085 0.118 0.134 0.138 0.455
26 39 0.008 0.000 0.002 0.006 0.015 0.029 0.048 0.085 0.120 0.156 0.539
36 44 0.008 0.000 0.002 0.006 0.013 0.026 0.040 0.061 0.087 0.107 0.660
16 40 0.008 0.000 0.002 0.005 0.015 0.037 0.063 0.101 0.125 0.135 0.515
6 42 0.008 0.000 0.002 0.005 0.022 0.054 0.103 0.172 0.165 0.126 0.350
33 43 0.008 0.000 0.002 0.005 0.012 0.022 0.031 0.049 0.085 0.139 0.654
14 30 0.008 0.000 0.002 0.006 0.017 0.041 0.061 0.101 0.113 0.127 0.532
18 31 0.008 0.000 0.002 0.006 0.020 0.041 0.063 0.086 0.107 0.138 0.538
3 15 0.008 0.000 0.001 0.006 0.032 0.081 0.101 0.105 0.090 0.075 0.507
3 23 0.008 0.000 0.002 0.005 0.012 0.027 0.048 0.073 0.091 0.115 0.626
4 44 0.008 0.000 0.002 0.005 0.019 0.039 0.062 0.097 0.116 0.116 0.543
8 43 0.007 0.000 0.001 0.006 0.027 0.062 0.076 0.091 0.115 0.117 0.505
28 43 0.007 0.000 0.002 0.005 0.015 0.032 0.047 0.081 0.112 0.138 0.568
3 17 0.007 0.000 0.001 0.006 0.018 0.044 0.095 0.178 0.189 0.121 0.348
28 37 0.007 0.000 0.002 0.005 0.013 0.027 0.049 0.071 0.095 0.138 0.599
15 44 0.007 0.000 0.002 0.005 0.013 0.024 0.041 0.067 0.093 0.120 0.635
3 10 0.007 0.000 0.002 0.005 0.023 0.044 0.065 0.105 0.136 0.135 0.486
14 20 0.007 0.000 0.001 0.006 0.025 0.064 0.084 0.087 0.089 0.095 0.549
26 38 0.007 0.000 0.002 0.005 0.015 0.026 0.046 0.083 0.119 0.160 0.544
24 42 0.007 0.000 0.002 0.005 0.019 0.033 0.049 0.079 0.126 0.166 0.521
6 18 0.007 0.000 0.001 0.006 0.022 0.035 0.051 0.099 0.139 0.113 0.533
27 44 0.007 0.000 0.003 0.004 0.011 0.021 0.036 0.065 0.097 0.123 0.640
17 42 0.007 0.000 0.002 0.005 0.017 0.040 0.062 0.103 0.130 0.138 0.503
14 23 0.007 0.000 0.002 0.005 0.024 0.049 0.084 0.135 0.138 0.117 0.445
24 41 0.007 0.000 0.001 0.006 0.015 0.028 0.048 0.088 0.136 0.162 0.515
21 39 0.007 0.000 0.002 0.005 0.015 0.029 0.055 0.085 0.113 0.147 0.549
10 44 0.007 0.000 0.002 0.005 0.019 0.038 0.053 0.077 0.110 0.126 0.570
16 39 0.007 0.000 0.002 0.005 0.018 0.041 0.062 0.083 0.102 0.127 0.560
18 41 0.007 0.000 0.002 0.005 0.017 0.041 0.070 0.099 0.128 0.154 0.485
14 44 0.007 0.000 0.002 0.005 0.012 0.025 0.044 0.069 0.094 0.116 0.633
8 18 0.007 0.000 0.001 0.006 0.024 0.063 0.082 0.113 0.120 0.110 0.480
27 43 0.007 0.000 0.002 0.004 0.011 0.019 0.038 0.069 0.108 0.145 0.603
21 27 0.007 0.000 0.001 0.006 0.016 0.040 0.070 0.109 0.141 0.146 0.472
6 39 0.007 0.000 0.001 0.005 0.021 0.047 0.068 0.106 0.134 0.137 0.480
32 41 0.007 0.000 0.001 0.005 0.018 0.034 0.055 0.083 0.120 0.147 0.535
14 41 0.007 0.000 0.001 0.005 0.017 0.048 0.073 0.084 0.101 0.144 0.527
11 42 0.007 0.000 0.002 0.005 0.020 0.042 0.077 0.113 0.155 0.197 0.389
19 39 0.007 0.000 0.002 0.004 0.012 0.025 0.065 0.110 0.121 0.131 0.530
13 22 0.007 0.000 0.001 0.005 0.023 0.050 0.077 0.111 0.135 0.154 0.443
38 44 0.006 0.000 0.002 0.005 0.013 0.025 0.039 0.065 0.094 0.111 0.646
4 22 0.006 0.000 0.002 0.004 0.010 0.023 0.053 0.077 0.090 0.121 0.619
7 13 0.006 0.000 0.001 0.005 0.017 0.048 0.070 0.107 0.145 0.135 0.472
3 9 0.006 0.000 0.002 0.005 0.019 0.053 0.067 0.088 0.112 0.151 0.503
28 44 0.006 0.000 0.002 0.004 0.011 0.023 0.040 0.065 0.088 0.110 0.656
15 25 0.006 0.000 0.001 0.005 0.018 0.051 0.071 0.122 0.161 0.155 0.416
15 23 0.006 0.000 0.001 0.005 0.026 0.078 0.093 0.105 0.096 0.086 0.509
31 37 0.006 0.000 0.002 0.004 0.012 0.020 0.034 0.057 0.098 0.147 0.625
24 40 0.006 0.000 0.002 0.004 0.016 0.030 0.061 0.108 0.137 0.154 0.487
26 44 0.006 0.000 0.002 0.004 0.011 0.022 0.041 0.070 0.106 0.136 0.606
21 40 0.006 0.000 0.002 0.005 0.018 0.040 0.070 0.101 0.119 0.132 0.515
1 19 0.006 0.000 0.002 0.004 0.014 0.031 0.051 0.063 0.073 0.081 0.681
28 38 0.006 0.000 0.001 0.005 0.018 0.037 0.054 0.083 0.114 0.134 0.555
31 42 0.006 0.000 0.002 0.004 0.018 0.034 0.046 0.060 0.075 0.110 0.652
14 33 0.006 0.000 0.001 0.005 0.014 0.030 0.053 0.076 0.115 0.156 0.550
15 42 0.006 0.000 0.002 0.004 0.019 0.043 0.068 0.087 0.117 0.150 0.510
4 10 0.006 0.000 0.002 0.004 0.015 0.028 0.046 0.081 0.115 0.134 0.575
26 33 0.006 0.000 0.001 0.005 0.019 0.046 0.076 0.111 0.142 0.152 0.448
16 41 0.006 0.000 0.002 0.004 0.013 0.033 0.069 0.095 0.115 0.142 0.527
7 43 0.006 0.000 0.001 0.005 0.018 0.047 0.082 0.124 0.144 0.131 0.448
34 44 0.006 0.000 0.002 0.004 0.010 0.020 0.033 0.058 0.089 0.119 0.664
16 44 0.006 0.000 0.002 0.004 0.011 0.025 0.048 0.081 0.113 0.141 0.575
18 29 0.006 0.000 0.001 0.004 0.013 0.024 0.045 0.070 0.108 0.143 0.592
14 26 0.006 0.000 0.001 0.005 0.021 0.054 0.075 0.113 0.133 0.142 0.456
20 26 0.006 0.000 0.001 0.005 0.014 0.034 0.067 0.106 0.126 0.130 0.517
9 37 0.006 0.000 0.002 0.004 0.014 0.034 0.069 0.116 0.154 0.150 0.457
25 43 0.006 0.000 0.002 0.004 0.014 0.025 0.040 0.070 0.123 0.172 0.551
2 44 0.006 0.000 0.002 0.004 0.016 0.040 0.058 0.080 0.098 0.127 0.574
3 11 0.006 0.000 0.001 0.004 0.017 0.039 0.078 0.120 0.168 0.176 0.396
18 44 0.006 0.000 0.002 0.003 0.009 0.019 0.042 0.075 0.104 0.126 0.618
1 16 0.006 0.000 0.001 0.004 0.016 0.041 0.068 0.078 0.084 0.081 0.626
12 44 0.006 0.000 0.002 0.004 0.011 0.027 0.049 0.078 0.110 0.134 0.585
15 43 0.006 0.000 0.002 0.004 0.014 0.029 0.048 0.067 0.093 0.140 0.603
14 40 0.006 0.000 0.002 0.004 0.015 0.032 0.058 0.095 0.117 0.138 0.539
25 32 0.006 0.000 0.001 0.004 0.016 0.035 0.064 0.116 0.134 0.144 0.486
5 36 0.005 0.000 0.002 0.004 0.014 0.031 0.062 0.102 0.136 0.147 0.502
12 38 0.005 0.000 0.001 0.004 0.012 0.023 0.044 0.087 0.141 0.188 0.501
21 38 0.005 0.000 0.001 0.004 0.012 0.032 0.065 0.095 0.117 0.137 0.536
35 44 0.005 0.000 0.002 0.004 0.010 0.020 0.036 0.062 0.090 0.112 0.665
17 39 0.005 0.000 0.001 0.004 0.016 0.033 0.049 0.070 0.098 0.126 0.602
15 40 0.005 0.000 0.001 0.004 0.014 0.032 0.051 0.071 0.105 0.145 0.576
1 35 0.005 0.000 0.002 0.004 0.012 0.026 0.047 0.078 0.105 0.105 0.622
13 24 0.005 0.000 0.001 0.004 0.015 0.038 0.069 0.101 0.133 0.151 0.487
21 34 0.005 0.000 0.001 0.004 0.010 0.019 0.042 0.068 0.090 0.120 0.646
16 38 0.005 0.000 0.001 0.004 0.016 0.035 0.064 0.092 0.111 0.124 0.554
5 19 0.005 0.000 0.002 0.004 0.016 0.029 0.050 0.090 0.128 0.162 0.518
10 38 0.005 0.000 0.001 0.004 0.011 0.023 0.047 0.088 0.130 0.163 0.532
19 30 0.005 0.000 0.001 0.004 0.013 0.033 0.058 0.072 0.088 0.126 0.604
6 38 0.005 0.000 0.001 0.004 0.014 0.033 0.065 0.120 0.151 0.143 0.469
5 21 0.005 0.000 0.002 0.004 0.016 0.041 0.054 0.072 0.099 0.127 0.586
19 40 0.005 0.000 0.002 0.003 0.013 0.035 0.081 0.121 0.124 0.130 0.490
23 40 0.005 0.000 0.001 0.004 0.015 0.030 0.056 0.102 0.139 0.147 0.507
19 42 0.005 0.000 0.002 0.003 0.013 0.031 0.071 0.088 0.095 0.116 0.581
4 20 0.005 0.000 0.001 0.004 0.017 0.054 0.070 0.069 0.085 0.120 0.581
33 44 0.005 0.000 0.002 0.004 0.010 0.021 0.033 0.053 0.078 0.111 0.689
24 33 0.005 0.000 0.001 0.004 0.009 0.021 0.046 0.078 0.125 0.186 0.530
6 44 0.005 0.000 0.001 0.004 0.011 0.027 0.052 0.090 0.118 0.124 0.572
2 15 0.005 0.000 0.001 0.004 0.020 0.050 0.067 0.079 0.076 0.080 0.623
26 37 0.005 0.000 0.002 0.004 0.010 0.021 0.036 0.054 0.095 0.150 0.628
8 44 0.005 0.000 0.001 0.004 0.016 0.045 0.067 0.091 0.105 0.104 0.567
23 42 0.005 0.000 0.001 0.003 0.015 0.029 0.050 0.087 0.124 0.138 0.553
31 41 0.005 0.000 0.001 0.004 0.014 0.031 0.045 0.066 0.101 0.146 0.592
13 38 0.005 0.000 0.001 0.004 0.009 0.016 0.032 0.062 0.110 0.165 0.601
29 40 0.005 0.000 0.002 0.003 0.013 0.028 0.054 0.089 0.114 0.136 0.562
21 42 0.005 0.000 0.001 0.004 0.011 0.028 0.050 0.078 0.107 0.129 0.594
5 20 0.005 0.000 0.001 0.004 0.011 0.029 0.056 0.071 0.101 0.126 0.601
15 39 0.005 0.000 0.001 0.003 0.011 0.023 0.039 0.061 0.088 0.125 0.648
6 16 0.005 0.000 0.001 0.004 0.013 0.055 0.073 0.121 0.157 0.120 0.456
32 43 0.005 0.000 0.001 0.004 0.009 0.017 0.028 0.044 0.072 0.110 0.715
7 44 0.005 0.000 0.001 0.004 0.013 0.034 0.059 0.095 0.114 0.114 0.567
28 35 0.005 0.000 0.001 0.003 0.011 0.025 0.042 0.067 0.102 0.145 0.603
1 9 0.005 0.000 0.001 0.004 0.012 0.026 0.042 0.064 0.087 0.101 0.662
24 38 0.005 0.000 0.001 0.003 0.012 0.027 0.055 0.089 0.117 0.149 0.546
1 20 0.005 0.000 0.001 0.003 0.012 0.029 0.046 0.057 0.067 0.073 0.711
4 36 0.005 0.000 0.001 0.003 0.013 0.033 0.057 0.095 0.135 0.150 0.513
20 30 0.005 0.000 0.002 0.003 0.012 0.030 0.054 0.072 0.091 0.134 0.601
1 10 0.005 0.000 0.001 0.003 0.010 0.020 0.034 0.055 0.089 0.116 0.671
3 20 0.005 0.000 0.001 0.003 0.013 0.033 0.065 0.087 0.095 0.114 0.589
18 38 0.005 0.000 0.001 0.004 0.010 0.026 0.051 0.085 0.132 0.161 0.529
15 41 0.005 0.000 0.001 0.003 0.012 0.035 0.049 0.072 0.101 0.142 0.584
30 40 0.005 0.000 0.001 0.003 0.012 0.023 0.045 0.074 0.112 0.151 0.578
30 39 0.005 0.000 0.001 0.003 0.011 0.022 0.038 0.064 0.093 0.126 0.642
11 18 0.005 0.000 0.002 0.003 0.014 0.038 0.063 0.102 0.133 0.152 0.494
1 12 0.005 0.000 0.002 0.003 0.008 0.020 0.043 0.072 0.093 0.110 0.649
25 44 0.005 0.000 0.001 0.003 0.008 0.019 0.037 0.067 0.100 0.138 0.626
3 24 0.005 0.000 0.001 0.003 0.011 0.026 0.040 0.057 0.081 0.123 0.657
13 43 0.005 0.000 0.001 0.003 0.011 0.028 0.047 0.074 0.099 0.123 0.613
23 41 0.005 0.000 0.001 0.003 0.013 0.027 0.051 0.081 0.117 0.150 0.557
19 38 0.005 0.000 0.002 0.003 0.009 0.019 0.055 0.102 0.124 0.141 0.546
1 22 0.005 0.000 0.001 0.003 0.011 0.026 0.038 0.045 0.060 0.081 0.734
14 38 0.005 0.000 0.001 0.003 0.010 0.025 0.047 0.077 0.104 0.131 0.601
19 41 0.005 0.000 0.001 0.003 0.010 0.027 0.073 0.109 0.118 0.135 0.524
7 38 0.005 0.000 0.001 0.003 0.013 0.034 0.062 0.104 0.129 0.133 0.521
12 28 0.004 0.000 0.001 0.003 0.009 0.023 0.047 0.080 0.115 0.140 0.582
30 37 0.004 0.000 0.001 0.003 0.008 0.016 0.030 0.051 0.086 0.139 0.666
25 39 0.004 0.000 0.001 0.003 0.008 0.019 0.036 0.066 0.118 0.190 0.558
8 38 0.004 0.000 0.001 0.003 0.014 0.035 0.070 0.111 0.129 0.133 0.503
1 24 0.004 0.000 0.001 0.003 0.010 0.020 0.034 0.048 0.065 0.087 0.731
17 44 0.004 0.000 0.001 0.003 0.009 0.020 0.039 0.065 0.101 0.127 0.634
11 21 0.004 0.000 0.002 0.003 0.009 0.019 0.046 0.105 0.157 0.186 0.474
6 43 0.004 0.000 0.001 0.003 0.010 0.025 0.062 0.121 0.151 0.147 0.479
23 29 0.004 0.000 0.001 0.003 0.017 0.035 0.050 0.080 0.115 0.146 0.552
12 22 0.004 0.000 0.001 0.003 0.013 0.032 0.064 0.112 0.143 0.154 0.477
13 30 0.004 0.000 0.001 0.003 0.011 0.026 0.048 0.073 0.092 0.125 0.620
16 43 0.004 0.000 0.001 0.003 0.010 0.022 0.043 0.083 0.122 0.154 0.563
13 29 0.004 0.000 0.001 0.003 0.011 0.025 0.046 0.083 0.110 0.132 0.589
8 17 0.004 0.000 0.001 0.004 0.015 0.039 0.069 0.140 0.152 0.105 0.476
21 41 0.004 0.000 0.001 0.003 0.010 0.026 0.050 0.079 0.117 0.148 0.566
21 37 0.004 0.000 0.001 0.003 0.010 0.028 0.055 0.076 0.101 0.127 0.600
18 30 0.004 0.000 0.001 0.003 0.017 0.042 0.065 0.079 0.105 0.120 0.568
12 19 0.004 0.000 0.001 0.003 0.014 0.033 0.050 0.087 0.125 0.144 0.544
29 41 0.004 0.000 0.001 0.003 0.009 0.019 0.035 0.061 0.095 0.151 0.626
22 44 0.004 0.000 0.001 0.003 0.008 0.015 0.030 0.055 0.081 0.114 0.693
23 30 0.004 0.000 0.001 0.003 0.013 0.024 0.048 0.080 0.114 0.146 0.570
1 23 0.004 0.000 0.001 0.003 0.009 0.019 0.030 0.047 0.064 0.086 0.741
22 40 0.004 0.000 0.001 0.003 0.015 0.043 0.079 0.111 0.122 0.133 0.492
17 41 0.004 0.000 0.001 0.003 0.010 0.031 0.053 0.080 0.113 0.141 0.567
25 38 0.004 0.000 0.001 0.003 0.010 0.023 0.051 0.091 0.118 0.142 0.561
1 11 0.004 0.000 0.001 0.003 0.009 0.019 0.036 0.064 0.094 0.120 0.655
17 40 0.004 0.000 0.001 0.003 0.012 0.043 0.074 0.088 0.103 0.128 0.547
1 21 0.004 0.000 0.001 0.003 0.010 0.026 0.039 0.049 0.060 0.077 0.735
27 37 0.004 0.000 0.001 0.003 0.007 0.015 0.032 0.061 0.098 0.153 0.628
13 32 0.004 0.000 0.001 0.003 0.007 0.016 0.028 0.045 0.072 0.130 0.697
2 16 0.004 0.000 0.001 0.003 0.013 0.032 0.045 0.058 0.073 0.089 0.685
13 44 0.004 0.000 0.001 0.003 0.008 0.018 0.036 0.067 0.094 0.121 0.652
27 33 0.004 0.000 0.001 0.003 0.015 0.038 0.060 0.105 0.144 0.149 0.485
19 25 0.004 0.000 0.001 0.003 0.011 0.025 0.048 0.099 0.144 0.143 0.525
20 28 0.004 0.000 0.001 0.003 0.017 0.043 0.068 0.100 0.119 0.128 0.521
11 38 0.004 0.000 0.001 0.002 0.008 0.018 0.043 0.092 0.145 0.179 0.511
25 33 0.004 0.000 0.001 0.003 0.010 0.028 0.053 0.095 0.150 0.186 0.474
24 32 0.004 0.000 0.001 0.003 0.011 0.024 0.048 0.082 0.117 0.155 0.559
24 34 0.004 0.000 0.001 0.003 0.009 0.021 0.047 0.079 0.120 0.171 0.550
23 44 0.004 0.000 0.001 0.002 0.006 0.013 0.026 0.049 0.082 0.120 0.699
3 12 0.004 0.000 0.001 0.003 0.015 0.040 0.068 0.105 0.135 0.150 0.483
21 43 0.004 0.000 0.001 0.003 0.009 0.020 0.034 0.051 0.085 0.116 0.680
5 16 0.004 0.000 0.002 0.002 0.009 0.055 0.102 0.180 0.154 0.077 0.418
21 28 0.004 0.000 0.001 0.003 0.017 0.041 0.065 0.093 0.122 0.141 0.518
11 44 0.004 0.000 0.001 0.003 0.009 0.022 0.043 0.081 0.122 0.145 0.574
4 23 0.004 0.000 0.001 0.002 0.009 0.016 0.033 0.067 0.093 0.123 0.655
2 10 0.004 0.000 0.001 0.003 0.010 0.017 0.029 0.053 0.081 0.118 0.687
23 33 0.004 0.000 0.001 0.003 0.009 0.019 0.047 0.074 0.102 0.152 0.593
26 34 0.004 0.000 0.001 0.003 0.011 0.025 0.052 0.097 0.148 0.172 0.491
32 44 0.004 0.000 0.001 0.002 0.007 0.016 0.026 0.042 0.062 0.090 0.752
14 37 0.004 0.000 0.001 0.003 0.010 0.023 0.034 0.053 0.080 0.123 0.674
24 44 0.004 0.000 0.001 0.002 0.007 0.015 0.032 0.060 0.091 0.124 0.667
3 35 0.004 0.000 0.001 0.003 0.013 0.037 0.055 0.085 0.112 0.131 0.563
5 14 0.004 0.000 0.000 0.003 0.010 0.041 0.089 0.170 0.109 0.078 0.499
12 31 0.004 0.000 0.001 0.003 0.011 0.026 0.046 0.069 0.092 0.117 0.636
12 43 0.004 0.000 0.001 0.003 0.010 0.031 0.060 0.096 0.119 0.142 0.538
13 33 0.004 0.000 0.001 0.003 0.009 0.019 0.036 0.071 0.109 0.161 0.592
2 19 0.004 0.000 0.001 0.003 0.013 0.040 0.055 0.073 0.085 0.100 0.631
14 34 0.004 0.000 0.001 0.003 0.010 0.024 0.047 0.078 0.108 0.138 0.592
20 38 0.004 0.000 0.001 0.003 0.010 0.024 0.051 0.088 0.118 0.140 0.566
29 39 0.004 0.000 0.001 0.003 0.008 0.018 0.036 0.071 0.106 0.138 0.620
6 12 0.004 0.000 0.001 0.003 0.012 0.034 0.062 0.098 0.112 0.114 0.564
20 42 0.004 0.000 0.001 0.003 0.009 0.024 0.049 0.080 0.106 0.120 0.609
19 28 0.004 0.000 0.001 0.003 0.010 0.026 0.051 0.090 0.120 0.136 0.561
14 25 0.004 0.000 0.001 0.003 0.014 0.039 0.072 0.112 0.135 0.146 0.478
27 38 0.004 0.000 0.001 0.003 0.011 0.024 0.046 0.085 0.120 0.143 0.568
19 31 0.004 0.000 0.001 0.003 0.012 0.029 0.058 0.088 0.104 0.137 0.567
8 37 0.004 0.000 0.001 0.003 0.010 0.026 0.056 0.107 0.144 0.160 0.493
28 34 0.004 0.000 0.001 0.003 0.010 0.026 0.045 0.079 0.127 0.156 0.554
21 44 0.004 0.000 0.001 0.002 0.007 0.015 0.031 0.052 0.078 0.107 0.707
13 37 0.004 0.000 0.001 0.002 0.007 0.015 0.031 0.057 0.090 0.149 0.648
20 34 0.004 0.000 0.001 0.003 0.010 0.022 0.043 0.070 0.095 0.123 0.633
27 34 0.004 0.000 0.001 0.003 0.009 0.022 0.043 0.082 0.136 0.163 0.542
30 42 0.003 0.000 0.001 0.002 0.009 0.019 0.039 0.058 0.090 0.135 0.646
3 29 0.003 0.000 0.001 0.003 0.009 0.017 0.028 0.047 0.071 0.111 0.713
26 35 0.003 0.000 0.001 0.002 0.008 0.017 0.033 0.065 0.107 0.160 0.607
12 26 0.003 0.000 0.001 0.002 0.009 0.024 0.052 0.090 0.118 0.156 0.547
13 25 0.003 0.000 0.001 0.003 0.014 0.034 0.067 0.105 0.136 0.154 0.487
1 28 0.003 0.000 0.001 0.002 0.006 0.013 0.027 0.045 0.063 0.089 0.753
3 28 0.003 0.000 0.001 0.002 0.008 0.021 0.033 0.049 0.079 0.115 0.692
1 25 0.003 0.000 0.001 0.002 0.006 0.014 0.025 0.040 0.063 0.088 0.760
20 40 0.003 0.000 0.001 0.002 0.010 0.030 0.069 0.109 0.123 0.135 0.520
3 34 0.003 0.000 0.001 0.003 0.010 0.029 0.062 0.102 0.132 0.143 0.518
12 37 0.003 0.000 0.001 0.002 0.007 0.016 0.035 0.067 0.123 0.193 0.556
30 38 0.003 0.000 0.001 0.002 0.008 0.018 0.040 0.072 0.101 0.140 0.617
26 36 0.003 0.000 0.001 0.002 0.009 0.021 0.036 0.064 0.107 0.167 0.593
3 26 0.003 0.000 0.001 0.002 0.008 0.016 0.025 0.040 0.069 0.117 0.721
1 27 0.003 0.000 0.001 0.002 0.006 0.012 0.024 0.042 0.065 0.095 0.751
5 13 0.003 0.000 0.000 0.003 0.015 0.056 0.071 0.106 0.110 0.091 0.547
20 39 0.003 0.000 0.001 0.002 0.008 0.019 0.042 0.081 0.120 0.147 0.580
1 26 0.003 0.000 0.001 0.002 0.007 0.015 0.027 0.046 0.070 0.100 0.732
14 29 0.003 0.000 0.001 0.003 0.013 0.036 0.058 0.079 0.097 0.119 0.596
25 37 0.003 0.000 0.001 0.002 0.008 0.018 0.038 0.064 0.094 0.139 0.636
17 43 0.003 0.000 0.001 0.002 0.010 0.021 0.033 0.066 0.109 0.138 0.619
27 35 0.003 0.000 0.001 0.003 0.006 0.013 0.024 0.051 0.101 0.168 0.634
1 29 0.003 0.000 0.001 0.002 0.006 0.011 0.020 0.034 0.056 0.086 0.784
21 30 0.003 0.000 0.001 0.002 0.010 0.024 0.042 0.072 0.103 0.142 0.605
1 17 0.003 0.000 0.001 0.002 0.011 0.030 0.060 0.080 0.091 0.092 0.633
22 43 0.003 0.000 0.001 0.002 0.009 0.020 0.036 0.057 0.086 0.112 0.676
13 23 0.003 0.000 0.001 0.002 0.009 0.025 0.059 0.121 0.173 0.175 0.434
1 34 0.003 0.000 0.001 0.002 0.008 0.022 0.046 0.072 0.095 0.099 0.654
29 42 0.003 0.000 0.001 0.002 0.009 0.019 0.033 0.055 0.088 0.126 0.667
5 26 0.003 0.000 0.001 0.002 0.007 0.014 0.031 0.056 0.088 0.128 0.674
27 39 0.003 0.000 0.001 0.002 0.009 0.025 0.047 0.083 0.117 0.143 0.574
22 41 0.003 0.000 0.001 0.002 0.008 0.024 0.051 0.084 0.115 0.143 0.572
22 42 0.003 0.000 0.001 0.002 0.011 0.027 0.051 0.083 0.104 0.124 0.597
11 22 0.003 0.000 0.001 0.002 0.007 0.018 0.044 0.088 0.134 0.179 0.526
12 33 0.003 0.000 0.001 0.002 0.006 0.017 0.035 0.066 0.110 0.168 0.594
24 37 0.003 0.000 0.001 0.002 0.010 0.024 0.045 0.067 0.094 0.135 0.622
22 30 0.003 0.000 0.001 0.002 0.012 0.028 0.048 0.084 0.122 0.149 0.554
3 13 0.003 0.000 0.001 0.003 0.015 0.049 0.073 0.099 0.121 0.128 0.513
11 27 0.003 0.000 0.001 0.002 0.007 0.017 0.036 0.079 0.130 0.169 0.558
11 26 0.003 0.000 0.001 0.002 0.006 0.013 0.029 0.070 0.129 0.187 0.561
5 28 0.003 0.000 0.001 0.002 0.006 0.016 0.034 0.062 0.102 0.138 0.638
3 25 0.003 0.000 0.001 0.002 0.007 0.016 0.029 0.048 0.073 0.115 0.710
15 32 0.003 0.000 0.001 0.002 0.008 0.020 0.031 0.059 0.090 0.143 0.646
24 39 0.003 0.000 0.001 0.002 0.009 0.021 0.045 0.084 0.118 0.160 0.559
28 36 0.003 0.000 0.001 0.002 0.008 0.021 0.042 0.073 0.114 0.153 0.586
11 17 0.003 0.000 0.001 0.002 0.009 0.021 0.041 0.082 0.134 0.184 0.527
1 33 0.003 0.000 0.001 0.002 0.007 0.018 0.036 0.060 0.087 0.106 0.683
12 29 0.003 0.000 0.001 0.002 0.006 0.014 0.029 0.055 0.095 0.143 0.654
3 14 0.003 0.000 0.000 0.002 0.012 0.031 0.078 0.154 0.100 0.077 0.545
19 44 0.003 0.000 0.001 0.002 0.005 0.012 0.026 0.053 0.087 0.115 0.699
19 29 0.003 0.000 0.001 0.002 0.008 0.020 0.041 0.070 0.109 0.139 0.611
29 44 0.003 0.000 0.001 0.002 0.006 0.014 0.029 0.053 0.077 0.102 0.716
1 30 0.003 0.000 0.001 0.002 0.006 0.011 0.019 0.033 0.054 0.088 0.786
21 33 0.003 0.000 0.001 0.002 0.008 0.016 0.040 0.075 0.110 0.137 0.612
5 22 0.003 0.000 0.001 0.002 0.009 0.025 0.055 0.082 0.099 0.125 0.602
21 31 0.003 0.000 0.001 0.002 0.007 0.014 0.034 0.071 0.126 0.185 0.560
27 36 0.003 0.000 0.001 0.002 0.006 0.014 0.031 0.068 0.109 0.170 0.599
7 37 0.003 0.000 0.001 0.002 0.008 0.024 0.060 0.118 0.153 0.156 0.478
18 43 0.003 0.000 0.001 0.002 0.007 0.020 0.052 0.086 0.107 0.125 0.598
13 20 0.003 0.000 0.001 0.002 0.011 0.027 0.052 0.087 0.111 0.127 0.583
17 38 0.003 0.000 0.001 0.002 0.010 0.029 0.059 0.083 0.106 0.139 0.572
10 16 0.003 0.000 0.001 0.002 0.010 0.023 0.047 0.098 0.175 0.178 0.466
30 36 0.003 0.000 0.001 0.002 0.007 0.015 0.026 0.047 0.081 0.129 0.692
23 31 0.003 0.000 0.001 0.002 0.009 0.020 0.044 0.086 0.133 0.173 0.533
11 29 0.003 0.000 0.001 0.002 0.005 0.012 0.022 0.047 0.089 0.158 0.665
25 36 0.003 0.000 0.001 0.002 0.008 0.019 0.039 0.071 0.102 0.145 0.612
31 44 0.003 0.000 0.001 0.002 0.005 0.013 0.025 0.040 0.061 0.085 0.767
15 33 0.003 0.000 0.001 0.002 0.008 0.024 0.049 0.074 0.107 0.155 0.580
16 34 0.003 0.000 0.001 0.002 0.009 0.029 0.059 0.084 0.101 0.108 0.608
19 33 0.003 0.000 0.001 0.002 0.007 0.019 0.052 0.083 0.111 0.143 0.582
21 36 0.003 0.000 0.001 0.002 0.008 0.024 0.047 0.071 0.091 0.118 0.639
5 33 0.003 0.000 0.001 0.002 0.006 0.015 0.044 0.090 0.145 0.194 0.504
24 43 0.003 0.000 0.001 0.002 0.007 0.016 0.034 0.059 0.097 0.141 0.644
6 26 0.003 0.000 0.001 0.002 0.006 0.015 0.028 0.050 0.081 0.132 0.686
20 44 0.003 0.000 0.001 0.002 0.005 0.011 0.024 0.045 0.075 0.107 0.730
5 34 0.003 0.000 0.001 0.002 0.005 0.017 0.044 0.088 0.137 0.171 0.535
31 43 0.003 0.000 0.001 0.002 0.007 0.016 0.025 0.037 0.057 0.084 0.771
15 38 0.003 0.000 0.001 0.002 0.009 0.021 0.039 0.067 0.090 0.118 0.655
4 25 0.003 0.000 0.001 0.002 0.006 0.012 0.025 0.046 0.075 0.126 0.708
14 36 0.003 0.000 0.001 0.002 0.008 0.021 0.037 0.065 0.100 0.126 0.640
12 20 0.003 0.000 0.000 0.002 0.009 0.021 0.045 0.082 0.121 0.148 0.571
20 41 0.003 0.000 0.001 0.002 0.007 0.023 0.053 0.086 0.104 0.131 0.594
4 35 0.003 0.000 0.001 0.002 0.006 0.016 0.037 0.069 0.113 0.159 0.599
29 37 0.003 0.000 0.001 0.002 0.006 0.015 0.031 0.053 0.083 0.119 0.692
8 26 0.002 0.000 0.001 0.002 0.006 0.014 0.026 0.052 0.089 0.145 0.665
7 26 0.002 0.000 0.001 0.002 0.005 0.015 0.029 0.053 0.094 0.159 0.643
29 38 0.002 0.000 0.001 0.002 0.006 0.016 0.038 0.077 0.113 0.139 0.608
22 31 0.002 0.000 0.001 0.002 0.006 0.014 0.035 0.074 0.130 0.178 0.559
17 32 0.002 0.000 0.001 0.002 0.007 0.012 0.031 0.061 0.099 0.172 0.618
22 38 0.002 0.000 0.001 0.002 0.009 0.025 0.062 0.107 0.119 0.120 0.557
3 33 0.002 0.000 0.001 0.002 0.007 0.021 0.047 0.086 0.125 0.159 0.551
6 36 0.002 0.000 0.001 0.002 0.007 0.022 0.045 0.082 0.120 0.145 0.576
29 43 0.002 0.000 0.001 0.002 0.005 0.013 0.029 0.050 0.078 0.110 0.711
13 19 0.002 0.000 0.000 0.002 0.008 0.027 0.043 0.069 0.098 0.127 0.627
30 41 0.002 0.000 0.001 0.002 0.008 0.020 0.042 0.066 0.096 0.138 0.629
5 35 0.002 0.000 0.001 0.002 0.007 0.015 0.038 0.082 0.133 0.173 0.549
25 34 0.002 0.000 0.001 0.002 0.007 0.018 0.044 0.084 0.127 0.174 0.545
6 17 0.002 0.000 0.001 0.002 0.007 0.028 0.053 0.101 0.174 0.137 0.497
1 31 0.002 0.000 0.001 0.002 0.006 0.011 0.020 0.032 0.053 0.086 0.788
11 28 0.002 0.000 0.000 0.002 0.005 0.010 0.022 0.054 0.112 0.174 0.621
23 39 0.002 0.000 0.001 0.002 0.006 0.015 0.039 0.077 0.112 0.141 0.608
4 26 0.002 0.000 0.001 0.002 0.006 0.011 0.020 0.038 0.069 0.112 0.741
22 39 0.002 0.000 0.001 0.002 0.007 0.023 0.059 0.101 0.113 0.120 0.575
12 24 0.002 0.000 0.001 0.002 0.008 0.020 0.043 0.089 0.140 0.170 0.529
20 29 0.002 0.000 0.001 0.002 0.008 0.021 0.051 0.091 0.126 0.146 0.554
16 37 0.002 0.000 0.001 0.002 0.007 0.021 0.044 0.070 0.102 0.130 0.624
7 21 0.002 0.000 0.001 0.002 0.007 0.024 0.046 0.072 0.105 0.138 0.605
5 24 0.002 0.000 0.001 0.002 0.005 0.014 0.036 0.063 0.091 0.127 0.661
30 44 0.002 0.000 0.001 0.002 0.005 0.011 0.023 0.043 0.067 0.094 0.756
23 43 0.002 0.000 0.001 0.002 0.007 0.015 0.031 0.060 0.099 0.145 0.642
9 17 0.002 0.000 0.000 0.002 0.006 0.015 0.032 0.069 0.133 0.164 0.579
20 31 0.002 0.000 0.001 0.002 0.008 0.020 0.046 0.090 0.133 0.166 0.535
22 28 0.002 0.000 0.000 0.002 0.009 0.026 0.055 0.097 0.138 0.166 0.507
22 29 0.002 0.000 0.000 0.002 0.009 0.024 0.049 0.083 0.123 0.153 0.556
18 33 0.002 0.000 0.001 0.002 0.009 0.022 0.041 0.066 0.099 0.145 0.618
2 17 0.002 0.000 0.000 0.002 0.009 0.033 0.074 0.098 0.119 0.124 0.541
1 13 0.002 0.000 0.001 0.002 0.005 0.013 0.035 0.069 0.097 0.111 0.668
2 9 0.002 0.000 0.000 0.002 0.007 0.017 0.030 0.053 0.092 0.127 0.671
2 20 0.002 0.000 0.000 0.002 0.007 0.020 0.045 0.059 0.066 0.086 0.716
18 34 0.002 0.000 0.001 0.002 0.007 0.021 0.045 0.073 0.090 0.104 0.656
7 19 0.002 0.000 0.000 0.002 0.009 0.029 0.066 0.104 0.122 0.120 0.547
5 25 0.002 0.000 0.001 0.002 0.006 0.013 0.031 0.060 0.091 0.124 0.674
22 34 0.002 0.000 0.000 0.002 0.008 0.021 0.047 0.074 0.096 0.117 0.635
10 22 0.002 0.000 0.001 0.001 0.004 0.010 0.028 0.075 0.135 0.183 0.563
20 33 0.002 0.000 0.001 0.002 0.008 0.021 0.049 0.084 0.119 0.142 0.575
17 33 0.002 0.000 0.000 0.002 0.007 0.013 0.036 0.080 0.122 0.156 0.584
22 33 0.002 0.000 0.000 0.002 0.008 0.016 0.038 0.071 0.108 0.142 0.615
11 31 0.002 0.000 0.001 0.002 0.005 0.012 0.028 0.053 0.082 0.126 0.692
11 43 0.002 0.000 0.001 0.002 0.006 0.018 0.044 0.095 0.153 0.168 0.513
12 32 0.002 0.000 0.000 0.002 0.006 0.018 0.035 0.057 0.083 0.132 0.666
4 24 0.002 0.000 0.000 0.002 0.006 0.017 0.035 0.055 0.083 0.135 0.666
30 43 0.002 0.000 0.001 0.001 0.005 0.010 0.021 0.043 0.072 0.109 0.737
2 22 0.002 0.000 0.000 0.002 0.006 0.018 0.032 0.040 0.055 0.087 0.759
9 36 0.002 0.000 0.000 0.002 0.006 0.020 0.041 0.074 0.115 0.158 0.584
21 29 0.002 0.000 0.001 0.001 0.006 0.020 0.052 0.089 0.118 0.140 0.572
23 38 0.002 0.000 0.001 0.001 0.006 0.015 0.043 0.089 0.118 0.135 0.592
11 19 0.002 0.000 0.000 0.002 0.006 0.015 0.041 0.076 0.126 0.191 0.543
10 37 0.002 0.000 0.001 0.001 0.006 0.015 0.036 0.077 0.128 0.170 0.565
19 43 0.002 0.000 0.001 0.001 0.005 0.016 0.036 0.067 0.098 0.120 0.655
19 34 0.002 0.000 0.001 0.001 0.006 0.019 0.051 0.080 0.095 0.116 0.632
24 35 0.002 0.000 0.000 0.002 0.006 0.015 0.032 0.059 0.097 0.152 0.638
1 14 0.002 0.000 0.001 0.001 0.006 0.018 0.049 0.091 0.097 0.091 0.647
24 36 0.002 0.000 0.000 0.002 0.007 0.019 0.039 0.065 0.094 0.136 0.639
3 27 0.002 0.000 0.000 0.002 0.005 0.012 0.024 0.045 0.071 0.109 0.731
12 25 0.002 0.000 0.000 0.002 0.007 0.020 0.043 0.089 0.130 0.166 0.543
12 30 0.002 0.000 0.001 0.001 0.007 0.017 0.031 0.060 0.099 0.144 0.639
2 12 0.002 0.000 0.000 0.001 0.007 0.018 0.039 0.064 0.091 0.126 0.653
20 36 0.002 0.000 0.000 0.001 0.007 0.023 0.046 0.064 0.084 0.112 0.661
12 34 0.002 0.000 0.001 0.001 0.004 0.011 0.025 0.059 0.106 0.170 0.622
5 23 0.002 0.000 0.001 0.001 0.004 0.013 0.039 0.079 0.103 0.119 0.641
20 37 0.002 0.000 0.001 0.001 0.005 0.018 0.047 0.075 0.092 0.119 0.641
20 43 0.002 0.000 0.001 0.001 0.005 0.014 0.027 0.053 0.088 0.127 0.684
3 31 0.002 0.000 0.000 0.001 0.008 0.016 0.025 0.045 0.081 0.133 0.691
7 28 0.002 0.000 0.001 0.001 0.004 0.009 0.021 0.039 0.067 0.110 0.749
11 20 0.002 0.000 0.001 0.001 0.004 0.011 0.027 0.066 0.122 0.177 0.592
12 36 0.002 0.000 0.000 0.001 0.005 0.015 0.032 0.062 0.105 0.155 0.624
2 24 0.002 0.000 0.000 0.001 0.004 0.013 0.025 0.034 0.046 0.074 0.802
9 22 0.002 0.000 0.001 0.001 0.004 0.012 0.029 0.063 0.108 0.166 0.617
11 24 0.002 0.000 0.000 0.001 0.005 0.011 0.027 0.063 0.115 0.183 0.595
23 34 0.002 0.000 0.000 0.001 0.005 0.017 0.044 0.078 0.105 0.137 0.613
2 34 0.002 0.000 0.000 0.001 0.006 0.021 0.047 0.080 0.112 0.125 0.608
23 37 0.002 0.000 0.000 0.001 0.005 0.012 0.034 0.065 0.094 0.131 0.658
25 35 0.002 0.000 0.000 0.001 0.005 0.012 0.028 0.060 0.103 0.156 0.634
22 37 0.002 0.000 0.000 0.001 0.006 0.017 0.043 0.078 0.104 0.133 0.617
29 36 0.002 0.000 0.000 0.001 0.005 0.015 0.027 0.051 0.086 0.132 0.683
10 26 0.002 0.000 0.000 0.001 0.003 0.007 0.018 0.045 0.097 0.171 0.657
10 28 0.002 0.000 0.001 0.001 0.003 0.007 0.016 0.041 0.085 0.142 0.704
18 32 0.002 0.000 0.000 0.001 0.007 0.019 0.041 0.075 0.098 0.130 0.628
19 37 0.002 0.000 0.000 0.001 0.005 0.017 0.040 0.072 0.092 0.117 0.655
13 34 0.002 0.000 0.000 0.001 0.005 0.013 0.032 0.061 0.105 0.147 0.637
21 32 0.002 0.000 0.000 0.001 0.008 0.015 0.032 0.058 0.092 0.136 0.659
8 19 0.002 0.000 0.000 0.001 0.008 0.027 0.066 0.119 0.147 0.156 0.476
6 34 0.002 0.000 0.000 0.001 0.004 0.009 0.022 0.051 0.103 0.163 0.646
5 27 0.002 0.000 0.000 0.001 0.005 0.011 0.026 0.055 0.091 0.128 0.683
2 21 0.002 0.000 0.000 0.001 0.006 0.023 0.042 0.054 0.071 0.102 0.700
10 21 0.002 0.000 0.000 0.001 0.004 0.012 0.042 0.093 0.145 0.179 0.524
2 23 0.002 0.000 0.000 0.001 0.005 0.012 0.023 0.038 0.053 0.079 0.790
2 11 0.002 0.000 0.000 0.001 0.005 0.013 0.029 0.060 0.102 0.146 0.644
6 21 0.002 0.000 0.000 0.001 0.005 0.015 0.037 0.061 0.090 0.142 0.649
12 23 0.002 0.000 0.000 0.001 0.005 0.017 0.042 0.087 0.138 0.173 0.536
11 37 0.002 0.000 0.000 0.001 0.005 0.012 0.029 0.066 0.123 0.185 0.578
29 35 0.002 0.000 0.000 0.001 0.004 0.012 0.025 0.046 0.081 0.126 0.704
2 33 0.002 0.000 0.000 0.001 0.006 0.018 0.042 0.073 0.111 0.139 0.611
13 36 0.002 0.000 0.000 0.001 0.005 0.014 0.030 0.059 0.093 0.141 0.655
15 34 0.002 0.000 0.000 0.001 0.005 0.014 0.038 0.081 0.114 0.124 0.623
23 32 0.002 0.000 0.000 0.001 0.005 0.011 0.028 0.058 0.094 0.141 0.662
16 36 0.002 0.000 0.000 0.001 0.005 0.019 0.042 0.069 0.099 0.133 0.631
13 35 0.002 0.000 0.001 0.001 0.003 0.007 0.020 0.048 0.092 0.144 0.684
8 27 0.002 0.000 0.000 0.001 0.004 0.011 0.027 0.052 0.082 0.129 0.694
14 35 0.002 0.000 0.000 0.001 0.005 0.014 0.030 0.063 0.100 0.135 0.652
18 37 0.002 0.000 0.000 0.001 0.006 0.020 0.040 0.066 0.097 0.134 0.635
6 28 0.002 0.000 0.000 0.001 0.003 0.006 0.013 0.032 0.066 0.123 0.756
22 32 0.002 0.000 0.000 0.001 0.006 0.015 0.030 0.052 0.084 0.126 0.685
6 35 0.001 0.000 0.000 0.001 0.004 0.012 0.028 0.060 0.104 0.161 0.629
11 33 0.001 0.000 0.000 0.001 0.004 0.009 0.023 0.050 0.095 0.165 0.654
20 32 0.001 0.000 0.000 0.001 0.006 0.015 0.036 0.071 0.105 0.136 0.629
8 28 0.001 0.000 0.000 0.001 0.003 0.010 0.023 0.049 0.077 0.117 0.719
11 32 0.001 0.000 0.000 0.001 0.004 0.010 0.022 0.047 0.082 0.133 0.700
10 27 0.001 0.000 0.000 0.001 0.004 0.008 0.020 0.050 0.094 0.141 0.681
9 21 0.001 0.000 0.000 0.001 0.005 0.014 0.035 0.072 0.113 0.151 0.609
11 30 0.001 0.000 0.000 0.001 0.004 0.010 0.023 0.050 0.086 0.133 0.694
15 37 0.001 0.000 0.000 0.001 0.005 0.015 0.029 0.051 0.081 0.110 0.708
1 32 0.001 0.000 0.000 0.001 0.004 0.010 0.019 0.034 0.059 0.094 0.778
8 24 0.001 0.000 0.000 0.001 0.004 0.011 0.022 0.042 0.073 0.118 0.729
22 36 0.001 0.000 0.000 0.001 0.005 0.016 0.038 0.069 0.099 0.133 0.640
19 36 0.001 0.000 0.000 0.001 0.006 0.018 0.041 0.057 0.076 0.108 0.694
8 36 0.001 0.000 0.000 0.001 0.004 0.014 0.032 0.070 0.117 0.155 0.606
17 34 0.001 0.000 0.000 0.001 0.005 0.015 0.040 0.065 0.084 0.108 0.682
6 13 0.001 0.000 0.000 0.001 0.005 0.022 0.051 0.114 0.142 0.134 0.531
10 31 0.001 0.000 0.000 0.001 0.003 0.007 0.018 0.042 0.080 0.131 0.717
11 34 0.001 0.000 0.000 0.001 0.003 0.007 0.019 0.045 0.092 0.165 0.668
11 36 0.001 0.000 0.000 0.001 0.004 0.010 0.026 0.060 0.097 0.147 0.654
10 18 0.001 0.000 0.000 0.001 0.006 0.021 0.056 0.101 0.144 0.168 0.504
3 30 0.001 0.000 0.000 0.001 0.005 0.015 0.029 0.048 0.077 0.120 0.705
11 23 0.001 0.000 0.000 0.001 0.003 0.008 0.020 0.051 0.112 0.196 0.608
2 26 0.001 0.000 0.000 0.001 0.004 0.009 0.018 0.031 0.051 0.087 0.798
4 34 0.001 0.000 0.000 0.001 0.004 0.012 0.030 0.067 0.116 0.160 0.610
12 35 0.001 0.000 0.000 0.001 0.003 0.009 0.020 0.047 0.090 0.154 0.676
8 21 0.001 0.000 0.000 0.001 0.005 0.015 0.039 0.086 0.125 0.155 0.575
17 37 0.001 0.000 0.000 0.001 0.005 0.019 0.038 0.061 0.088 0.128 0.659
6 22 0.001 0.000 0.000 0.001 0.004 0.017 0.030 0.045 0.075 0.122 0.707
8 34 0.001 0.000 0.000 0.001 0.003 0.009 0.021 0.050 0.095 0.151 0.671
7 22 0.001 0.000 0.000 0.001 0.005 0.022 0.035 0.051 0.082 0.130 0.674
5 29 0.001 0.000 0.000 0.001 0.004 0.010 0.021 0.041 0.071 0.122 0.730
19 32 0.001 0.000 0.000 0.001 0.005 0.014 0.036 0.072 0.102 0.127 0.643
8 33 0.001 0.000 0.000 0.001 0.003 0.008 0.020 0.043 0.082 0.134 0.709
21 35 0.001 0.000 0.000 0.001 0.005 0.015 0.032 0.055 0.085 0.121 0.686
4 28 0.001 0.000 0.000 0.001 0.003 0.008 0.019 0.037 0.062 0.108 0.762
18 36 0.001 0.000 0.000 0.001 0.006 0.024 0.044 0.057 0.075 0.105 0.688
10 24 0.001 0.000 0.000 0.001 0.004 0.009 0.022 0.047 0.089 0.163 0.666
9 28 0.001 0.000 0.000 0.001 0.003 0.008 0.019 0.047 0.089 0.132 0.700
9 24 0.001 0.000 0.000 0.001 0.003 0.007 0.016 0.039 0.078 0.143 0.712
7 27 0.001 0.000 0.000 0.001 0.003 0.008 0.017 0.037 0.070 0.125 0.738
4 33 0.001 0.000 0.000 0.001 0.004 0.013 0.031 0.063 0.108 0.155 0.624
8 22 0.001 0.000 0.000 0.001 0.004 0.018 0.039 0.063 0.094 0.130 0.649
8 25 0.001 0.000 0.000 0.001 0.004 0.010 0.025 0.052 0.080 0.120 0.708
6 27 0.001 0.000 0.000 0.001 0.003 0.008 0.017 0.039 0.069 0.114 0.748
9 18 0.001 0.000 0.000 0.001 0.005 0.021 0.054 0.092 0.127 0.147 0.552
2 29 0.001 0.000 0.000 0.001 0.003 0.007 0.014 0.025 0.044 0.080 0.826
5 31 0.001 0.000 0.000 0.001 0.005 0.013 0.026 0.048 0.082 0.132 0.693
10 36 0.001 0.000 0.000 0.001 0.004 0.012 0.030 0.058 0.096 0.143 0.656
11 25 0.001 0.000 0.000 0.001 0.003 0.009 0.023 0.059 0.116 0.191 0.597
9 31 0.001 0.000 0.000 0.001 0.003 0.007 0.018 0.040 0.067 0.111 0.753
6 33 0.001 0.000 0.000 0.001 0.003 0.008 0.022 0.055 0.103 0.161 0.648
6 20 0.001 0.000 0.000 0.001 0.003 0.010 0.027 0.051 0.071 0.110 0.726
17 36 0.001 0.000 0.000 0.001 0.005 0.022 0.040 0.056 0.075 0.103 0.697
10 29 0.001 0.000 0.000 0.001 0.002 0.006 0.013 0.037 0.078 0.138 0.725
2 13 0.001 0.000 0.000 0.001 0.004 0.010 0.026 0.061 0.089 0.109 0.699
2 25 0.001 0.000 0.000 0.001 0.003 0.006 0.015 0.029 0.053 0.095 0.799
23 36 0.001 0.000 0.000 0.001 0.004 0.013 0.034 0.062 0.090 0.125 0.671
2 27 0.001 0.000 0.000 0.001 0.003 0.007 0.014 0.025 0.047 0.088 0.815
2 14 0.001 0.000 0.000 0.001 0.005 0.015 0.037 0.064 0.086 0.089 0.702
2 28 0.001 0.000 0.000 0.001 0.003 0.009 0.016 0.027 0.044 0.075 0.826
7 24 0.001 0.000 0.000 0.001 0.003 0.011 0.029 0.046 0.065 0.101 0.744
5 32 0.001 0.000 0.000 0.001 0.004 0.011 0.024 0.049 0.087 0.135 0.690
5 30 0.001 0.000 0.000 0.001 0.003 0.009 0.027 0.056 0.092 0.132 0.679
4 27 0.001 0.000 0.000 0.001 0.003 0.007 0.017 0.038 0.065 0.102 0.766
10 20 0.001 0.000 0.000 0.001 0.003 0.008 0.022 0.056 0.104 0.170 0.636
10 17 0.001 0.000 0.000 0.001 0.004 0.012 0.027 0.069 0.137 0.181 0.569
7 35 0.001 0.000 0.000 0.001 0.002 0.008 0.023 0.056 0.106 0.157 0.647
9 27 0.001 0.000 0.000 0.001 0.003 0.008 0.020 0.052 0.095 0.144 0.678
6 24 0.001 0.000 0.000 0.001 0.003 0.010 0.025 0.043 0.067 0.105 0.747
10 23 0.001 0.000 0.000 0.001 0.002 0.005 0.014 0.042 0.089 0.166 0.680
4 29 0.001 0.000 0.000 0.001 0.003 0.008 0.015 0.028 0.049 0.092 0.804
16 35 0.001 0.000 0.000 0.001 0.004 0.015 0.041 0.078 0.114 0.133 0.616
7 31 0.001 0.000 0.000 0.001 0.002 0.006 0.016 0.034 0.060 0.102 0.778
3 32 0.001 0.000 0.000 0.001 0.004 0.012 0.029 0.049 0.080 0.129 0.695
15 36 0.001 0.000 0.000 0.001 0.003 0.011 0.030 0.057 0.089 0.123 0.687
23 35 0.001 0.000 0.000 0.001 0.004 0.013 0.033 0.061 0.092 0.126 0.670
7 36 0.001 0.000 0.000 0.001 0.003 0.010 0.029 0.065 0.118 0.161 0.613
20 35 0.001 0.000 0.000 0.001 0.004 0.014 0.033 0.061 0.083 0.113 0.691
7 34 0.001 0.000 0.000 0.001 0.002 0.007 0.020 0.051 0.103 0.160 0.656
9 29 0.001 0.000 0.000 0.001 0.002 0.005 0.012 0.033 0.071 0.127 0.750
10 19 0.001 0.000 0.000 0.001 0.003 0.011 0.034 0.075 0.121 0.180 0.575
9 35 0.001 0.000 0.000 0.001 0.003 0.009 0.024 0.053 0.092 0.136 0.682
9 26 0.001 0.000 0.000 0.001 0.002 0.007 0.016 0.040 0.084 0.149 0.702
6 31 0.001 0.000 0.000 0.001 0.002 0.007 0.018 0.036 0.059 0.100 0.777
6 25 0.001 0.000 0.000 0.001 0.003 0.011 0.030 0.058 0.080 0.127 0.691
9 20 0.001 0.000 0.000 0.001 0.003 0.011 0.026 0.060 0.101 0.150 0.648
7 20 0.001 0.000 0.000 0.001 0.003 0.012 0.034 0.073 0.097 0.116 0.663
7 25 0.001 0.000 0.000 0.001 0.003 0.010 0.026 0.051 0.080 0.132 0.698
10 25 0.001 0.000 0.000 0.001 0.002 0.004 0.011 0.035 0.093 0.179 0.675
8 20 0.001 0.000 0.000 0.001 0.003 0.013 0.037 0.074 0.111 0.148 0.612
2 31 0.001 0.000 0.000 0.001 0.003 0.010 0.019 0.030 0.055 0.097 0.786
7 33 0.001 0.000 0.000 0.001 0.002 0.006 0.016 0.042 0.088 0.147 0.697
7 29 0.001 0.000 0.000 0.001 0.002 0.005 0.014 0.035 0.058 0.096 0.790
10 34 0.001 0.000 0.000 0.001 0.002 0.007 0.021 0.054 0.102 0.155 0.657
10 30 0.001 0.000 0.000 0.001 0.002 0.006 0.017 0.041 0.071 0.128 0.734
10 32 0.001 0.000 0.000 0.001 0.002 0.005 0.015 0.039 0.081 0.131 0.726
10 33 0.001 0.000 0.000 0.001 0.003 0.007 0.018 0.047 0.098 0.161 0.666
6 19 0.001 0.000 0.000 0.001 0.003 0.011 0.029 0.064 0.094 0.132 0.665
9 34 0.001 0.000 0.000 0.001 0.002 0.007 0.020 0.053 0.100 0.150 0.667
8 23 0.001 0.000 0.000 0.001 0.002 0.007 0.022 0.050 0.089 0.139 0.690
6 23 0.001 0.000 0.000 0.001 0.003 0.007 0.019 0.048 0.071 0.104 0.748
11 35 0.001 0.000 0.000 0.001 0.002 0.005 0.013 0.035 0.077 0.145 0.721
8 31 0.001 0.000 0.000 0.001 0.002 0.007 0.017 0.033 0.063 0.115 0.762
9 19 0.001 0.000 0.000 0.001 0.003 0.010 0.030 0.071 0.110 0.160 0.615
8 35 0.001 0.000 0.000 0.001 0.002 0.008 0.021 0.052 0.092 0.135 0.689
22 35 0.001 0.000 0.000 0.001 0.003 0.011 0.030 0.062 0.090 0.128 0.676
18 35 0.001 0.000 0.000 0.001 0.002 0.010 0.032 0.060 0.078 0.105 0.711
9 23 0.001 0.000 0.000 0.000 0.002 0.006 0.017 0.042 0.086 0.148 0.698
4 31 0.001 0.000 0.000 0.001 0.003 0.007 0.014 0.032 0.069 0.126 0.749
10 35 0.001 0.000 0.000 0.000 0.002 0.006 0.017 0.046 0.091 0.140 0.697
7 23 0.001 0.000 0.000 0.000 0.002 0.006 0.022 0.052 0.081 0.117 0.719
4 30 0.001 0.000 0.000 0.000 0.002 0.005 0.014 0.033 0.064 0.115 0.767
8 32 0.001 0.000 0.000 0.000 0.002 0.006 0.012 0.028 0.057 0.107 0.788
9 33 0.001 0.000 0.000 0.000 0.002 0.005 0.017 0.048 0.093 0.146 0.688
9 25 0.001 0.000 0.000 0.000 0.002 0.005 0.015 0.037 0.078 0.147 0.717
6 32 0.001 0.000 0.000 0.000 0.002 0.006 0.015 0.031 0.056 0.106 0.783
6 30 0.001 0.000 0.000 0.000 0.002 0.005 0.013 0.031 0.057 0.097 0.794
19 35 0.001 0.000 0.000 0.000 0.002 0.008 0.026 0.057 0.088 0.116 0.702
2 30 0.001 0.000 0.000 0.000 0.003 0.008 0.016 0.025 0.045 0.080 0.823
9 30 0.001 0.000 0.000 0.000 0.001 0.004 0.012 0.029 0.063 0.121 0.768
2 32 0.001 0.000 0.000 0.000 0.002 0.006 0.017 0.032 0.057 0.104 0.781
15 35 0.001 0.000 0.000 0.000 0.002 0.008 0.021 0.048 0.086 0.125 0.711
7 30 0.001 0.000 0.000 0.000 0.002 0.005 0.014 0.033 0.062 0.101 0.782
8 29 0.001 0.000 0.000 0.000 0.001 0.004 0.012 0.031 0.059 0.105 0.787
9 32 0.000 0.000 0.000 0.000 0.002 0.004 0.010 0.027 0.068 0.130 0.760
8 30 0.000 0.000 0.000 0.000 0.001 0.005 0.014 0.035 0.063 0.115 0.767
6 29 0.000 0.000 0.000 0.000 0.001 0.004 0.012 0.027 0.054 0.096 0.806
7 32 0.000 0.000 0.000 0.000 0.001 0.005 0.012 0.029 0.059 0.113 0.780
4 32 0.000 0.000 0.000 0.000 0.002 0.006 0.017 0.035 0.064 0.114 0.762
17 35 0.000 0.000 0.000 0.000 0.002 0.009 0.029 0.054 0.077 0.100 0.729