# SEQ SS ASA Phi Psi Theta(i-1=>i+1) Tau(i-2=>i+2) HSE_alpha_up HSE_alpha_down P(C) P(H) P(E)
1   A H  17.5  -65.8  -39.9   94.0   57.4 16.4 10.7 0.068 0.932 0.000
2   K H 124.2  -67.2  -34.5   93.7   55.0  5.0 15.2 0.051 0.948 0.001
3   R H 147.7  -69.8  -33.9   94.7   53.3  2.2 17.0 0.046 0.953 0.000
4   E H  81.8  -71.4  -34.9   95.5   51.2  7.6 16.1 0.089 0.911 0.000
5   F H  33.6  -70.9  -32.9   95.4   51.0 17.8 11.0 0.153 0.846 0.001
6   N H 103.0  -67.5  -29.8   93.8   59.0  4.1 15.9 0.308 0.691 0.001
7   E H 135.9  -81.7  -17.4   95.9   48.6  1.8 15.7 0.421 0.577 0.002
8   N C  59.5 -113.6  105.1  114.6   44.3 11.8 11.2 0.886 0.111 0.003
9   R C 144.8  -72.6  -19.4   96.5 -165.7  4.9 16.5 0.889 0.105 0.005
10  Y C  94.3  -92.3    0.8  103.1   56.5 10.2 15.9 0.911 0.082 0.007
11  L C  31.7  -95.6  133.6  117.8   96.6 19.7 11.1 0.963 0.024 0.013
12  T C  61.9  -95.3  163.0  123.7 -148.5  5.8 21.5 0.972 0.023 0.005
13  E H 113.0  -62.2  -35.9   93.7 -105.3  8.4 14.2 0.049 0.951 0.000
14  R H 153.6  -65.6  -37.6   92.6   53.8  1.7 18.7 0.030 0.970 0.000
15  R H  87.8  -67.4  -38.3   93.4   50.3  8.4 17.2 0.014 0.986 0.000
16  R H  44.4  -64.0  -40.6   93.1   52.4 17.6 15.5 0.008 0.992 0.000
17  Q H  91.6  -64.4  -39.7   92.9   52.1  6.7 20.6 0.010 0.990 0.000
18  Q H  96.9  -65.9  -39.6   92.4   50.0  3.3 22.0 0.014 0.986 0.000
19  L H  19.8  -65.9  -42.4   93.6   49.7 16.2 16.8 0.010 0.990 0.000
20  S H  19.7  -63.7  -40.7   93.1   52.2 17.0 15.8 0.008 0.992 0.000
21  S H  76.5  -65.8  -37.2   92.0   51.2  2.0 19.8 0.016 0.984 0.000
22  E H 104.1  -69.3  -35.1   92.5   50.0  4.4 18.2 0.038 0.962 0.000
23  L H  31.9  -90.2   -6.7   97.4   44.3 17.4 11.7 0.352 0.648 0.000
24  G C  58.1   70.5   22.7   94.0 -112.5  1.9 20.5 0.998 0.002 0.000
25  L C  32.2 -100.3  145.2  123.3  140.8 17.9  7.6 0.999 0.000 0.001
26  N C  86.1  -78.4  159.9  120.7 -113.5  2.8 21.7 0.998 0.001 0.000
27  E H 120.3  -60.8  -35.9   92.9 -105.5  7.7 13.1 0.035 0.965 0.000
28  A H  71.6  -65.0  -37.6   92.7   55.1  2.3 17.7 0.020 0.980 0.000
29  Q H  74.5  -67.5  -37.5   93.5   50.6  7.3 17.6 0.015 0.985 0.000
30  I H  26.9  -65.6  -40.4   93.7   51.4 17.4 15.1 0.026 0.974 0.000
31  K H  96.1  -64.6  -39.6   93.3   52.9  7.9 19.1 0.043 0.956 0.001
32  I H  83.0  -65.8  -40.0   92.9   50.6  4.4 21.0 0.042 0.956 0.001
33  W H  67.0  -66.1  -40.7   93.6   50.2  9.5 18.3 0.045 0.954 0.001
34  F H  50.1  -66.5  -39.3   94.1   50.3 13.7 16.8 0.133 0.866 0.001
35  Q H  91.6  -66.5  -38.1   93.7   52.0  5.6 19.4 0.255 0.744 0.000
36  N H  59.7  -68.5  -36.0   94.3   51.6  8.6 16.6 0.395 0.604 0.000
37  K H  94.5  -66.4  -37.3   93.7   54.8  7.8 15.8 0.317 0.682 0.001
38  R H 100.9  -68.0  -34.9   93.9   52.0  8.8 14.8 0.300 0.700 0.001
39  A H  53.9  -68.2  -34.0   94.2   54.2  7.3 13.6 0.361 0.638 0.002
40  K H 125.0  -72.6  -28.4   95.1   53.8  3.5 13.7 0.453 0.541 0.006
41  I C  83.5  -83.3  -13.6  100.3   52.6  8.2 10.0 0.538 0.453 0.009
42  K C 137.5  -82.1   -3.9  101.6   64.9  4.0  9.7 0.647 0.335 0.017
43  K C 159.5  -86.0   16.4  104.0   65.7  2.2  7.6 0.795 0.194 0.011
44  S C 100.9  -90.8   95.6  108.9   70.8  1.9  6.6 0.993 0.006 0.001
