1 3 0 8  0.5368841886520386
1 4 0 8  0.6084836721420288
1 5 0 8  0.6072797775268555
1 6 0 8  0.06351728737354279
1 7 0 8  0.04431162774562836
1 8 0 8  0.035054732114076614
1 9 0 8  0.017983846366405487
1 10 0 8  0.01209549605846405
1 11 0 8  0.018497299402952194
1 12 0 8  0.01249258778989315
1 13 0 8  0.006879698019474745
1 14 0 8  0.006910290103405714
1 15 0 8  0.0091589679941535
1 16 0 8  0.007151490077376366
1 17 0 8  0.0039837234653532505
1 18 0 8  0.0049468744546175
1 19 0 8  0.007063949480652809
1 20 0 8  0.005211654119193554
1 21 0 8  0.005769452080130577
1 22 0 8  0.006407199427485466
1 23 0 8  0.0041718026623129845
1 24 0 8  0.004738135263323784
1 25 0 8  0.005678428336977959
1 26 0 8  0.004386459477245808
1 27 0 8  0.0043794019147753716
1 28 0 8  0.004106383770704269
1 29 0 8  0.004726985469460487
1 30 0 8  0.004594989120960236
1 31 0 8  0.004098113626241684
1 32 0 8  0.006641441024839878
1 33 0 8  0.006025037728250027
1 34 0 8  0.008983934298157692
1 35 0 8  0.007975555956363678
1 36 0 8  0.018802497535943985
1 37 0 8  0.023234574124217033
1 38 0 8  0.05095742642879486
1 39 0 8  0.057906296104192734
1 40 0 8  0.038893356919288635
1 41 0 8  0.04054069519042969
1 42 0 8  0.025198262184858322
1 43 0 8  0.012809986248612404
1 44 0 8  0.011445903219282627
1 45 0 8  0.009866928681731224
1 46 0 8  0.007666713558137417
1 47 0 8  0.007389782927930355
1 48 0 8  0.0067888409830629826
1 49 0 8  0.0048452746123075485
1 50 0 8  0.004892364609986544
1 51 0 8  0.005148344207555056
1 52 0 8  0.00498869176954031
1 53 0 8  0.004768354818224907
1 54 0 8  0.004466161131858826
1 55 0 8  0.004900768864899874
1 56 0 8  0.006345265544950962
1 57 0 8  0.005172222852706909
1 58 0 8  0.005353392101824284
1 59 0 8  0.006174872629344463
1 60 0 8  0.007401542738080025
2 4 0 8  0.5598407983779907
2 5 0 8  0.6107034683227539
2 6 0 8  0.7297241687774658
2 7 0 8  0.07625095546245575
2 8 0 8  0.07272471487522125
2 9 0 8  0.024020284414291382
2 10 0 8  0.023125261068344116
2 11 0 8  0.039243511855602264
2 12 0 8  0.014725076034665108
2 13 0 8  0.008274618536233902
2 14 0 8  0.010588590055704117
2 15 0 8  0.015502950176596642
2 16 0 8  0.00946001335978508
2 17 0 8  0.004510396160185337
2 18 0 8  0.006456479430198669
2 19 0 8  0.008239473216235638
2 20 0 8  0.0057871388271451
2 21 0 8  0.006613308563828468
2 22 0 8  0.0066930740140378475
2 23 0 8  0.004535873420536518
2 24 0 8  0.004632245749235153
2 25 0 8  0.005655347835272551
2 26 0 8  0.00420394167304039
2 27 0 8  0.004568110685795546
2 28 0 8  0.004690971691161394
2 29 0 8  0.005707023199647665
2 30 0 8  0.00516433035954833
2 31 0 8  0.005253276322036982
2 32 0 8  0.01271263137459755
2 33 0 8  0.008575625717639923
2 34 0 8  0.011945526115596294
2 35 0 8  0.019199732691049576
2 36 0 8  0.042479485273361206
2 37 0 8  0.043290603905916214
2 38 0 8  0.09355919063091278
2 39 0 8  0.10415054857730865
2 40 0 8  0.038287706673145294
2 41 0 8  0.044452592730522156
2 42 0 8  0.0377572737634182
2 43 0 8  0.011994271539151669
2 44 0 8  0.007806460373103619
2 45 0 8  0.010603547096252441
2 46 0 8  0.008375389501452446
2 47 0 8  0.006916749756783247
2 48 0 8  0.0059743402525782585
2 49 0 8  0.004917512647807598
2 50 0 8  0.004769278224557638
2 51 0 8  0.004562920890748501
2 52 0 8  0.004671235103160143
2 53 0 8  0.0045286924578249454
2 54 0 8  0.0041700322180986404
2 55 0 8  0.004191250540316105
2 56 0 8  0.005438879132270813
2 57 0 8  0.0047163269482553005
2 58 0 8  0.004789713770151138
2 59 0 8  0.005825801752507687
2 60 0 8  0.006338037550449371
3 5 0 8  0.5913211703300476
3 6 0 8  0.6076033711433411
3 7 0 8  0.803765058517456
3 8 0 8  0.0698666125535965
3 9 0 8  0.026538005098700523
3 10 0 8  0.030778612941503525
3 11 0 8  0.061281777918338776
3 12 0 8  0.018083781003952026
3 13 0 8  0.009919186122715473
3 14 0 8  0.01326708309352398
3 15 0 8  0.015392649918794632
3 16 0 8  0.009369611740112305
3 17 0 8  0.005001735407859087
3 18 0 8  0.006719337776303291
3 19 0 8  0.008265689015388489
3 20 0 8  0.006257424596697092
3 21 0 8  0.006160554476082325
3 22 0 8  0.0059862202033400536
3 23 0 8  0.004500232636928558
3 24 0 8  0.0042738644406199455
3 25 0 8  0.005287001840770245
3 26 0 8  0.0038684243336319923
3 27 0 8  0.0040746587328612804
3 28 0 8  0.004656156525015831
3 29 0 8  0.005516941659152508
3 30 0 8  0.0048628635704517365
3 31 0 8  0.00431048683822155
3 32 0 8  0.01169724203646183
3 33 0 8  0.007459572516381741
3 34 0 8  0.010095836594700813
3 35 0 8  0.01828284189105034
3 36 0 8  0.0437626913189888
3 37 0 8  0.03922048211097717
3 38 0 8  0.1131608635187149
3 39 0 8  0.14274224638938904
3 40 0 8  0.03176867961883545
3 41 0 8  0.04136553406715393
3 42 0 8  0.06884220242500305
3 43 0 8  0.017928555607795715
3 44 0 8  0.008652174845337868
3 45 0 8  0.0129926186054945
3 46 0 8  0.011973598971962929
3 47 0 8  0.009147781878709793
3 48 0 8  0.006419563665986061
3 49 0 8  0.005324995145201683
3 50 0 8  0.00511906947940588
3 51 0 8  0.004730186890810728
3 52 0 8  0.004905791021883488
3 53 0 8  0.0045771230943500996
3 54 0 8  0.004336916375905275
3 55 0 8  0.004344629123806953
3 56 0 8  0.006092604249715805
3 57 0 8  0.004952060058712959
3 58 0 8  0.005064316093921661
3 59 0 8  0.0051386915147304535
3 60 0 8  0.005738636013120413
4 6 0 8  0.5953410863876343
4 7 0 8  0.6037861108779907
4 8 0 8  0.8058566451072693
4 9 0 8  0.023212019354104996
4 10 0 8  0.017678027972579002
4 11 0 8  0.029055576771497726
4 12 0 8  0.008630010299384594
4 13 0 8  0.006509615108370781
4 14 0 8  0.006567996460944414
4 15 0 8  0.0068940469063818455
4 16 0 8  0.005343776661902666
4 17 0 8  0.0038237133994698524
4 18 0 8  0.004385271575301886
4 19 0 8  0.004732748959213495
4 20 0 8  0.004105883650481701
4 21 0 8  0.004205586388707161
4 22 0 8  0.004554693587124348
4 23 0 8  0.003685673698782921
4 24 0 8  0.003757268190383911
4 25 0 8  0.0043106297962367535
4 26 0 8  0.0036352179013192654
4 27 0 8  0.003731447970494628
4 28 0 8  0.00404937332496047
4 29 0 8  0.004724894184619188
4 30 0 8  0.004190823063254356
4 31 0 8  0.00406298553571105
4 32 0 8  0.006690658628940582
4 33 0 8  0.005603708326816559
4 34 0 8  0.0065728770568966866
4 35 0 8  0.010249662213027477
4 36 0 8  0.03204764053225517
4 37 0 8  0.02668829634785652
4 38 0 8  0.061971478164196014
4 39 0 8  0.07805979251861572
4 40 0 8  0.021735798567533493
4 41 0 8  0.02214399166405201
4 42 0 8  0.019672542810440063
4 43 0 8  0.010028548538684845
4 44 0 8  0.0066783130168914795
4 45 0 8  0.006476223934441805
4 46 0 8  0.00678982213139534
4 47 0 8  0.00574344489723444
4 48 0 8  0.004822398070245981
4 49 0 8  0.004457781091332436
4 50 0 8  0.00442481879144907
4 51 0 8  0.004128595814108849
4 52 0 8  0.004426970146596432
4 53 0 8  0.004327203147113323
4 54 0 8  0.00410151481628418
4 55 0 8  0.0040719639509916306
4 56 0 8  0.005239640828222036
4 57 0 8  0.004940143320709467
4 58 0 8  0.005171607248485088
4 59 0 8  0.00518385786563158
4 60 0 8  0.005304234102368355
5 7 0 8  0.5968623161315918
5 8 0 8  0.6084623336791992
5 9 0 8  0.8329758644104004
5 10 0 8  0.032671570777893066
5 11 0 8  0.02992049977183342
5 12 0 8  0.007809814065694809
5 13 0 8  0.007494071964174509
5 14 0 8  0.00708578247576952
5 15 0 8  0.006176505237817764
5 16 0 8  0.004924202337861061
5 17 0 8  0.004030114971101284
5 18 0 8  0.004072870127856731
5 19 0 8  0.004398636519908905
5 20 0 8  0.004122682381421328
5 21 0 8  0.00406164675951004
5 22 0 8  0.00423255143687129
5 23 0 8  0.0038339144084602594
5 24 0 8  0.0037364154122769833
5 25 0 8  0.004290787503123283
5 26 0 8  0.0036369028966873884
5 27 0 8  0.0036272332072257996
5 28 0 8  0.003958945162594318
5 29 0 8  0.004726816434413195
5 30 0 8  0.004145919810980558
5 31 0 8  0.004116716329008341
5 32 0 8  0.006466769613325596
5 33 0 8  0.005298873409628868
5 34 0 8  0.00663119787350297
5 35 0 8  0.010844935663044453
5 36 0 8  0.025603827089071274
5 37 0 8  0.02126900851726532
5 38 0 8  0.0726129561662674
5 39 0 8  0.07601606100797653
5 40 0 8  0.0125961322337389
5 41 0 8  0.015093592926859856
5 42 0 8  0.016909223049879074
5 43 0 8  0.010663483291864395
5 44 0 8  0.006163870915770531
5 45 0 8  0.0060384320095181465
5 46 0 8  0.007342688739299774
5 47 0 8  0.006093792617321014
5 48 0 8  0.004997901618480682
5 49 0 8  0.004464899189770222
5 50 0 8  0.004209661856293678
5 51 0 8  0.003992085345089436
5 52 0 8  0.004263903480023146
5 53 0 8  0.004066977184265852
5 54 0 8  0.003855029121041298
5 55 0 8  0.003968808334320784
5 56 0 8  0.005394029896706343
5 57 0 8  0.004808480851352215
5 58 0 8  0.005471755284816027
5 59 0 8  0.005002499558031559
5 60 0 8  0.005387340672314167
6 8 0 8  0.5981982350349426
6 9 0 8  0.6276024580001831
6 10 0 8  0.9516309499740601
6 11 0 8  0.09161249548196793
6 12 0 8  0.016737045720219612
6 13 0 8  0.014066739939153194
6 14 0 8  0.0342542827129364
6 15 0 8  0.013728460296988487
6 16 0 8  0.007826374843716621
6 17 0 8  0.00435507670044899
6 18 0 8  0.004622407257556915
6 19 0 8  0.004575158469378948
6 20 0 8  0.004056973848491907
6 21 0 8  0.0038170809857547283
6 22 0 8  0.003972564823925495
6 23 0 8  0.003712236415594816
6 24 0 8  0.00358272111043334
6 25 0 8  0.004219920374453068
6 26 0 8  0.003762776032090187
6 27 0 8  0.0038373188581317663
6 28 0 8  0.004450410138815641
6 29 0 8  0.004776332061737776
6 30 0 8  0.004177743103355169
6 31 0 8  0.004625072702765465
6 32 0 8  0.0210331492125988
6 33 0 8  0.006265878677368164
6 34 0 8  0.007560912519693375
6 35 0 8  0.04465655982494354
6 36 0 8  0.07492197304964066
6 37 0 8  0.031024403870105743
6 38 0 8  0.15997758507728577
6 39 0 8  0.28333818912506104
6 40 0 8  0.015593274496495724
6 41 0 8  0.03960040211677551
6 42 0 8  0.14529454708099365
6 43 0 8  0.028668319806456566
6 44 0 8  0.007311542052775621
6 45 0 8  0.01714685931801796
6 46 0 8  0.020838871598243713
6 47 0 8  0.006114355754107237
6 48 0 8  0.005811484530568123
6 49 0 8  0.005664118565618992
6 50 0 8  0.004719318822026253
6 51 0 8  0.004200170282274485
6 52 0 8  0.005208216607570648
6 53 0 8  0.004571679979562759
6 54 0 8  0.004123197868466377
6 55 0 8  0.004276930820196867
6 56 0 8  0.0065096290782094
6 57 0 8  0.005306483246386051
6 58 0 8  0.005822003819048405
6 59 0 8  0.005122483242303133
6 60 0 8  0.005665128119289875
7 9 0 8  0.605868399143219
7 10 0 8  0.7504855394363403
7 11 0 8  0.9393220543861389
7 12 0 8  0.01867520995438099
7 13 0 8  0.006693580187857151
7 14 0 8  0.01247231662273407
7 15 0 8  0.010905919596552849
7 16 0 8  0.006409704685211182
7 17 0 8  0.0039162347093224525
7 18 0 8  0.0039023011922836304
7 19 0 8  0.003961220383644104
7 20 0 8  0.00359186134301126
7 21 0 8  0.0034901630133390427
7 22 0 8  0.0036704232916235924
7 23 0 8  0.003562096506357193
7 24 0 8  0.0033779023215174675
7 25 0 8  0.004129311069846153
7 26 0 8  0.0035241919104009867
7 27 0 8  0.003634591354057193
7 28 0 8  0.004664436914026737
7 29 0 8  0.004660941660404205
7 30 0 8  0.004357684403657913
7 31 0 8  0.004029071889817715
7 32 0 8  0.02590957283973694
7 33 0 8  0.006824330426752567
7 34 0 8  0.0057986825704574585
7 35 0 8  0.035485804080963135
7 36 0 8  0.09031940996646881
7 37 0 8  0.01875842735171318
7 38 0 8  0.08838804066181183
7 39 0 8  0.14894108474254608
7 40 0 8  0.00958982389420271
7 41 0 8  0.04044242203235626
7 42 0 8  0.10603556782007217
7 43 0 8  0.018074747174978256
7 44 0 8  0.006165592931210995
7 45 0 8  0.013041708618402481
7 46 0 8  0.016946297138929367
7 47 0 8  0.005533698946237564
7 48 0 8  0.005534732714295387
7 49 0 8  0.0059359874576330185
7 50 0 8  0.004222261719405651
7 51 0 8  0.004070925526320934
7 52 0 8  0.00556225748732686
7 53 0 8  0.00489346869289875
7 54 0 8  0.003984678536653519
7 55 0 8  0.004143248312175274
7 56 0 8  0.006850850768387318
7 57 0 8  0.00563758285716176
7 58 0 8  0.006441048346459866
7 59 0 8  0.005100972950458527
7 60 0 8  0.00591430114582181
8 10 0 8  0.6573512554168701
8 11 0 8  0.8240283131599426
8 12 0 8  0.9808741807937622
8 13 0 8  0.007923263125121593
8 14 0 8  0.005140318535268307
8 15 0 8  0.005188170820474625
8 16 0 8  0.005037665367126465
8 17 0 8  0.0038106972351670265
8 18 0 8  0.0036565205082297325
8 19 0 8  0.003675039391964674
8 20 0 8  0.0035963361151516438
8 21 0 8  0.003530171699821949
8 22 0 8  0.0037440659943968058
8 23 0 8  0.0036832266487181187
8 24 0 8  0.003468434326350689
8 25 0 8  0.004588790703564882
8 26 0 8  0.0038928138092160225
8 27 0 8  0.004014957696199417
8 28 0 8  0.004160941578447819
8 29 0 8  0.004333182703703642
8 30 0 8  0.003909948747605085
8 31 0 8  0.0036819104570895433
8 32 0 8  0.004976644180715084
8 33 0 8  0.004179726354777813
8 34 0 8  0.004092859104275703
8 35 0 8  0.005541115067899227
8 36 0 8  0.008032250218093395
8 37 0 8  0.004835617728531361
8 38 0 8  0.006595320999622345
8 39 0 8  0.008545316755771637
8 40 0 8  0.004183819517493248
8 41 0 8  0.005563938990235329
8 42 0 8  0.006890803575515747
8 43 0 8  0.006098893471062183
8 44 0 8  0.004664150532335043
8 45 0 8  0.005207165144383907
8 46 0 8  0.008131524547934532
8 47 0 8  0.004353927448391914
8 48 0 8  0.004582536406815052
8 49 0 8  0.004742822609841824
8 50 0 8  0.0036698016338050365
8 51 0 8  0.0036414910573512316
8 52 0 8  0.0039613209664821625
8 53 0 8  0.003786976682022214
8 54 0 8  0.0038047893904149532
8 55 0 8  0.0038006813265383244
8 56 0 8  0.004565470851957798
8 57 0 8  0.004274252336472273
8 58 0 8  0.004928691312670708
8 59 0 8  0.004784238990396261
8 60 0 8  0.0054095834493637085
9 11 0 8  0.8053438663482666
9 12 0 8  0.9440747499465942
9 13 0 8  0.9772472381591797
9 14 0 8  0.0057878922671079636
9 15 0 8  0.004784538410604
9 16 0 8  0.00422381516546011
9 17 0 8  0.003741032909601927
9 18 0 8  0.0036125413607805967
9 19 0 8  0.003713365877047181
9 20 0 8  0.003488134825602174
9 21 0 8  0.003517499892041087
9 22 0 8  0.003782580839470029
9 23 0 8  0.003757656319066882
9 24 0 8  0.0033973525278270245
9 25 0 8  0.00405510701239109
9 26 0 8  0.003614092245697975
9 27 0 8  0.0038980459794402122
9 28 0 8  0.004057855345308781
9 29 0 8  0.0041802264750003815
9 30 0 8  0.0038255578838288784
9 31 0 8  0.004327255301177502
9 32 0 8  0.005709623917937279
9 33 0 8  0.003972346894443035
9 34 0 8  0.005086110904812813
9 35 0 8  0.02258768491446972
9 36 0 8  0.021627452224493027
9 37 0 8  0.006119081750512123
9 38 0 8  0.04962477460503578
9 39 0 8  0.21600070595741272
9 40 0 8  0.008097267709672451
9 41 0 8  0.021970894187688828
9 42 0 8  0.3756275773048401
9 43 0 8  0.060360319912433624
9 44 0 8  0.005984805524349213
9 45 0 8  0.011253687553107738
9 46 0 8  0.05309789627790451
9 47 0 8  0.004080665297806263
9 48 0 8  0.005884656682610512
9 49 0 8  0.006074571516364813
9 50 0 8  0.004909014329314232
9 51 0 8  0.004502836614847183
9 52 0 8  0.005465219728648663
9 53 0 8  0.0046013956889510155
9 54 0 8  0.0038972487673163414
9 55 0 8  0.004116675816476345
9 56 0 8  0.005254256539046764
9 57 0 8  0.004529820289462805
9 58 0 8  0.00488513708114624
9 59 0 8  0.0053982920944690704
9 60 0 8  0.005729302763938904
10 12 0 8  0.9592154026031494
10 13 0 8  0.9683142900466919
10 14 0 8  0.9790303707122803
10 15 0 8  0.006583185866475105
10 16 0 8  0.0043752435594797134
10 17 0 8  0.0036736815236508846
10 18 0 8  0.003805427812039852
10 19 0 8  0.003701533190906048
10 20 0 8  0.0035052401944994926
10 21 0 8  0.003536887001246214
10 22 0 8  0.0037078368477523327
10 23 0 8  0.0038326510693877935
10 24 0 8  0.0034066736698150635
10 25 0 8  0.0042546889744699
10 26 0 8  0.003432333469390869
10 27 0 8  0.003766448702663183
10 28 0 8  0.00511170644313097
10 29 0 8  0.0045336270704865456
10 30 0 8  0.003925668075680733
10 31 0 8  0.008690089918673038
10 32 0 8  0.12811164557933807
10 33 0 8  0.0059819333255290985
10 34 0 8  0.005932443775236607
10 35 0 8  0.6118680238723755
10 36 0 8  0.4125867784023285
10 37 0 8  0.015030063688755035
10 38 0 8  0.16828623414039612
10 39 0 8  0.36082470417022705
10 40 0 8  0.006364860571920872
10 41 0 8  0.13829120993614197
10 42 0 8  0.793891429901123
10 43 0 8  0.07203420996665955
10 44 0 8  0.008777430281043053
10 45 0 8  0.13787125051021576
10 46 0 8  0.2149193286895752
10 47 0 8  0.006648791488260031
10 48 0 8  0.012761695310473442
10 49 0 8  0.021339256316423416
10 50 0 8  0.005533006973564625
10 51 0 8  0.004497097339481115
10 52 0 8  0.007438881788402796
10 53 0 8  0.0054062847048044205
10 54 0 8  0.0038812989369034767
10 55 0 8  0.0039700837805867195
10 56 0 8  0.005724165588617325
10 57 0 8  0.00524947140365839
10 58 0 8  0.005552877672016621
10 59 0 8  0.004933295771479607
10 60 0 8  0.005533307325094938
11 13 0 8  0.9877288341522217
11 14 0 8  0.9896541833877563
11 15 0 8  0.9825294613838196
11 16 0 8  0.006069035269320011
11 17 0 8  0.003659570589661598
11 18 0 8  0.004093369003385305
11 19 0 8  0.0043395692482590675
11 20 0 8  0.00418032007291913
11 21 0 8  0.0038857227191329002
11 22 0 8  0.004038315266370773
11 23 0 8  0.00441801268607378
11 24 0 8  0.00397446658462286
11 25 0 8  0.006318708881735802
11 26 0 8  0.003921751864254475
11 27 0 8  0.003933655098080635
11 28 0 8  0.019871734082698822
11 29 0 8  0.010596537962555885
11 30 0 8  0.0038546868599951267
11 31 0 8  0.004758219234645367
11 32 0 8  0.18364453315734863
11 33 0 8  0.0061033498495817184
11 34 0 8  0.003931487910449505
11 35 0 8  0.028606100007891655
11 36 0 8  0.049267806112766266
11 37 0 8  0.004306424874812365
11 38 0 8  0.00518049905076623
11 39 0 8  0.006945880129933357
11 40 0 8  0.003877995302900672
11 41 0 8  0.00609951838850975
11 42 0 8  0.032345961779356
11 43 0 8  0.007165178656578064
11 44 0 8  0.0044794706627726555
11 45 0 8  0.007719075307250023
11 46 0 8  0.009731115773320198
11 47 0 8  0.0042659565806388855
11 48 0 8  0.005920687690377235
11 49 0 8  0.005468527786433697
11 50 0 8  0.004029891453683376
11 51 0 8  0.004113904200494289
11 52 0 8  0.004734955262392759
11 53 0 8  0.004319961182773113
11 54 0 8  0.003764333901926875
11 55 0 8  0.003948046825826168
11 56 0 8  0.0047072493471205235
11 57 0 8  0.004903516732156277
11 58 0 8  0.005488278344273567
11 59 0 8  0.0051797726191580296
11 60 0 8  0.006297985557466745
12 14 0 8  0.9893594980239868
12 15 0 8  0.9885714054107666
12 16 0 8  0.9825904369354248
12 17 0 8  0.00381257850676775
12 18 0 8  0.0036968933418393135
12 19 0 8  0.003982569091022015
12 20 0 8  0.00547088822349906
12 21 0 8  0.004433098249137402
12 22 0 8  0.004888592287898064
12 23 0 8  0.005423606373369694
12 24 0 8  0.0037739421240985394
12 25 0 8  0.00540514849126339
12 26 0 8  0.0036686197854578495
12 27 0 8  0.003899837378412485
12 28 0 8  0.004146595485508442
12 29 0 8  0.0043174754828214645
12 30 0 8  0.0037093469873070717
12 31 0 8  0.0038881152868270874
12 32 0 8  0.0049804337322711945
12 33 0 8  0.003586584236472845
12 34 0 8  0.003996235318481922
12 35 0 8  0.004862713161855936
12 36 0 8  0.003868243657052517
12 37 0 8  0.003918705508112907
12 38 0 8  0.006551368627697229
12 39 0 8  0.00695157190784812
12 40 0 8  0.003878363873809576
12 41 0 8  0.004536192864179611
12 42 0 8  0.05415185168385506
12 43 0 8  0.005602268967777491
12 44 0 8  0.004319053143262863
12 45 0 8  0.005672011058777571
12 46 0 8  0.011523619294166565
12 47 0 8  0.004166366066783667
12 48 0 8  0.005120423156768084
12 49 0 8  0.006259922869503498
12 50 0 8  0.004615398123860359
12 51 0 8  0.0039425743743777275
12 52 0 8  0.005014766938984394
12 53 0 8  0.0045006112195551395
12 54 0 8  0.0038898924831300974
12 55 0 8  0.003969565965235233
12 56 0 8  0.005086951889097691
12 57 0 8  0.005163013469427824
12 58 0 8  0.006082273554056883
12 59 0 8  0.00566822849214077
12 60 0 8  0.007565618027001619
13 15 0 8  0.9928705096244812
13 16 0 8  0.9857780933380127
13 17 0 8  0.9771755933761597
13 18 0 8  0.004494212102144957
13 19 0 8  0.003862959099933505
13 20 0 8  0.007919268682599068
13 21 0 8  0.004620756953954697
13 22 0 8  0.004540834575891495
13 23 0 8  0.010602578520774841
13 24 0 8  0.0036347475834190845
13 25 0 8  0.004442852921783924
13 26 0 8  0.003534611314535141
13 27 0 8  0.004604118876159191
13 28 0 8  0.005970025900751352
13 29 0 8  0.004014391917735338
13 30 0 8  0.003689572447910905
13 31 0 8  0.02983197197318077
13 32 0 8  0.030823426321148872
13 33 0 8  0.003775215009227395
13 34 0 8  0.009917824529111385
13 35 0 8  0.45477575063705444
13 36 0 8  0.011957423761487007
13 37 0 8  0.005765980575233698
13 38 0 8  0.023805102333426476
13 39 0 8  0.10001055896282196
13 40 0 8  0.004768091719597578
13 41 0 8  0.019753042608499527
13 42 0 8  0.6384709477424622
13 43 0 8  0.17577359080314636
13 44 0 8  0.009129807353019714
13 45 0 8  0.5571184754371643
13 46 0 8  0.7829511165618896
13 47 0 8  0.012576929293572903
13 48 0 8  0.03151606023311615
13 49 0 8  0.2400583177804947
13 50 0 8  0.03200622648000717
13 51 0 8  0.005538372788578272
13 52 0 8  0.016278812661767006
13 53 0 8  0.008911730721592903
13 54 0 8  0.004124147817492485
13 55 0 8  0.00396319106221199
13 56 0 8  0.005499513819813728
13 57 0 8  0.0058659035712480545
13 58 0 8  0.005674657411873341
13 59 0 8  0.005029967986047268
13 60 0 8  0.006300809793174267
14 16 0 8  0.9903303384780884
14 17 0 8  0.9790568351745605
14 18 0 8  0.9703254103660583
14 19 0 8  0.00567592540755868
14 20 0 8  0.005854207091033459
14 21 0 8  0.004309515468776226
14 22 0 8  0.0047315750271081924
14 23 0 8  0.0179520882666111
14 24 0 8  0.004335510078817606
14 25 0 8  0.008225817233324051
14 26 0 8  0.003646407276391983
14 27 0 8  0.005594262853264809
14 28 0 8  0.3138465881347656
14 29 0 8  0.01961514726281166
14 30 0 8  0.0036780908703804016
14 31 0 8  0.3353913724422455
14 32 0 8  0.7584360837936401
14 33 0 8  0.006308151409029961
14 34 0 8  0.0053979395888745785
14 35 0 8  0.7122563123703003
14 36 0 8  0.1408979296684265
14 37 0 8  0.00452602282166481
14 38 0 8  0.007411116734147072
14 39 0 8  0.007150051649659872
14 40 0 8  0.0035628429614007473
14 41 0 8  0.00954902358353138
14 42 0 8  0.26453492045402527
14 43 0 8  0.007254984229803085
14 44 0 8  0.0047485604882240295
14 45 0 8  0.4008146822452545
14 46 0 8  0.14371171593666077
14 47 0 8  0.006231073290109634
14 48 0 8  0.023499762639403343
14 49 0 8  0.10706700384616852
14 50 0 8  0.0062552751041948795
14 51 0 8  0.005316292867064476
14 52 0 8  0.01993159018456936
14 53 0 8  0.006531546823680401
14 54 0 8  0.004117938689887524
14 55 0 8  0.003894430585205555
14 56 0 8  0.005438980646431446
14 57 0 8  0.005748584866523743
14 58 0 8  0.006020242348313332
14 59 0 8  0.004988318309187889
14 60 0 8  0.0058569409884512424
15 17 0 8  0.9845845699310303
15 18 0 8  0.9857193231582642
15 19 0 8  0.9841709136962891
15 20 0 8  0.02411660924553871
15 21 0 8  0.010211922228336334
15 22 0 8  0.006875039078295231
15 23 0 8  0.009696169756352901
15 24 0 8  0.0056180343963205814
15 25 0 8  0.014147798530757427
15 26 0 8  0.003562457859516144
15 27 0 8  0.0041196225211024284
15 28 0 8  0.16054776310920715
15 29 0 8  0.00738359522074461
15 30 0 8  0.003646684577688575
15 31 0 8  0.005666894838213921
15 32 0 8  0.085971400141716
15 33 0 8  0.0038300238084048033
15 34 0 8  0.003730439580976963
15 35 0 8  0.004660220816731453
15 36 0 8  0.0035617691464722157
15 37 0 8  0.00318941380828619
15 38 0 8  0.0034409307409077883
15 39 0 8  0.0034651686437427998
15 40 0 8  0.0033102123998105526
15 41 0 8  0.003695722669363022
15 42 0 8  0.004619465209543705
15 43 0 8  0.003880290314555168
15 44 0 8  0.0034857981372624636
15 45 0 8  0.004586708731949329
15 46 0 8  0.004665663931518793
15 47 0 8  0.0044528767466545105
15 48 0 8  0.005292377434670925
15 49 0 8  0.0066437143832445145
15 50 0 8  0.004435681737959385
15 51 0 8  0.0041209375485777855
15 52 0 8  0.007107507903128862
15 53 0 8  0.003963279537856579
15 54 0 8  0.0038312061224132776
15 55 0 8  0.003820480080321431
15 56 0 8  0.004557226784527302
15 57 0 8  0.004831145517528057
15 58 0 8  0.005696611478924751
15 59 0 8  0.007183524779975414
15 60 0 8  0.008807703852653503
16 18 0 8  0.9848694801330566
16 19 0 8  0.9839060306549072
16 20 0 8  0.9739122986793518
16 21 0 8  0.04026808589696884
16 22 0 8  0.02442260831594467
16 23 0 8  0.01667853631079197
16 24 0 8  0.004566553980112076
16 25 0 8  0.0046971989795565605
16 26 0 8  0.003128037555143237
16 27 0 8  0.003851539921015501
16 28 0 8  0.005309100262820721
16 29 0 8  0.003587407758459449
16 30 0 8  0.003784661879763007
16 31 0 8  0.008697070181369781
16 32 0 8  0.004221686627715826
16 33 0 8  0.0032692314125597477
16 34 0 8  0.005090675782412291
16 35 0 8  0.008692783303558826
16 36 0 8  0.0034110844135284424
16 37 0 8  0.0034302060957998037
16 38 0 8  0.0038107477594166994
16 39 0 8  0.004138045944273472
16 40 0 8  0.003243297804147005
16 41 0 8  0.0036614839918911457
16 42 0 8  0.02212367206811905
16 43 0 8  0.004074075259268284
16 44 0 8  0.0038312284741550684
16 45 0 8  0.019977625459432602
16 46 0 8  0.24488520622253418
16 47 0 8  0.005118781700730324
16 48 0 8  0.015803582966327667
16 49 0 8  0.33817410469055176
16 50 0 8  0.043734487146139145
16 51 0 8  0.006655669771134853
16 52 0 8  0.020721785724163055
16 53 0 8  0.04745703563094139
16 54 0 8  0.005198366940021515
16 55 0 8  0.004803283140063286
16 56 0 8  0.009743624366819859
16 57 0 8  0.007871539331972599
16 58 0 8  0.00920723844319582
16 59 0 8  0.008443085476756096
16 60 0 8  0.011845355853438377
17 19 0 8  0.9656330943107605
17 20 0 8  0.9928064346313477
17 21 0 8  0.9832963943481445
17 22 0 8  0.0418894961476326
17 23 0 8  0.741195559501648
17 24 0 8  0.0076542748138308525
17 25 0 8  0.009340310469269753
17 26 0 8  0.003356841392815113
17 27 0 8  0.03678751736879349
17 28 0 8  0.42384326457977295
17 29 0 8  0.005037839524447918
17 30 0 8  0.00446067051962018
17 31 0 8  0.5579466819763184
17 32 0 8  0.1221134215593338
17 33 0 8  0.0033209139946848154
17 34 0 8  0.006420023739337921
17 35 0 8  0.274430513381958
17 36 0 8  0.004294009413570166
17 37 0 8  0.0035536251962184906
17 38 0 8  0.003996438812464476
17 39 0 8  0.0037678428925573826
17 40 0 8  0.0033264178782701492
17 41 0 8  0.004635295830667019
17 42 0 8  0.080876924097538
17 43 0 8  0.0049163722433149815
17 44 0 8  0.005017366260290146
17 45 0 8  0.6927105188369751
17 46 0 8  0.5586401224136353
17 47 0 8  0.00529126264154911
17 48 0 8  0.2678128480911255
17 49 0 8  0.8809037208557129
17 50 0 8  0.05802711099386215
17 51 0 8  0.006754863075911999
17 52 0 8  0.21580931544303894
17 53 0 8  0.1407090276479721
17 54 0 8  0.005463574081659317
17 55 0 8  0.004584795795381069
17 56 0 8  0.018148135393857956
17 57 0 8  0.018768930807709694
17 58 0 8  0.009543322026729584
17 59 0 8  0.0078008174896240234
17 60 0 8  0.008538782596588135
18 20 0 8  0.9506865739822388
18 21 0 8  0.985864520072937
18 22 0 8  0.9908000230789185
18 23 0 8  0.7967931032180786
18 24 0 8  0.1815786361694336
18 25 0 8  0.2584785223007202
18 26 0 8  0.004327584058046341
18 27 0 8  0.1042872965335846
18 28 0 8  0.8051011562347412
18 29 0 8  0.014904477633535862
18 30 0 8  0.00467447517439723
18 31 0 8  0.32685017585754395
18 32 0 8  0.1889747977256775
18 33 0 8  0.0034426809288561344
18 34 0 8  0.003813173621892929
18 35 0 8  0.01338279526680708
18 36 0 8  0.004108889028429985
18 37 0 8  0.00338742695748806
18 38 0 8  0.004046456888318062
18 39 0 8  0.0035700183361768723
18 40 0 8  0.003069573547691107
18 41 0 8  0.003974979743361473
18 42 0 8  0.004598204046487808
18 43 0 8  0.004041152074933052
18 44 0 8  0.003600290510803461
18 45 0 8  0.01981208100914955
18 46 0 8  0.006401796825230122
18 47 0 8  0.0038247511256486177
18 48 0 8  0.009665297344326973
18 49 0 8  0.12432361394166946
18 50 0 8  0.007554106414318085
18 51 0 8  0.00755571573972702
18 52 0 8  0.06598363816738129
18 53 0 8  0.028734952211380005
18 54 0 8  0.007679174654185772
18 55 0 8  0.007747766561806202
18 56 0 8  0.03080141730606556
18 57 0 8  0.02187807485461235
18 58 0 8  0.013871835544705391
18 59 0 8  0.01157049648463726
18 60 0 8  0.012778142467141151
19 21 0 8  0.975375235080719
19 22 0 8  0.9895254373550415
19 23 0 8  0.9914603233337402
19 24 0 8  0.017847297713160515
19 25 0 8  0.012346087954938412
19 26 0 8  0.0030629802495241165
19 27 0 8  0.0050013260915875435
19 28 0 8  0.06401172280311584
19 29 0 8  0.0036583030596375465
19 30 0 8  0.0036982675082981586
19 31 0 8  0.005998910870403051
19 32 0 8  0.004011387005448341
19 33 0 8  0.0031045316718518734
19 34 0 8  0.003777683712542057
19 35 0 8  0.0038438565097749233
19 36 0 8  0.003206017892807722
19 37 0 8  0.0030715526081621647
19 38 0 8  0.003194883931428194
19 39 0 8  0.0033951110672205687
19 40 0 8  0.0031510633416473866
19 41 0 8  0.003397339954972267
19 42 0 8  0.003407831769436598
19 43 0 8  0.003366934834048152
19 44 0 8  0.0033450759947299957
19 45 0 8  0.0037954836152493954
19 46 0 8  0.003973238170146942
19 47 0 8  0.003217709716409445
19 48 0 8  0.004483099095523357
19 49 0 8  0.010641293600201607
19 50 0 8  0.005320445634424686
19 51 0 8  0.004676648881286383
19 52 0 8  0.01462414488196373
19 53 0 8  0.024854030460119247
19 54 0 8  0.006787940859794617
19 55 0 8  0.0069021014496684074
19 56 0 8  0.019736377522349358
19 57 0 8  0.014783449470996857
19 58 0 8  0.015020718798041344
19 59 0 8  0.014382408000528812
19 60 0 8  0.018486957997083664
20 22 0 8  0.9665248394012451
20 23 0 8  0.9888736605644226
20 24 0 8  0.9891027212142944
20 25 0 8  0.014395823702216148
20 26 0 8  0.003532582428306341
20 27 0 8  0.02327243611216545
20 28 0 8  0.2523540258407593
20 29 0 8  0.004291422665119171
20 30 0 8  0.004168330226093531
20 31 0 8  0.04419523477554321
20 32 0 8  0.00613586837425828
20 33 0 8  0.0036083494778722525
20 34 0 8  0.004127481486648321
20 35 0 8  0.004889735020697117
20 36 0 8  0.0036837556399405003
20 37 0 8  0.003192979609593749
20 38 0 8  0.0034653949551284313
20 39 0 8  0.0033672857098281384
20 40 0 8  0.003294071415439248
20 41 0 8  0.0037614875473082066
20 42 0 8  0.003925336990505457
20 43 0 8  0.0038329260423779488
20 44 0 8  0.004337750840932131
20 45 0 8  0.010013308376073837
20 46 0 8  0.06324748694896698
20 47 0 8  0.004699891898781061
20 48 0 8  0.011501679196953773
20 49 0 8  0.5796302556991577
20 50 0 8  0.14158916473388672
20 51 0 8  0.006290420889854431
20 52 0 8  0.386589378118515
20 53 0 8  0.5482015609741211
20 54 0 8  0.012469673529267311
20 55 0 8  0.02516760118305683
20 56 0 8  0.3016611933708191
20 57 0 8  0.1451452374458313
20 58 0 8  0.0975981056690216
20 59 0 8  0.03652973473072052
20 60 0 8  0.04623330757021904
21 23 0 8  0.905556321144104
21 24 0 8  0.9847407937049866
21 25 0 8  0.9656314849853516
21 26 0 8  0.003911870997399092
21 27 0 8  0.01042170636355877
21 28 0 8  0.04118197038769722
21 29 0 8  0.004181279800832272
21 30 0 8  0.003792515490204096
21 31 0 8  0.0077533056028187275
21 32 0 8  0.004423377104103565
21 33 0 8  0.0034552779980003834
21 34 0 8  0.0035908003337681293
21 35 0 8  0.0034309541806578636
21 36 0 8  0.003798806108534336
21 37 0 8  0.003108520293608308
21 38 0 8  0.0035225041210651398
21 39 0 8  0.0033741514198482037
21 40 0 8  0.0031764067243784666
21 41 0 8  0.003945015370845795
21 42 0 8  0.0037706182338297367
21 43 0 8  0.0036976286210119724
21 44 0 8  0.003619445487856865
21 45 0 8  0.004715428687632084
21 46 0 8  0.004731251858174801
21 47 0 8  0.0032489215955138206
21 48 0 8  0.005556490272283554
21 49 0 8  0.11193500459194183
21 50 0 8  0.022353697568178177
21 51 0 8  0.005654784385114908
21 52 0 8  0.29887324571609497
21 53 0 8  0.3572835326194763
21 54 0 8  0.017351191490888596
21 55 0 8  0.03750971704721451
21 56 0 8  0.4621471166610718
21 57 0 8  0.23794297873973846
21 58 0 8  0.12678861618041992
21 59 0 8  0.057392533868551254
21 60 0 8  0.05312797427177429
22 24 0 8  0.9462562799453735
22 25 0 8  0.9760959148406982
22 26 0 8  0.9774685502052307
22 27 0 8  0.06390213221311569
22 28 0 8  0.014745095744729042
22 29 0 8  0.003451690310612321
22 30 0 8  0.004201230593025684
22 31 0 8  0.009338578209280968
22 32 0 8  0.0032949582673609257
22 33 0 8  0.003563102800399065
22 34 0 8  0.004706934094429016
22 35 0 8  0.0033875764347612858
22 36 0 8  0.0036888839676976204
22 37 0 8  0.003458640770986676
22 38 0 8  0.0036943648010492325
22 39 0 8  0.003724935930222273
22 40 0 8  0.0037458804436028004
22 41 0 8  0.003692466299980879
22 42 0 8  0.0036354647018015385
22 43 0 8  0.0036345752887427807
22 44 0 8  0.003659486770629883
22 45 0 8  0.004263520706444979
22 46 0 8  0.005911396816372871
22 47 0 8  0.0035120234824717045
22 48 0 8  0.005984533578157425
22 49 0 8  0.05794776976108551
22 50 0 8  0.018425680696964264
22 51 0 8  0.006552870385348797
22 52 0 8  0.20637673139572144
22 53 0 8  0.37793803215026855
22 54 0 8  0.014934937469661236
22 55 0 8  0.03199165314435959
22 56 0 8  0.46983712911605835
22 57 0 8  0.2987421751022339
22 58 0 8  0.18861991167068481
22 59 0 8  0.08525878190994263
22 60 0 8  0.059631794691085815
23 25 0 8  0.9524139165878296
23 26 0 8  0.9691982269287109
23 27 0 8  0.9963635206222534
23 28 0 8  0.9803927540779114
23 29 0 8  0.004497220739722252
23 30 0 8  0.010820824652910233
23 31 0 8  0.8927947282791138
23 32 0 8  0.015054653398692608
23 33 0 8  0.003992444835603237
23 34 0 8  0.004240871407091618
23 35 0 8  0.0042272512800991535
23 36 0 8  0.003784110303968191
23 37 0 8  0.0033298125490546227
23 38 0 8  0.003534105373546481
23 39 0 8  0.0036140731535851955
23 40 0 8  0.0032243640162050724
23 41 0 8  0.004051208961755037
23 42 0 8  0.004525474272668362
23 43 0 8  0.004125170409679413
23 44 0 8  0.004552687518298626
23 45 0 8  0.014985501766204834
23 46 0 8  0.01580819860100746
23 47 0 8  0.004122895188629627
23 48 0 8  0.01335312332957983
23 49 0 8  0.26417624950408936
23 50 0 8  0.019120171666145325
23 51 0 8  0.006906584836542606
23 52 0 8  0.4428901672363281
23 53 0 8  0.3589184284210205
23 54 0 8  0.007928753271698952
23 55 0 8  0.011648065410554409
23 56 0 8  0.5144921541213989
23 57 0 8  0.3655346632003784
23 58 0 8  0.12694470584392548
23 59 0 8  0.05534861981868744
23 60 0 8  0.059159718453884125
24 26 0 8  0.9588640928268433
24 27 0 8  0.9941316246986389
24 28 0 8  0.9904664158821106
24 29 0 8  0.005654061678797007
24 30 0 8  0.003985419869422913
24 31 0 8  0.0076255216263234615
24 32 0 8  0.0035461257211863995
24 33 0 8  0.003748496063053608
24 34 0 8  0.0034487659577280283
24 35 0 8  0.003152012126520276
24 36 0 8  0.0032940679229795933
24 37 0 8  0.003209566930308938
24 38 0 8  0.0032084828708320856
24 39 0 8  0.0033291662111878395
24 40 0 8  0.0033104680478572845
24 41 0 8  0.0032924048136919737
24 42 0 8  0.0035239041317254305
24 43 0 8  0.003698290791362524
24 44 0 8  0.003505473490804434
24 45 0 8  0.0039085568860173225
24 46 0 8  0.003995910286903381
24 47 0 8  0.003288337029516697
24 48 0 8  0.004407621454447508
24 49 0 8  0.008786572143435478
24 50 0 8  0.0054195336997509
24 51 0 8  0.00478996429592371
24 52 0 8  0.04051535576581955
24 53 0 8  0.05463385581970215
24 54 0 8  0.006274177692830563
24 55 0 8  0.008628608658909798
24 56 0 8  0.17302486300468445
24 57 0 8  0.15483710169792175
24 58 0 8  0.1772174835205078
24 59 0 8  0.10580578446388245
24 60 0 8  0.12241192162036896
25 27 0 8  0.982387900352478
25 28 0 8  0.9923785924911499
25 29 0 8  0.9942296147346497
25 30 0 8  0.0040206303820014
25 31 0 8  0.005493848584592342
25 32 0 8  0.0056734830141067505
25 33 0 8  0.0038549297023564577
25 34 0 8  0.003787487745285034
25 35 0 8  0.003712177276611328
25 36 0 8  0.0049549974501132965
25 37 0 8  0.0035543045960366726
25 38 0 8  0.003561705816537142
25 39 0 8  0.003758238162845373
25 40 0 8  0.0036230755504220724
25 41 0 8  0.0039367955178022385
25 42 0 8  0.0037959562614560127
25 43 0 8  0.004052921198308468
25 44 0 8  0.0040264977142214775
25 45 0 8  0.004980937112122774
25 46 0 8  0.005453337915241718
25 47 0 8  0.0040343040600419044
25 48 0 8  0.005335128866136074
25 49 0 8  0.008434286341071129
25 50 0 8  0.006783290300518274
25 51 0 8  0.005751167424023151
25 52 0 8  0.0076891230419278145
25 53 0 8  0.006597035098820925
25 54 0 8  0.004212575498968363
25 55 0 8  0.0048774853348731995
25 56 0 8  0.00813546497374773
25 57 0 8  0.008400656282901764
25 58 0 8  0.012607548385858536
25 59 0 8  0.01711220294237137
25 60 0 8  0.02635324001312256
26 28 0 8  0.9673724174499512
26 29 0 8  0.9943031072616577
26 30 0 8  0.9925861954689026
26 31 0 8  0.005039534531533718
26 32 0 8  0.003349130740389228
26 33 0 8  0.0032806415110826492
26 34 0 8  0.0037926591467112303
26 35 0 8  0.003369236597791314
26 36 0 8  0.003340143244713545
26 37 0 8  0.003160664811730385
26 38 0 8  0.003351823193952441
26 39 0 8  0.003292833687737584
26 40 0 8  0.0033335136249661446
26 41 0 8  0.003647297853603959
26 42 0 8  0.003353480016812682
26 43 0 8  0.003712018486112356
26 44 0 8  0.003711683675646782
26 45 0 8  0.003922268748283386
26 46 0 8  0.0038973663467913866
26 47 0 8  0.003499990561977029
26 48 0 8  0.004663035273551941
26 49 0 8  0.005238940939307213
26 50 0 8  0.004128981381654739
26 51 0 8  0.004576300270855427
26 52 0 8  0.010602887719869614
26 53 0 8  0.005625310353934765
26 54 0 8  0.0037484364584088326
26 55 0 8  0.0051225321367383
26 56 0 8  0.07319251447916031
26 57 0 8  0.012476356700062752
26 58 0 8  0.011029861867427826
26 59 0 8  0.012331783771514893
26 60 0 8  0.02048863284289837
27 29 0 8  0.9835237264633179
27 30 0 8  0.988062858581543
27 31 0 8  0.992080569267273
27 32 0 8  0.0044981748796999454
27 33 0 8  0.0037741875275969505
27 34 0 8  0.0037015280686318874
27 35 0 8  0.0037925266660749912
27 36 0 8  0.003675837069749832
27 37 0 8  0.003324749879539013
27 38 0 8  0.0033525151666253805
27 39 0 8  0.003510591574013233
27 40 0 8  0.003442763816565275
27 41 0 8  0.003891655709594488
27 42 0 8  0.003702774178236723
27 43 0 8  0.003751087700948119
27 44 0 8  0.0040716202929615974
27 45 0 8  0.008577575907111168
27 46 0 8  0.0064768404699862
27 47 0 8  0.003993551712483168
27 48 0 8  0.02079613134264946
27 49 0 8  0.3050451874732971
27 50 0 8  0.006974976975470781
27 51 0 8  0.005748382303863764
27 52 0 8  0.6201261281967163
27 53 0 8  0.3497430086135864
27 54 0 8  0.005864790175110102
27 55 0 8  0.011335372924804688
27 56 0 8  0.3598451018333435
27 57 0 8  0.23319971561431885
27 58 0 8  0.09451573342084885
27 59 0 8  0.038559578359127045
27 60 0 8  0.04588184133172035
28 30 0 8  0.9813807606697083
28 31 0 8  0.9835080504417419
28 32 0 8  0.9768925309181213
28 33 0 8  0.003994015045464039
28 34 0 8  0.003384725656360388
28 35 0 8  0.003998839296400547
28 36 0 8  0.003892291337251663
28 37 0 8  0.0034961579367518425
28 38 0 8  0.0032762964256107807
28 39 0 8  0.003415050683543086
28 40 0 8  0.003354191780090332
28 41 0 8  0.003529813140630722
28 42 0 8  0.0037589799612760544
28 43 0 8  0.0037865787744522095
28 44 0 8  0.0038787666708230972
28 45 0 8  0.006428832188248634
28 46 0 8  0.012993719428777695
28 47 0 8  0.004535267129540443
28 48 0 8  0.00884435698390007
28 49 0 8  0.12778861820697784
28 50 0 8  0.008702145889401436
28 51 0 8  0.004832464270293713
28 52 0 8  0.03459654748439789
28 53 0 8  0.014896686188876629
28 54 0 8  0.004099785350263119
28 55 0 8  0.004096298012882471
28 56 0 8  0.007987720891833305
28 57 0 8  0.020110201090574265
28 58 0 8  0.01608774997293949
28 59 0 8  0.011944514699280262
28 60 0 8  0.021056098863482475
29 31 0 8  0.9889736771583557
29 32 0 8  0.9896664619445801
29 33 0 8  0.987785816192627
29 34 0 8  0.004917871206998825
29 35 0 8  0.00298325065523386
29 36 0 8  0.0035542799159884453
29 37 0 8  0.003632108448073268
29 38 0 8  0.0034185806289315224
29 39 0 8  0.003458237973973155
29 40 0 8  0.0032776235602796078
29 41 0 8  0.0035813036374747753
29 42 0 8  0.003435326274484396
29 43 0 8  0.00334295816719532
29 44 0 8  0.0036144338082522154
29 45 0 8  0.003886984661221504
29 46 0 8  0.004250453785061836
29 47 0 8  0.004094048403203487
29 48 0 8  0.0044517419300973415
29 49 0 8  0.005241251550614834
29 50 0 8  0.004364495165646076
29 51 0 8  0.0038578850217163563
29 52 0 8  0.004632921889424324
29 53 0 8  0.003990277647972107
29 54 0 8  0.0035538997035473585
29 55 0 8  0.004277179948985577
29 56 0 8  0.0049940417520701885
29 57 0 8  0.004262611269950867
29 58 0 8  0.004617637023329735
29 59 0 8  0.004026352893561125
29 60 0 8  0.006220405455678701
30 32 0 8  0.9882830381393433
30 33 0 8  0.9800387620925903
30 34 0 8  0.9872242212295532
30 35 0 8  0.0037825771141797304
30 36 0 8  0.003297620452940464
30 37 0 8  0.0033060512505471706
30 38 0 8  0.003722565481439233
30 39 0 8  0.003929753787815571
30 40 0 8  0.0035580764524638653
30 41 0 8  0.005476834252476692
30 42 0 8  0.004504726268351078
30 43 0 8  0.003965779207646847
30 44 0 8  0.007849371992051601
30 45 0 8  0.015299230813980103
30 46 0 8  0.005099373869597912
30 47 0 8  0.004929661750793457
30 48 0 8  0.04777219146490097
30 49 0 8  0.055304355919361115
30 50 0 8  0.0046417368575930595
30 51 0 8  0.005165282636880875
30 52 0 8  0.1641794741153717
30 53 0 8  0.009468166157603264
30 54 0 8  0.004175219684839249
30 55 0 8  0.006254058796912432
30 56 0 8  0.030850272625684738
30 57 0 8  0.009069755673408508
30 58 0 8  0.00718857254832983
30 59 0 8  0.005888546351343393
30 60 0 8  0.007564348168671131
31 33 0 8  0.9728661775588989
31 34 0 8  0.9723460674285889
31 35 0 8  0.9029644727706909
31 36 0 8  0.003981186076998711
31 37 0 8  0.0037877310533076525
31 38 0 8  0.0046088239178061485
31 39 0 8  0.00440087728202343
31 40 0 8  0.0032282753381878138
31 41 0 8  0.02045680582523346
31 42 0 8  0.02436324581503868
31 43 0 8  0.004398098215460777
31 44 0 8  0.009708158671855927
31 45 0 8  0.7749353051185608
31 46 0 8  0.05839334428310394
31 47 0 8  0.005260353907942772
31 48 0 8  0.5970466136932373
31 49 0 8  0.7163416147232056
31 50 0 8  0.005485165864229202
31 51 0 8  0.005102131981402636
31 52 0 8  0.4064446687698364
31 53 0 8  0.01738729700446129
31 54 0 8  0.0039328476414084435
31 55 0 8  0.003755482379347086
31 56 0 8  0.006407230161130428
31 57 0 8  0.006466046441346407
31 58 0 8  0.004524756222963333
31 59 0 8  0.004156727809458971
31 60 0 8  0.004771335516124964
32 34 0 8  0.9652668833732605
32 35 0 8  0.9605370759963989
32 36 0 8  0.9741886854171753
32 37 0 8  0.0056718261912465096
32 38 0 8  0.0038507049903273582
32 39 0 8  0.0043642218224704266
32 40 0 8  0.0034028682857751846
32 41 0 8  0.004674412310123444
32 42 0 8  0.02098042145371437
32 43 0 8  0.00475927721709013
32 44 0 8  0.004527359269559383
32 45 0 8  0.06145520508289337
32 46 0 8  0.01686934009194374
32 47 0 8  0.004537145607173443
32 48 0 8  0.004841179586946964
32 49 0 8  0.023849118500947952
32 50 0 8  0.005513887852430344
32 51 0 8  0.003607435617595911
32 52 0 8  0.005039561074227095
32 53 0 8  0.003979693166911602
32 54 0 8  0.0035359293688088655
32 55 0 8  0.003440871136263013
32 56 0 8  0.003980578854680061
32 57 0 8  0.0038719039876013994
32 58 0 8  0.004314403980970383
32 59 0 8  0.0037974664010107517
32 60 0 8  0.004211295396089554
33 35 0 8  0.9629315733909607
33 36 0 8  0.9574648141860962
33 37 0 8  0.8822246789932251
33 38 0 8  0.0058355797082185745
33 39 0 8  0.004130049608647823
33 40 0 8  0.003633317071944475
33 41 0 8  0.005867072381079197
33 42 0 8  0.006192970089614391
33 43 0 8  0.004382540937513113
33 44 0 8  0.004522048868238926
33 45 0 8  0.005304077174514532
33 46 0 8  0.00436080526560545
33 47 0 8  0.004025585018098354
33 48 0 8  0.004312772769480944
33 49 0 8  0.004139432217925787
33 50 0 8  0.003297674935311079
33 51 0 8  0.0033191987313330173
33 52 0 8  0.003881999757140875
33 53 0 8  0.003182262647897005
33 54 0 8  0.003065540222451091
33 55 0 8  0.0033391660545021296
33 56 0 8  0.003934253938496113
33 57 0 8  0.003434194717556238
33 58 0 8  0.0038422313518822193
33 59 0 8  0.0036143609322607517
33 60 0 8  0.003907950595021248
34 36 0 8  0.9605141878128052
34 37 0 8  0.9641335010528564
34 38 0 8  0.9768012762069702
34 39 0 8  0.016705287620425224
34 40 0 8  0.00899256020784378
34 41 0 8  0.5104655623435974
34 42 0 8  0.07193579524755478
34 43 0 8  0.005630228668451309
34 44 0 8  0.06741155683994293
34 45 0 8  0.6617139577865601
34 46 0 8  0.00596670713275671
34 47 0 8  0.004473421256989241
34 48 0 8  0.2083663046360016
34 49 0 8  0.03293429687619209
34 50 0 8  0.003745468333363533
34 51 0 8  0.003986001014709473
34 52 0 8  0.015103153884410858
34 53 0 8  0.0038029090501368046
34 54 0 8  0.0034897266887128353
34 55 0 8  0.0034391595982015133
34 56 0 8  0.004229931626468897
34 57 0 8  0.0036381834652274847
34 58 0 8  0.004035561345517635
34 59 0 8  0.004211730323731899
34 60 0 8  0.004491617903113365
35 37 0 8  0.9748696088790894
35 38 0 8  0.9608725309371948
35 39 0 8  0.895511269569397
35 40 0 8  0.008703066036105156
35 41 0 8  0.6449593305587769
35 42 0 8  0.919779360294342
35 43 0 8  0.009774802252650261
35 44 0 8  0.03019016608595848
35 45 0 8  0.9355334043502808
35 46 0 8  0.1461992859840393
35 47 0 8  0.004028716590255499
35 48 0 8  0.007280733902007341
35 49 0 8  0.02890065312385559
35 50 0 8  0.003934935666620731
35 51 0 8  0.003514427924528718
35 52 0 8  0.004523157607764006
35 53 0 8  0.0035600801929831505
35 54 0 8  0.003465857356786728
35 55 0 8  0.0032991841435432434
35 56 0 8  0.00363595737144351
35 57 0 8  0.00376569083891809
35 58 0 8  0.003627596190199256
35 59 0 8  0.0034129349514842033
35 60 0 8  0.0034313187934458256
36 38 0 8  0.9835241436958313
36 39 0 8  0.9777239561080933
36 40 0 8  0.9836037755012512
36 41 0 8  0.05670437216758728
36 42 0 8  0.14558063447475433
36 43 0 8  0.0068018678575754166
36 44 0 8  0.004421808756887913
36 45 0 8  0.007226347923278809
36 46 0 8  0.0065694535151124
36 47 0 8  0.0034764520823955536
36 48 0 8  0.0038196207024157047
36 49 0 8  0.003781952429562807
36 50 0 8  0.0035334350541234016
36 51 0 8  0.0033149239607155323
36 52 0 8  0.003690057434141636
36 53 0 8  0.0033767358399927616
36 54 0 8  0.0034556363243609667
36 55 0 8  0.003519652411341667
36 56 0 8  0.00385317113250494
36 57 0 8  0.003638162277638912
36 58 0 8  0.00384399201720953
36 59 0 8  0.0035224929451942444
36 60 0 8  0.003986354451626539
37 39 0 8  0.9859583377838135
37 40 0 8  0.9903290271759033
37 41 0 8  0.9945279359817505
37 42 0 8  0.04382193461060524
37 43 0 8  0.008010299876332283
37 44 0 8  0.00499429926276207
37 45 0 8  0.010117337107658386
37 46 0 8  0.004055887460708618
37 47 0 8  0.0033802082762122154
37 48 0 8  0.0036646928638219833
37 49 0 8  0.003587570507079363
37 50 0 8  0.0034400871954858303
37 51 0 8  0.0032705795019865036
37 52 0 8  0.0033021685667335987
37 53 0 8  0.0033471453934907913
37 54 0 8  0.0031994725577533245
37 55 0 8  0.003310031723231077
37 56 0 8  0.0038701395969837904
37 57 0 8  0.0034917269367724657
37 58 0 8  0.003755917539820075
37 59 0 8  0.003390398109331727
37 60 0 8  0.0037319608964025974
38 40 0 8  0.9817221760749817
38 41 0 8  0.9934185743331909
38 42 0 8  0.9952563047409058
38 43 0 8  0.009653076529502869
38 44 0 8  0.020131750032305717
38 45 0 8  0.15772268176078796
38 46 0 8  0.005197636783123016
38 47 0 8  0.003814750351011753
38 48 0 8  0.004228227771818638
38 49 0 8  0.0038136164657771587
38 50 0 8  0.003589013358578086
38 51 0 8  0.0034212239552289248
38 52 0 8  0.0035282843746244907
38 53 0 8  0.0033594544511288404
38 54 0 8  0.0033464529551565647
38 55 0 8  0.0034520120825618505
38 56 0 8  0.00397928711026907
38 57 0 8  0.003515817690640688
38 58 0 8  0.003699483349919319
38 59 0 8  0.0035701999440789223
38 60 0 8  0.003746809670701623
39 41 0 8  0.9793163537979126
39 42 0 8  0.9880424737930298
39 43 0 8  0.995620608329773
39 44 0 8  0.021233605220913887
39 45 0 8  0.018302958458662033
39 46 0 8  0.006474128924310207
39 47 0 8  0.003846352454274893
39 48 0 8  0.004036424681544304
39 49 0 8  0.003921147435903549
39 50 0 8  0.003699130844324827
39 51 0 8  0.0035812798887491226
39 52 0 8  0.003690891433507204
39 53 0 8  0.0035306219942867756
39 54 0 8  0.0035583279095590115
39 55 0 8  0.0036148796789348125
39 56 0 8  0.004034511744976044
39 57 0 8  0.0036919424310326576
39 58 0 8  0.0039962842129170895
39 59 0 8  0.0038244850002229214
39 60 0 8  0.004747472703456879
40 42 0 8  0.9907065629959106
40 43 0 8  0.990628182888031
40 44 0 8  0.9970824718475342
40 45 0 8  0.008529025129973888
40 46 0 8  0.004237794782966375
40 47 0 8  0.003641406074166298
40 48 0 8  0.003661243012174964
40 49 0 8  0.0035283067263662815
40 50 0 8  0.003403005190193653
40 51 0 8  0.0033611617982387543
40 52 0 8  0.0034270519390702248
40 53 0 8  0.0035671924706548452
40 54 0 8  0.0033890153281390667
40 55 0 8  0.0037319855764508247
40 56 0 8  0.0040794601663947105
40 57 0 8  0.00364248757250607
40 58 0 8  0.004075787030160427
40 59 0 8  0.0036415362264961004
40 60 0 8  0.004140384960919619
41 43 0 8  0.9896976947784424
41 44 0 8  0.9917258024215698
41 45 0 8  0.9956815242767334
41 46 0 8  0.007373380474746227
41 47 0 8  0.0037785228341817856
41 48 0 8  0.003993486985564232
41 49 0 8  0.004029808100312948
41 50 0 8  0.00364462798461318
41 51 0 8  0.00352206127718091
41 52 0 8  0.003545975312590599
41 53 0 8  0.003431127406656742
41 54 0 8  0.003479423001408577
41 55 0 8  0.0035463529638946056
41 56 0 8  0.0037884549237787724
41 57 0 8  0.0036265868693590164
41 58 0 8  0.0037548509426414967
41 59 0 8  0.003482030238956213
41 60 0 8  0.0037012004759162664
42 44 0 8  0.992483377456665
42 45 0 8  0.9911813735961914
42 46 0 8  0.9961077570915222
42 47 0 8  0.004875035025179386
42 48 0 8  0.003770815208554268
42 49 0 8  0.0042211441323161125
42 50 0 8  0.003848546650260687
42 51 0 8  0.0038327437359839678
42 52 0 8  0.003731428412720561
42 53 0 8  0.003638975787907839
42 54 0 8  0.0035638678818941116
42 55 0 8  0.003469959832727909
42 56 0 8  0.003675665706396103
42 57 0 8  0.0035358332097530365
42 58 0 8  0.003684824798256159
42 59 0 8  0.003453084733337164
42 60 0 8  0.003860354656353593
43 45 0 8  0.9952653050422668
43 46 0 8  0.995186448097229
43 47 0 8  0.9967609643936157
43 48 0 8  0.003932605031877756
43 49 0 8  0.0037953646387904882
43 50 0 8  0.003926255740225315
43 51 0 8  0.004224233794957399
43 52 0 8  0.004589444026350975
43 53 0 8  0.004026197828352451
43 54 0 8  0.003815003903582692
43 55 0 8  0.004117092117667198
43 56 0 8  0.0043502673506736755
43 57 0 8  0.004250664263963699
43 58 0 8  0.004390777088701725
43 59 0 8  0.0043936907313764095
43 60 0 8  0.005739396438002586
44 46 0 8  0.9959298372268677
44 47 0 8  0.9936736822128296
44 48 0 8  0.995515763759613
44 49 0 8  0.004192586522549391
44 50 0 8  0.0036820066161453724
44 51 0 8  0.004253767896443605
44 52 0 8  0.004682985600084066
44 53 0 8  0.004212989471852779
44 54 0 8  0.003911944106221199
44 55 0 8  0.003995183855295181
44 56 0 8  0.004391674883663654
44 57 0 8  0.003927562385797501
44 58 0 8  0.003910114988684654
44 59 0 8  0.003828668035566807
44 60 0 8  0.0042062378488481045
45 47 0 8  0.9954897165298462
45 48 0 8  0.9946547150611877
45 49 0 8  0.9950507879257202
45 50 0 8  0.004551699385046959
45 51 0 8  0.004040498752146959
45 52 0 8  0.004423992708325386
45 53 0 8  0.004284427501261234
45 54 0 8  0.003634091466665268
45 55 0 8  0.003516435157507658
45 56 0 8  0.0038216349203139544
45 57 0 8  0.004149405285716057
45 58 0 8  0.003692630212754011
45 59 0 8  0.003618007292971015
45 60 0 8  0.003848482621833682
46 48 0 8  0.995848536491394
46 49 0 8  0.9956889152526855
46 50 0 8  0.9964420795440674
46 51 0 8  0.005446465685963631
46 52 0 8  0.005098350346088409
46 53 0 8  0.004699406214058399
46 54 0 8  0.005057299509644508
46 55 0 8  0.004183837212622166
46 56 0 8  0.005067935213446617
46 57 0 8  0.005457750521600246
46 58 0 8  0.004963149316608906
46 59 0 8  0.004642326384782791
46 60 0 8  0.004951899871230125
47 49 0 8  0.9960125684738159
47 50 0 8  0.9940313100814819
47 51 0 8  0.9969213604927063
47 52 0 8  0.005264231003820896
47 53 0 8  0.003972882404923439
47 54 0 8  0.004235689528286457
47 55 0 8  0.00477991346269846
47 56 0 8  0.005113339051604271
47 57 0 8  0.005513020325452089
47 58 0 8  0.0050223758444190025
47 59 0 8  0.005909142550081015
47 60 0 8  0.005871484987437725
48 50 0 8  0.9951302409172058
48 51 0 8  0.9949716925621033
48 52 0 8  0.996101975440979
48 53 0 8  0.005340716801583767
48 54 0 8  0.004438874311745167
48 55 0 8  0.004388666246086359
48 56 0 8  0.005143625661730766
48 57 0 8  0.0058973138220608234
48 58 0 8  0.00452811224386096
48 59 0 8  0.004639945924282074
48 60 0 8  0.005542207509279251
49 51 0 8  0.9952675700187683
49 52 0 8  0.9952901601791382
49 53 0 8  0.9970088601112366
49 54 0 8  0.008313044905662537
49 55 0 8  0.0051969559863209724
49 56 0 8  0.008314176462590694
49 57 0 8  0.036226846277713776
49 58 0 8  0.006478876806795597
49 59 0 8  0.005328977946192026
49 60 0 8  0.004962674807757139
50 52 0 8  0.9952839612960815
50 53 0 8  0.9945211410522461
50 54 0 8  0.9953429698944092
50 55 0 8  0.009979704394936562
50 56 0 8  0.008953826501965523
50 57 0 8  0.02143310382962227
50 58 0 8  0.01401225384324789
50 59 0 8  0.013392176479101181
50 60 0 8  0.009775979444384575
51 53 0 8  0.9959648847579956
51 54 0 8  0.9952273964881897
51 55 0 8  0.9956110715866089
51 56 0 8  0.013963035307824612
51 57 0 8  0.008990186266601086
51 58 0 8  0.00578107126057148
51 59 0 8  0.007523990236222744
51 60 0 8  0.006969780195504427
52 54 0 8  0.9944279789924622
52 55 0 8  0.9939700961112976
52 56 0 8  0.9952706098556519
52 57 0 8  0.06515280902385712
52 58 0 8  0.01202208362519741
52 59 0 8  0.0072449506260454655
52 60 0 8  0.007362870499491692
53 55 0 8  0.9901706576347351
53 56 0 8  0.9921808242797852
53 57 0 8  0.9901160001754761
53 58 0 8  0.05900423973798752
53 59 0 8  0.025570839643478394
53 60 0 8  0.015107845887541771
54 56 0 8  0.9723583459854126
54 57 0 8  0.9856277704238892
54 58 0 8  0.9828706979751587
54 59 0 8  0.05933906137943268
54 60 0 8  0.017149245366454124
55 57 0 8  0.9514923095703125
55 58 0 8  0.9888848662376404
55 59 0 8  0.9752191305160522
55 60 0 8  0.02223985642194748
56 58 0 8  0.9641561508178711
56 59 0 8  0.9832682609558105
56 60 0 8  0.9443352222442627
57 59 0 8  0.9617503881454468
57 60 0 8  0.974778413772583
58 60 0 8  0.9422829151153564
