24	27	0	8	0.99920
32	35	0	8	0.99896
46	49	0	8	0.99892
25	28	0	8	0.99892
23	27	0	8	0.99838
31	34	0	8	0.99837
44	47	0	8	0.99810
30	33	0	8	0.99750
42	45	0	8	0.99740
23	28	0	8	0.99730
45	48	0	8	0.99724
45	49	0	8	0.99658
24	28	0	8	0.99637
29	32	0	8	0.99629
28	31	0	8	0.99579
27	30	0	8	0.99570
30	34	0	8	0.99570
28	32	0	8	0.99496
47	50	0	8	0.99483
31	35	0	8	0.99458
27	31	0	8	0.99412
44	48	0	8	0.99304
43	46	0	8	0.99271
14	17	0	8	0.99239
33	36	0	8	0.99117
26	29	0	8	0.99089
8	11	0	8	0.99072
11	14	0	8	0.99040
29	33	0	8	0.99029
25	29	0	8	0.98994
9	12	0	8	0.98950
10	13	0	8	0.98892
49	52	0	8	0.98807
43	47	0	8	0.98759
26	30	0	8	0.98708
20	23	0	8	0.98671
15	18	0	8	0.98650
46	50	0	8	0.98627
48	51	0	8	0.98603
12	15	0	8	0.98584
7	10	0	8	0.98538
13	16	0	8	0.98274
38	41	0	8	0.98207
34	37	0	8	0.98116
7	11	0	8	0.98072
9	13	0	8	0.98026
42	46	0	8	0.97991
10	14	0	8	0.97577
13	17	0	8	0.97238
11	15	0	8	0.97024
41	45	0	8	0.96770
8	12	0	8	0.96759
17	20	0	8	0.96674
32	36	0	8	0.96634
47	51	0	8	0.96588
41	44	0	8	0.96533
35	38	0	8	0.96522
16	19	0	8	0.96425
39	42	0	8	0.96302
48	52	0	8	0.95692
12	16	0	8	0.95641
14	18	0	8	0.94893
35	42	0	8	0.94823
34	38	0	8	0.94191
50	53	0	8	0.93551
33	37	0	8	0.93113
49	53	0	8	0.91877
6	10	0	8	0.88130
51	54	0	8	0.87696
40	43	0	8	0.86435
50	54	0	8	0.83979
38	42	0	8	0.83031
15	19	0	8	0.82775
35	45	0	8	0.82683
35	39	0	8	0.82630
23	31	0	8	0.82014
36	39	0	8	0.81807
16	20	0	8	0.81242
6	11	0	8	0.80893
52	55	0	8	0.79940
53	56	0	8	0.77459
40	44	0	8	0.76970
31	45	0	8	0.76121
51	55	0	8	0.75810
35	41	0	8	0.73440
17	23	0	8	0.72090
18	28	0	8	0.71645
17	31	0	8	0.70175
39	43	0	8	0.69676
20	49	0	8	0.66920
14	32	0	8	0.66615
34	41	0	8	0.65754
13	42	0	8	0.65518
52	56	0	8	0.65327
17	45	0	8	0.65253
17	49	0	8	0.65066
17	28	0	8	0.64018
54	57	0	8	0.61787
20	28	0	8	0.59887
18	23	0	8	0.59887
14	35	0	8	0.59389
3	6	0	8	0.58992
13	35	0	8	0.58114
13	46	0	8	0.57867
53	57	0	8	0.57621
10	42	0	8	0.51860
17	32	0	8	0.51738
17	46	0	8	0.50935
2	6	0	8	0.50505
20	52	0	8	0.50146
23	49	0	8	0.48063
23	52	0	8	0.42998
2	5	0	8	0.42402
13	45	0	8	0.42372
6	14	0	8	0.42290
17	35	0	8	0.40970
1	4	0	8	0.40363
10	35	0	8	0.39705
34	45	0	8	0.38933
20	53	0	8	0.37836
4	7	0	8	0.37444
16	49	0	8	0.36704
22	52	0	8	0.35134
16	46	0	8	0.34907
1	5	0	8	0.33215
22	53	0	8	0.31216
10	39	0	8	0.30483
13	43	0	8	0.29758
36	42	0	8	0.28634
55	58	0	8	0.28181
18	32	0	8	0.28151
14	42	0	8	0.27484
34	42	0	8	0.27448
31	49	0	8	0.27382
10	46	0	8	0.26690
10	36	0	8	0.26127
31	48	0	8	0.25650
20	31	0	8	0.25604
14	45	0	8	0.25544
10	43	0	8	0.24701
6	39	0	8	0.24467
3	7	0	8	0.23910
6	42	0	8	0.22784
54	58	0	8	0.22330
22	56	0	8	0.22165
9	42	0	8	0.21908
5	8	0	8	0.21590
21	53	0	8	0.21391
23	48	0	8	0.21212
7	39	0	8	0.21108
4	8	0	8	0.20657
57	60	0	8	0.20381
56	59	0	8	0.20217
14	36	0	8	0.20047
2	11	0	8	0.19976
18	31	0	8	0.19581
23	45	0	8	0.19533
14	46	0	8	0.19380
21	52	0	8	0.19202
22	49	0	8	0.18976
32	45	0	8	0.18144
6	43	0	8	0.18095
14	31	0	8	0.17924
21	56	0	8	0.17575
55	59	0	8	0.17470
6	36	0	8	0.17305
13	49	0	8	0.17219
5	9	0	8	0.16967
35	46	0	8	0.16881
31	42	0	8	0.16780
19	53	0	8	0.16383
19	23	0	8	0.16380
9	43	0	8	0.16279
20	27	0	8	0.16169
13	39	0	8	0.15671
20	50	0	8	0.15461
19	49	0	8	0.14711
37	41	0	8	0.14563
20	48	0	8	0.14539
18	49	0	8	0.14444
20	56	0	8	0.14304
6	46	0	8	0.14252
27	52	0	8	0.14230
3	11	0	8	0.14170
27	48	0	8	0.14150
6	9	0	8	0.13983
23	53	0	8	0.13921
22	57	0	8	0.13860
56	60	0	8	0.13847
17	48	0	8	0.13840
27	49	0	8	0.13688
28	49	0	8	0.13351
21	49	0	8	0.13291
18	25	0	8	0.13093
17	52	0	8	0.12688
16	50	0	8	0.12604
4	11	0	8	0.12083
22	55	0	8	0.12077
10	45	0	8	0.12071
9	39	0	8	0.12049
13	32	0	8	0.12016
6	35	0	8	0.11944
19	52	0	8	0.11928
17	42	0	8	0.11861
7	42	0	8	0.11700
20	45	0	8	0.11628
2	7	0	8	0.11127
16	53	0	8	0.11113
2	39	0	8	0.10873
15	32	0	8	0.10730
31	52	0	8	0.10709
2	14	0	8	0.10615
7	43	0	8	0.10574
16	45	0	8	0.10497
31	46	0	8	0.10479
4	39	0	8	0.10179
3	39	0	8	0.10031
16	52	0	8	0.09710
31	41	0	8	0.09666
21	57	0	8	0.09646
32	42	0	8	0.09540
22	58	0	8	0.09340
34	44	0	8	0.09299
10	32	0	8	0.09257
19	58	0	8	0.09137
18	21	0	8	0.09058
19	56	0	8	0.08974
2	43	0	8	0.08974
19	57	0	8	0.08971
52	57	0	8	0.08784
12	42	0	8	0.08620
13	41	0	8	0.08607
13	36	0	8	0.08558
20	46	0	8	0.08554
2	36	0	8	0.08495
9	46	0	8	0.08408
5	39	0	8	0.08280
11	36	0	8	0.08092
13	31	0	8	0.08068
14	49	0	8	0.07899
30	45	0	8	0.07823
2	8	0	8	0.07776
27	45	0	8	0.07766
11	42	0	8	0.07573
38	45	0	8	0.07385
5	11	0	8	0.07207
7	36	0	8	0.07070
18	52	0	8	0.07017
5	10	0	8	0.06955
4	43	0	8	0.06945
21	58	0	8	0.06929
3	8	0	8	0.06721
20	57	0	8	0.06675
2	10	0	8	0.06438
2	42	0	8	0.06262
2	46	0	8	0.06239
13	48	0	8	0.06109
11	32	0	8	0.06071
13	52	0	8	0.06018
3	43	0	8	0.05992
1	6	0	8	0.05928
2	15	0	8	0.05822
6	32	0	8	0.05820
22	59	0	8	0.05669
7	40	0	8	0.05501
13	44	0	8	0.05453
23	56	0	8	0.05443
53	58	0	8	0.05438
4	36	0	8	0.05407
2	32	0	8	0.05334
16	48	0	8	0.05214
28	45	0	8	0.05192
20	58	0	8	0.05124
21	55	0	8	0.05110
32	46	0	8	0.05084
3	36	0	8	0.05041
1	11	0	8	0.05010
5	43	0	8	0.04873
11	35	0	8	0.04847
9	40	0	8	0.04824
18	53	0	8	0.04692
28	52	0	8	0.04668
34	39	0	8	0.04647
20	55	0	8	0.04646
50	55	0	8	0.04645
5	36	0	8	0.04620
14	28	0	8	0.04618
17	27	0	8	0.04600
54	59	0	8	0.04594
4	10	0	8	0.04586
10	38	0	8	0.04572
21	59	0	8	0.04495
19	50	0	8	0.04493
19	59	0	8	0.04462
2	40	0	8	0.04400
22	48	0	8	0.04332
24	52	0	8	0.04318
34	48	0	8	0.04279
2	35	0	8	0.04261
51	56	0	8	0.04249
22	60	0	8	0.04161
1	39	0	8	0.04139
4	42	0	8	0.04098
37	42	0	8	0.04089
22	54	0	8	0.04034
17	53	0	8	0.04004
17	50	0	8	0.03995
19	60	0	8	0.03953
1	43	0	8	0.03937
13	50	0	8	0.03843
17	21	0	8	0.03838
10	41	0	8	0.03830
32	49	0	8	0.03773
1	7	0	8	0.03737
12	43	0	8	0.03722
35	44	0	8	0.03636
3	42	0	8	0.03617
22	50	0	8	0.03575
6	40	0	8	0.03535
21	60	0	8	0.03470
22	27	0	8	0.03457
4	40	0	8	0.03437
11	39	0	8	0.03406
4	46	0	8	0.03393
50	57	0	8	0.03293
31	44	0	8	0.03260
3	10	0	8	0.03243
18	58	0	8	0.03242
52	58	0	8	0.03192
21	48	0	8	0.03183
3	40	0	8	0.03152
13	53	0	8	0.03126
16	42	0	8	0.03113
1	8	0	8	0.03084
1	36	0	8	0.02996
2	47	0	8	0.02980
19	55	0	8	0.02949
18	27	0	8	0.02844
15	49	0	8	0.02832
6	45	0	8	0.02824
16	58	0	8	0.02806
14	39	0	8	0.02803
10	40	0	8	0.02764
18	56	0	8	0.02763
55	60	0	8	0.02761
3	14	0	8	0.02757
23	46	0	8	0.02733
9	36	0	8	0.02686
18	57	0	8	0.02659
1	40	0	8	0.02657
13	47	0	8	0.02643
16	57	0	8	0.02628
50	56	0	8	0.02586
51	57	0	8	0.02517
5	42	0	8	0.02515
11	46	0	8	0.02483
12	46	0	8	0.02479
53	59	0	8	0.02429
15	58	0	8	0.02407
21	54	0	8	0.02373
21	50	0	8	0.02352
22	51	0	8	0.02340
4	14	0	8	0.02326
23	50	0	8	0.02325
13	38	0	8	0.02297
1	15	0	8	0.02256
54	60	0	8	0.02226
36	41	0	8	0.02218
28	46	0	8	0.02216
10	49	0	8	0.02192
7	35	0	8	0.02181
2	18	0	8	0.02178
5	40	0	8	0.02156
50	58	0	8	0.02145
15	46	0	8	0.02139
16	56	0	8	0.02134
14	43	0	8	0.02133
3	46	0	8	0.02129
19	28	0	8	0.02085
21	28	0	8	0.02065
15	28	0	8	0.02063
23	57	0	8	0.02053
35	43	0	8	0.02047
16	21	0	8	0.02038
1	14	0	8	0.02036
8	39	0	8	0.01965
19	22	0	8	0.01962
18	45	0	8	0.01950
5	46	0	8	0.01949
16	35	0	8	0.01949
20	54	0	8	0.01923
30	41	0	8	0.01910
38	44	0	8	0.01901
9	38	0	8	0.01859
18	24	0	8	0.01833
4	47	0	8	0.01831
28	48	0	8	0.01827
12	49	0	8	0.01824
37	40	0	8	0.01817
7	46	0	8	0.01806
12	45	0	8	0.01803
4	9	0	8	0.01785
15	52	0	8	0.01776
24	56	0	8	0.01772
12	36	0	8	0.01771
16	31	0	8	0.01710
18	46	0	8	0.01703
16	47	0	8	0.01682
15	53	0	8	0.01658
2	50	0	8	0.01650
9	35	0	8	0.01646
15	57	0	8	0.01633
23	58	0	8	0.01617
13	34	0	8	0.01606
24	53	0	8	0.01598
10	52	0	8	0.01587
20	59	0	8	0.01568
19	48	0	8	0.01563
9	45	0	8	0.01562
20	51	0	8	0.01499
18	60	0	8	0.01488
19	54	0	8	0.01480
12	52	0	8	0.01457
15	20	0	8	0.01433
15	45	0	8	0.01427
9	44	0	8	0.01422
18	48	0	8	0.01421
33	38	0	8	0.01398
9	52	0	8	0.01392
7	38	0	8	0.01389
18	29	0	8	0.01381
2	44	0	8	0.01379
6	47	0	8	0.01373
16	43	0	8	0.01366
30	49	0	8	0.01362
49	57	0	8	0.01360
35	49	0	8	0.01352
5	14	0	8	0.01344
6	52	0	8	0.01326
4	35	0	8	0.01324
23	55	0	8	0.01316
8	42	0	8	0.01316
14	48	0	8	0.01315
2	12	0	8	0.01308
12	39	0	8	0.01290
1	10	0	8	0.01279
11	43	0	8	0.01265
39	45	0	8	0.01265
10	44	0	8	0.01262
53	60	0	8	0.01260
1	47	0	8	0.01248
16	60	0	8	0.01246
20	60	0	8	0.01236
16	59	0	8	0.01234
11	45	0	8	0.01221
1	18	0	8	0.01220
19	46	0	8	0.01212
6	49	0	8	0.01199
1	46	0	8	0.01198
14	41	0	8	0.01197
6	38	0	8	0.01169
50	59	0	8	0.01168
3	32	0	8	0.01166
4	32	0	8	0.01162
2	38	0	8	0.01152
50	60	0	8	0.01150
18	59	0	8	0.01147
3	35	0	8	0.01141
2	9	0	8	0.01136
6	15	0	8	0.01135
51	58	0	8	0.01128
46	57	0	8	0.01116
2	33	0	8	0.01106
1	32	0	8	0.01101
15	56	0	8	0.01096
9	49	0	8	0.01086
49	55	0	8	0.01081
6	41	0	8	0.01081
17	34	0	8	0.01076
15	60	0	8	0.01071
6	13	0	8	0.01069
24	49	0	8	0.01067
3	47	0	8	0.01052
13	58	0	8	0.01051
24	58	0	8	0.01037
30	48	0	8	0.01037
52	59	0	8	0.01015
2	45	0	8	0.01000
15	25	0	8	0.01000
14	52	0	8	0.00999
14	50	0	8	0.00999
8	43	0	8	0.00989
27	44	0	8	0.00984
9	41	0	8	0.00978
24	57	0	8	0.00978
16	44	0	8	0.00977
27	53	0	8	0.00977
13	40	0	8	0.00976
18	55	0	8	0.00965
9	48	0	8	0.00963
47	57	0	8	0.00957
3	15	0	8	0.00945
2	29	0	8	0.00941
33	41	0	8	0.00940
1	42	0	8	0.00938
49	54	0	8	0.00938
16	55	0	8	0.00937
23	32	0	8	0.00937
17	22	0	8	0.00935
24	60	0	8	0.00931
18	35	0	8	0.00929
46	58	0	8	0.00920
18	22	0	8	0.00914
7	12	0	8	0.00905
12	48	0	8	0.00901
14	53	0	8	0.00895
4	50	0	8	0.00886
20	24	0	8	0.00886
27	41	0	8	0.00881
6	48	0	8	0.00879
2	41	0	8	0.00878
8	36	0	8	0.00873
49	58	0	8	0.00872
18	50	0	8	0.00867
5	35	0	8	0.00867
20	32	0	8	0.00857
6	58	0	8	0.00852
2	58	0	8	0.00852
15	50	0	8	0.00851
6	44	0	8	0.00845
17	58	0	8	0.00843
9	53	0	8	0.00831
24	59	0	8	0.00829
6	50	0	8	0.00829
23	26	0	8	0.00828
7	41	0	8	0.00823
2	48	0	8	0.00816
3	9	0	8	0.00811
16	22	0	8	0.00810
49	56	0	8	0.00805
47	60	0	8	0.00798
15	35	0	8	0.00790
13	57	0	8	0.00784
51	59	0	8	0.00783
34	40	0	8	0.00782
12	53	0	8	0.00777
28	53	0	8	0.00764
15	59	0	8	0.00763
21	24	0	8	0.00763
10	47	0	8	0.00754
15	42	0	8	0.00742
1	44	0	8	0.00723
16	54	0	8	0.00723
2	37	0	8	0.00719
43	60	0	8	0.00717
16	23	0	8	0.00717
3	38	0	8	0.00713
5	47	0	8	0.00711
47	59	0	8	0.00708
4	38	0	8	0.00702
7	44	0	8	0.00693
47	58	0	8	0.00691
4	44	0	8	0.00690
1	38	0	8	0.00686
28	58	0	8	0.00683
25	60	0	8	0.00678
12	56	0	8	0.00677
27	56	0	8	0.00676
12	58	0	8	0.00661
17	56	0	8	0.00657
1	50	0	8	0.00650
36	40	0	8	0.00650
3	58	0	8	0.00650
17	57	0	8	0.00648
23	51	0	8	0.00645
10	48	0	8	0.00643
2	56	0	8	0.00635
2	57	0	8	0.00632
5	38	0	8	0.00632
1	9	0	8	0.00632
1	29	0	8	0.00632
15	31	0	8	0.00628
52	60	0	8	0.00628
2	52	0	8	0.00626
13	56	0	8	0.00625
6	57	0	8	0.00624
3	44	0	8	0.00622
15	48	0	8	0.00620
14	58	0	8	0.00618
15	36	0	8	0.00617
24	48	0	8	0.00616
5	44	0	8	0.00616
46	60	0	8	0.00608
10	53	0	8	0.00607
7	45	0	8	0.00607
11	49	0	8	0.00603
11	58	0	8	0.00603
16	51	0	8	0.00597
13	60	0	8	0.00596
10	50	0	8	0.00595
12	57	0	8	0.00595
36	43	0	8	0.00594
1	12	0	8	0.00594
2	59	0	8	0.00594
6	53	0	8	0.00593
5	32	0	8	0.00591
9	56	0	8	0.00583
12	35	0	8	0.00575
3	41	0	8	0.00567
35	40	0	8	0.00566
4	15	0	8	0.00560
1	41	0	8	0.00559
12	60	0	8	0.00556
33	42	0	8	0.00553
2	28	0	8	0.00550
51	60	0	8	0.00550
2	13	0	8	0.00549
24	55	0	8	0.00545
12	50	0	8	0.00544
4	45	0	8	0.00540
17	43	0	8	0.00539
2	34	0	8	0.00538
22	45	0	8	0.00538
4	58	0	8	0.00537
4	12	0	8	0.00536
10	58	0	8	0.00534
13	51	0	8	0.00533
9	58	0	8	0.00531
16	32	0	8	0.00530
5	58	0	8	0.00528
1	33	0	8	0.00525
2	60	0	8	0.00524
9	57	0	8	0.00524
1	35	0	8	0.00523
10	15	0	8	0.00522
2	55	0	8	0.00521
3	50	0	8	0.00521
36	46	0	8	0.00520
7	58	0	8	0.00519
7	32	0	8	0.00519
25	58	0	8	0.00519
1	58	0	8	0.00517
19	45	0	8	0.00516
2	53	0	8	0.00516
2	49	0	8	0.00511
9	47	0	8	0.00510
6	56	0	8	0.00510
36	45	0	8	0.00509
30	44	0	8	0.00508
14	29	0	8	0.00506
21	51	0	8	0.00505
4	48	0	8	0.00501
11	56	0	8	0.00499
14	44	0	8	0.00492
2	51	0	8	0.00483
11	53	0	8	0.00473
2	31	0	8	0.00473
23	59	0	8	0.00467
31	38	0	8	0.00465
27	46	0	8	0.00464
38	43	0	8	0.00462
2	19	0	8	0.00462
7	52	0	8	0.00461
23	60	0	8	0.00455
17	36	0	8	0.00453
1	25	0	8	0.00450
6	31	0	8	0.00449
27	51	0	8	0.00448
11	57	0	8	0.00447
19	25	0	8	0.00446
35	48	0	8	0.00446
5	60	0	8	0.00445
7	60	0	8	0.00445
9	50	0	8	0.00444
1	37	0	8	0.00442
23	30	0	8	0.00442
14	34	0	8	0.00440
19	51	0	8	0.00439
7	59	0	8	0.00437
32	38	0	8	0.00437
4	41	0	8	0.00436
6	60	0	8	0.00436
4	59	0	8	0.00434
5	41	0	8	0.00433
1	60	0	8	0.00433
6	59	0	8	0.00433
4	60	0	8	0.00429
2	25	0	8	0.00428
1	19	0	8	0.00428
5	48	0	8	0.00427
27	57	0	8	0.00426
7	57	0	8	0.00425
20	42	0	8	0.00425
14	57	0	8	0.00424
3	57	0	8	0.00424
39	44	0	8	0.00422
5	59	0	8	0.00421
3	59	0	8	0.00421
6	55	0	8	0.00420
7	48	0	8	0.00419
1	59	0	8	0.00418
46	56	0	8	0.00418
11	52	0	8	0.00418
4	57	0	8	0.00416
9	55	0	8	0.00416
47	56	0	8	0.00416
46	59	0	8	0.00414
9	60	0	8	0.00413
4	33	0	8	0.00412
14	33	0	8	0.00411
13	55	0	8	0.00408
10	57	0	8	0.00408
40	45	0	8	0.00403
12	44	0	8	0.00402
3	12	0	8	0.00400
6	33	0	8	0.00396
10	34	0	8	0.00396
5	56	0	8	0.00395
5	57	0	8	0.00394
15	55	0	8	0.00394
48	57	0	8	0.00393
11	60	0	8	0.00391
4	52	0	8	0.00391
3	33	0	8	0.00390
25	59	0	8	0.00389
5	45	0	8	0.00388
43	58	0	8	0.00385
16	41	0	8	0.00385
6	12	0	8	0.00384
9	59	0	8	0.00383
13	59	0	8	0.00381
10	31	0	8	0.00380
30	42	0	8	0.00375
21	46	0	8	0.00371
1	57	0	8	0.00370
11	16	0	8	0.00369
5	50	0	8	0.00367
14	19	0	8	0.00366
22	46	0	8	0.00366
1	56	0	8	0.00366
3	56	0	8	0.00364
8	56	0	8	0.00364
29	49	0	8	0.00364
5	37	0	8	0.00362
4	56	0	8	0.00362
3	48	0	8	0.00361
6	37	0	8	0.00361
2	54	0	8	0.00361
32	41	0	8	0.00360
43	59	0	8	0.00357
48	58	0	8	0.00354
7	56	0	8	0.00351
34	49	0	8	0.00350
26	31	0	8	0.00349
48	53	0	8	0.00348
18	54	0	8	0.00347
8	52	0	8	0.00347
5	52	0	8	0.00346
15	21	0	8	0.00346
21	45	0	8	0.00345
3	37	0	8	0.00343
22	28	0	8	0.00343
25	49	0	8	0.00342
4	37	0	8	0.00342
17	60	0	8	0.00342
28	50	0	8	0.00340
28	33	0	8	0.00338
39	46	0	8	0.00337
27	58	0	8	0.00337
10	60	0	8	0.00337
11	29	0	8	0.00335
25	52	0	8	0.00334
1	48	0	8	0.00334
8	13	0	8	0.00331
15	29	0	8	0.00330
3	60	0	8	0.00330
28	56	0	8	0.00329
23	54	0	8	0.00327
7	13	0	8	0.00327
28	42	0	8	0.00326
21	27	0	8	0.00326
10	33	0	8	0.00325
12	59	0	8	0.00321
2	16	0	8	0.00320
32	39	0	8	0.00319
25	56	0	8	0.00316
11	40	0	8	0.00313
7	47	0	8	0.00312
2	30	0	8	0.00312
10	56	0	8	0.00311
32	37	0	8	0.00311
1	55	0	8	0.00309
12	55	0	8	0.00308
6	51	0	8	0.00307
28	57	0	8	0.00300
14	56	0	8	0.00293
47	52	0	8	0.00293
9	54	0	8	0.00292
4	55	0	8	0.00291
4	53	0	8	0.00289
7	53	0	8	0.00288
1	28	0	8	0.00288
17	41	0	8	0.00287
11	48	0	8	0.00285
12	41	0	8	0.00283
3	52	0	8	0.00282
25	57	0	8	0.00281
16	36	0	8	0.00280
7	55	0	8	0.00280
5	33	0	8	0.00280
17	59	0	8	0.00278
5	55	0	8	0.00278
8	40	0	8	0.00277
48	60	0	8	0.00277
3	55	0	8	0.00274
25	53	0	8	0.00273
3	45	0	8	0.00272
28	60	0	8	0.00271
27	55	0	8	0.00271
4	49	0	8	0.00271
8	58	0	8	0.00270
12	47	0	8	0.00269
14	60	0	8	0.00269
4	51	0	8	0.00269
8	57	0	8	0.00268
8	46	0	8	0.00267
13	54	0	8	0.00267
1	53	0	8	0.00266
49	60	0	8	0.00265
34	43	0	8	0.00264
16	28	0	8	0.00263
10	37	0	8	0.00263
1	51	0	8	0.00262
8	60	0	8	0.00261
46	55	0	8	0.00261
11	59	0	8	0.00259
22	44	0	8	0.00259
44	60	0	8	0.00256
17	47	0	8	0.00253
16	39	0	8	0.00252
11	50	0	8	0.00252
1	34	0	8	0.00251
12	54	0	8	0.00250
3	53	0	8	0.00249
8	55	0	8	0.00248
7	49	0	8	0.00248
6	34	0	8	0.00248
12	32	0	8	0.00248
42	47	0	8	0.00247
1	54	0	8	0.00246
5	15	0	8	0.00246
5	49	0	8	0.00246
12	40	0	8	0.00246
9	14	0	8	0.00245
17	29	0	8	0.00245
26	48	0	8	0.00245
1	30	0	8	0.00244
1	52	0	8	0.00244
4	13	0	8	0.00243
5	53	0	8	0.00242
13	28	0	8	0.00241
3	18	0	8	0.00237
17	44	0	8	0.00233
10	59	0	8	0.00233
17	55	0	8	0.00232
20	35	0	8	0.00231
29	34	0	8	0.00230
11	47	0	8	0.00230
2	17	0	8	0.00228
49	59	0	8	0.00227
47	55	0	8	0.00227
14	47	0	8	0.00226
11	33	0	8	0.00225
6	18	0	8	0.00223
9	51	0	8	0.00222
43	57	0	8	0.00222
15	54	0	8	0.00221
4	34	0	8	0.00217
3	29	0	8	0.00217
9	32	0	8	0.00216
4	29	0	8	0.00216
42	60	0	8	0.00215
48	59	0	8	0.00215
5	13	0	8	0.00214
13	18	0	8	0.00214
29	60	0	8	0.00213
8	59	0	8	0.00211
39	60	0	8	0.00209
14	38	0	8	0.00208
43	48	0	8	0.00205
16	34	0	8	0.00203
20	25	0	8	0.00202
11	55	0	8	0.00202
3	51	0	8	0.00201
24	50	0	8	0.00201
27	60	0	8	0.00201
22	25	0	8	0.00199
17	51	0	8	0.00198
23	42	0	8	0.00198
3	34	0	8	0.00198
4	54	0	8	0.00197
27	32	0	8	0.00195
48	56	0	8	0.00195
17	39	0	8	0.00193
31	53	0	8	0.00192
13	37	0	8	0.00191
7	14	0	8	0.00190
30	35	0	8	0.00189
14	20	0	8	0.00187
19	24	0	8	0.00187
7	50	0	8	0.00186
30	52	0	8	0.00186
25	30	0	8	0.00186
7	37	0	8	0.00185
19	44	0	8	0.00184
5	12	0	8	0.00183
17	30	0	8	0.00183
12	17	0	8	0.00183
10	55	0	8	0.00183
11	41	0	8	0.00181
1	45	0	8	0.00180
11	44	0	8	0.00180
19	31	0	8	0.00178
8	48	0	8	0.00178
18	42	0	8	0.00176
4	18	0	8	0.00175
15	44	0	8	0.00174
26	60	0	8	0.00173
8	35	0	8	0.00171
8	53	0	8	0.00170
26	52	0	8	0.00169
47	53	0	8	0.00168
21	44	0	8	0.00167
3	54	0	8	0.00167
6	54	0	8	0.00165
14	59	0	8	0.00162
1	16	0	8	0.00162
11	28	0	8	0.00161
17	25	0	8	0.00161
6	28	0	8	0.00161
5	54	0	8	0.00160
8	32	0	8	0.00160
31	47	0	8	0.00160
46	52	0	8	0.00160
3	49	0	8	0.00157
3	13	0	8	0.00154
48	55	0	8	0.00153
5	51	0	8	0.00153
32	48	0	8	0.00153
31	43	0	8	0.00153
5	34	0	8	0.00152
3	25	0	8	0.00151
11	25	0	8	0.00149
7	15	0	8	0.00149
10	29	0	8	0.00149
1	31	0	8	0.00147
42	58	0	8	0.00146
18	51	0	8	0.00145
21	25	0	8	0.00145
15	43	0	8	0.00145
27	42	0	8	0.00145
24	54	0	8	0.00145
34	46	0	8	0.00142
17	54	0	8	0.00141
1	49	0	8	0.00136
37	45	0	8	0.00135
6	29	0	8	0.00134
17	24	0	8	0.00134
26	49	0	8	0.00133
1	13	0	8	0.00133
14	23	0	8	0.00133
44	58	0	8	0.00133
19	27	0	8	0.00132
8	38	0	8	0.00132
3	19	0	8	0.00131
7	33	0	8	0.00131
12	51	0	8	0.00130
14	25	0	8	0.00129
6	17	0	8	0.00128
25	50	0	8	0.00127
19	42	0	8	0.00127
14	55	0	8	0.00125
7	54	0	8	0.00125
44	59	0	8	0.00125
42	48	0	8	0.00124
20	47	0	8	0.00124
6	16	0	8	0.00123
8	41	0	8	0.00122
8	44	0	8	0.00122
30	38	0	8	0.00122
46	53	0	8	0.00121
12	38	0	8	0.00121
8	47	0	8	0.00119
48	54	0	8	0.00118
31	58	0	8	0.00118
32	52	0	8	0.00117
32	43	0	8	0.00117
4	31	0	8	0.00117
29	58	0	8	0.00116
26	58	0	8	0.00116
27	50	0	8	0.00115
10	17	0	8	0.00115
20	44	0	8	0.00114
9	37	0	8	0.00114
1	26	0	8	0.00113
31	39	0	8	0.00113
47	54	0	8	0.00113
41	46	0	8	0.00112
28	59	0	8	0.00111
23	44	0	8	0.00111
8	49	0	8	0.00110
22	26	0	8	0.00108
7	51	0	8	0.00108
3	31	0	8	0.00107
36	60	0	8	0.00107
39	48	0	8	0.00105
11	31	0	8	0.00104
32	58	0	8	0.00104
27	59	0	8	0.00104
25	55	0	8	0.00104
11	54	0	8	0.00103
26	59	0	8	0.00102
8	54	0	8	0.00102
5	29	0	8	0.00102
45	58	0	8	0.00102
11	38	0	8	0.00101
2	26	0	8	0.00100
8	50	0	8	0.00100
32	60	0	8	0.00100
4	16	0	8	0.00099
3	30	0	8	0.00097
31	50	0	8	0.00097
4	30	0	8	0.00097
39	47	0	8	0.00095
15	47	0	8	0.00094
30	60	0	8	0.00094
1	21	0	8	0.00094
24	29	0	8	0.00094
2	27	0	8	0.00094
10	54	0	8	0.00093
1	27	0	8	0.00093
23	41	0	8	0.00092
22	31	0	8	0.00092
15	23	0	8	0.00092
10	16	0	8	0.00092
28	55	0	8	0.00091
39	58	0	8	0.00091
4	25	0	8	0.00090
21	47	0	8	0.00090
15	51	0	8	0.00090
26	45	0	8	0.00089
1	24	0	8	0.00089
43	56	0	8	0.00089
8	45	0	8	0.00088
22	47	0	8	0.00088
13	33	0	8	0.00087
29	59	0	8	0.00085
10	28	0	8	0.00084
14	27	0	8	0.00084
45	50	0	8	0.00083
3	16	0	8	0.00082
4	19	0	8	0.00082
3	28	0	8	0.00082
40	48	0	8	0.00080
32	50	0	8	0.00080
4	28	0	8	0.00080
33	39	0	8	0.00080
40	60	0	8	0.00080
5	16	0	8	0.00079
46	51	0	8	0.00079
15	39	0	8	0.00079
31	57	0	8	0.00078
19	47	0	8	0.00078
44	57	0	8	0.00077
14	54	0	8	0.00076
29	52	0	8	0.00075
31	36	0	8	0.00074
18	36	0	8	0.00074
5	18	0	8	0.00074
31	56	0	8	0.00073
36	58	0	8	0.00073
15	41	0	8	0.00073
25	48	0	8	0.00073
11	18	0	8	0.00072
42	59	0	8	0.00071
2	21	0	8	0.00071
18	44	0	8	0.00070
8	51	0	8	0.00070
42	57	0	8	0.00070
45	57	0	8	0.00069
20	41	0	8	0.00069
19	43	0	8	0.00069
29	45	0	8	0.00069
45	60	0	8	0.00068
24	45	0	8	0.00067
10	18	0	8	0.00067
16	38	0	8	0.00067
6	30	0	8	0.00067
33	45	0	8	0.00066
5	31	0	8	0.00065
9	34	0	8	0.00065
31	60	0	8	0.00065
10	51	0	8	0.00064
7	34	0	8	0.00064
16	40	0	8	0.00063
46	54	0	8	0.00063
8	16	0	8	0.00063
22	41	0	8	0.00063
8	14	0	8	0.00063
23	47	0	8	0.00062
1	17	0	8	0.00062
19	32	0	8	0.00062
2	20	0	8	0.00062
20	30	0	8	0.00061
26	57	0	8	0.00061
27	54	0	8	0.00060
26	41	0	8	0.00060
40	46	0	8	0.00060
39	59	0	8	0.00059
6	19	0	8	0.00059
9	15	0	8	0.00059
24	31	0	8	0.00059
11	17	0	8	0.00058
27	47	0	8	0.00057
30	46	0	8	0.00056
31	51	0	8	0.00056
5	25	0	8	0.00055
35	52	0	8	0.00055
29	57	0	8	0.00054
31	37	0	8	0.00054
30	58	0	8	0.00054
41	60	0	8	0.00054
25	46	0	8	0.00053
23	35	0	8	0.00053
24	51	0	8	0.00053
21	41	0	8	0.00052
15	22	0	8	0.00051
20	34	0	8	0.00051
26	56	0	8	0.00050
8	33	0	8	0.00050
22	42	0	8	0.00049
15	33	0	8	0.00049
24	30	0	8	0.00049
11	34	0	8	0.00049
35	60	0	8	0.00049
2	24	0	8	0.00049
14	40	0	8	0.00048
8	15	0	8	0.00048
29	53	0	8	0.00048
18	47	0	8	0.00048
3	26	0	8	0.00048
21	31	0	8	0.00047
39	57	0	8	0.00047
14	37	0	8	0.00047
8	25	0	8	0.00047
22	43	0	8	0.00046
14	30	0	8	0.00046
12	18	0	8	0.00046
26	53	0	8	0.00046
37	44	0	8	0.00045
14	51	0	8	0.00045
4	26	0	8	0.00045
1	20	0	8	0.00045
7	16	0	8	0.00045
43	51	0	8	0.00045
26	34	0	8	0.00045
33	60	0	8	0.00044
9	33	0	8	0.00044
8	29	0	8	0.00044
43	55	0	8	0.00044
38	46	0	8	0.00044
1	22	0	8	0.00043
41	58	0	8	0.00043
5	30	0	8	0.00043
32	53	0	8	0.00043
40	58	0	8	0.00042
18	30	0	8	0.00042
16	25	0	8	0.00042
6	25	0	8	0.00042
29	56	0	8	0.00042
38	48	0	8	0.00040
13	23	0	8	0.00040
36	44	0	8	0.00040
45	52	0	8	0.00040
35	47	0	8	0.00040
25	33	0	8	0.00039
28	54	0	8	0.00039
35	58	0	8	0.00038
11	51	0	8	0.00038
16	27	0	8	0.00038
3	17	0	8	0.00037
2	22	0	8	0.00037
4	17	0	8	0.00037
27	35	0	8	0.00037
25	54	0	8	0.00037
7	29	0	8	0.00037
36	59	0	8	0.00036
29	46	0	8	0.00036
13	30	0	8	0.00036
5	19	0	8	0.00036
36	50	0	8	0.00036
13	29	0	8	0.00035
28	44	0	8	0.00035
32	57	0	8	0.00035
12	19	0	8	0.00035
30	57	0	8	0.00035
6	27	0	8	0.00035
44	49	0	8	0.00035
43	52	0	8	0.00035
8	37	0	8	0.00034
23	29	0	8	0.00034
34	47	0	8	0.00034
11	37	0	8	0.00034
36	57	0	8	0.00034
18	26	0	8	0.00034
25	45	0	8	0.00033
20	43	0	8	0.00033
30	59	0	8	0.00033
26	33	0	8	0.00033
18	34	0	8	0.00033
26	44	0	8	0.00033
29	36	0	8	0.00033
12	25	0	8	0.00033
39	56	0	8	0.00032
39	53	0	8	0.00032
17	38	0	8	0.00032
27	38	0	8	0.00032
32	59	0	8	0.00032
13	19	0	8	0.00031
44	56	0	8	0.00031
34	60	0	8	0.00031
37	43	0	8	0.00030
35	50	0	8	0.00030
7	31	0	8	0.00030
12	34	0	8	0.00030
42	50	0	8	0.00030
1	23	0	8	0.00029
30	53	0	8	0.00029
43	53	0	8	0.00029
28	51	0	8	0.00029
32	44	0	8	0.00029
45	59	0	8	0.00029
13	20	0	8	0.00028
39	49	0	8	0.00028
39	50	0	8	0.00028
21	42	0	8	0.00028
40	47	0	8	0.00027
40	59	0	8	0.00027
24	46	0	8	0.00027
9	31	0	8	0.00027
29	41	0	8	0.00027
29	42	0	8	0.00027
19	41	0	8	0.00027
39	52	0	8	0.00026
12	31	0	8	0.00026
2	23	0	8	0.00026
31	59	0	8	0.00026
25	51	0	8	0.00026
45	55	0	8	0.00026
42	56	0	8	0.00026
12	37	0	8	0.00026
41	47	0	8	0.00026
43	50	0	8	0.00026
34	52	0	8	0.00026
16	30	0	8	0.00026
31	55	0	8	0.00026
18	43	0	8	0.00026
20	29	0	8	0.00026
9	16	0	8	0.00025
28	47	0	8	0.00025
5	28	0	8	0.00025
39	55	0	8	0.00025
15	27	0	8	0.00025
41	48	0	8	0.00025
22	30	0	8	0.00024
33	40	0	8	0.00024
32	56	0	8	0.00024
44	55	0	8	0.00024
27	33	0	8	0.00024
36	56	0	8	0.00024
3	21	0	8	0.00024
30	40	0	8	0.00024
3	27	0	8	0.00024
27	34	0	8	0.00023
45	56	0	8	0.00023
45	53	0	8	0.00023
37	60	0	8	0.00023
11	19	0	8	0.00023
5	26	0	8	0.00023
26	55	0	8	0.00023
4	27	0	8	0.00023
34	58	0	8	0.00023
30	56	0	8	0.00022
24	32	0	8	0.00022
24	39	0	8	0.00022
18	33	0	8	0.00022
43	54	0	8	0.00022
42	49	0	8	0.00021
12	29	0	8	0.00021
28	43	0	8	0.00021
29	48	0	8	0.00021
10	30	0	8	0.00021
28	36	0	8	0.00021
44	52	0	8	0.00021
12	28	0	8	0.00021
19	29	0	8	0.00021
19	36	0	8	0.00021
42	52	0	8	0.00021
35	57	0	8	0.00021
28	41	0	8	0.00021
5	17	0	8	0.00020
20	39	0	8	0.00020
30	39	0	8	0.00020
31	40	0	8	0.00020
4	21	0	8	0.00020
15	24	0	8	0.00020
23	34	0	8	0.00020
41	59	0	8	0.00020
17	33	0	8	0.00020
29	55	0	8	0.00019
33	58	0	8	0.00019
10	25	0	8	0.00019
9	17	0	8	0.00019
36	47	0	8	0.00019
10	19	0	8	0.00019
4	20	0	8	0.00019
19	35	0	8	0.00019
6	20	0	8	0.00019
29	50	0	8	0.00019
36	52	0	8	0.00018
9	29	0	8	0.00018
28	34	0	8	0.00018
23	43	0	8	0.00018
20	26	0	8	0.00018
11	23	0	8	0.00018
7	19	0	8	0.00018
21	43	0	8	0.00018
42	55	0	8	0.00018
31	54	0	8	0.00017
3	24	0	8	0.00017
4	24	0	8	0.00017
15	34	0	8	0.00017
26	51	0	8	0.00017
25	31	0	8	0.00017
39	51	0	8	0.00017
8	31	0	8	0.00017
24	44	0	8	0.00017
7	25	0	8	0.00017
3	20	0	8	0.00017
16	29	0	8	0.00017
42	53	0	8	0.00017
9	28	0	8	0.00017
8	34	0	8	0.00016
40	56	0	8	0.00016
25	47	0	8	0.00016
38	60	0	8	0.00016
12	21	0	8	0.00016
28	35	0	8	0.00016
39	54	0	8	0.00016
7	18	0	8	0.00016
11	20	0	8	0.00016
40	57	0	8	0.00016
12	33	0	8	0.00015
30	51	0	8	0.00015
35	53	0	8	0.00015
36	49	0	8	0.00015
6	23	0	8	0.00015
25	34	0	8	0.00015
12	20	0	8	0.00015
28	39	0	8	0.00015
11	27	0	8	0.00015
17	26	0	8	0.00015
44	53	0	8	0.00015
33	59	0	8	0.00015
11	30	0	8	0.00014
15	30	0	8	0.00014
9	18	0	8	0.00014
33	44	0	8	0.00014
36	48	0	8	0.00014
19	39	0	8	0.00014
42	51	0	8	0.00014
30	55	0	8	0.00014
27	43	0	8	0.00014
40	53	0	8	0.00014
22	38	0	8	0.00014
41	57	0	8	0.00014
14	21	0	8	0.00014
16	24	0	8	0.00014
19	34	0	8	0.00014
24	41	0	8	0.00014
36	53	0	8	0.00014
37	48	0	8	0.00013
6	26	0	8	0.00013
23	39	0	8	0.00013
22	39	0	8	0.00013
4	22	0	8	0.00013
18	39	0	8	0.00013
30	43	0	8	0.00013
38	58	0	8	0.00013
13	27	0	8	0.00013
5	27	0	8	0.00013
33	49	0	8	0.00012
44	54	0	8	0.00012
8	17	0	8	0.00012
3	22	0	8	0.00012
35	56	0	8	0.00012
7	28	0	8	0.00012
24	47	0	8	0.00012
30	36	0	8	0.00012
38	47	0	8	0.00012
24	33	0	8	0.00012
8	19	0	8	0.00012
8	28	0	8	0.00012
37	58	0	8	0.00011
20	38	0	8	0.00011
26	38	0	8	0.00011
18	41	0	8	0.00011
6	24	0	8	0.00011
35	59	0	8	0.00011
20	36	0	8	0.00011
8	18	0	8	0.00011
15	26	0	8	0.00011
26	46	0	8	0.00011
7	17	0	8	0.00010
7	30	0	8	0.00010
16	33	0	8	0.00010
36	55	0	8	0.00010
END