1   T C 123.0  -98.3  137.5  115.4  170.0  1.3  8.3 0.966 0.022 0.013
2   A C  77.0  -86.7  124.5  110.6 -124.7  6.9  9.1 0.931 0.056 0.013
3   D C  95.6  -86.0   75.6  106.1 -148.7  5.1 13.8 0.899 0.090 0.011
4   N C 103.0  -75.7   -9.1   98.5 -165.4  6.1 11.9 0.781 0.209 0.010
5   K C 135.3  -85.1   -1.8  100.0   64.1  3.4 15.4 0.709 0.271 0.021
6   F C  70.0  -90.3  120.1  112.7  106.3 15.0 10.1 0.832 0.115 0.052
7   N C  71.2  -85.3  143.2  115.4 -139.5  7.4 16.5 0.956 0.036 0.008
8   K H 138.7  -63.3  -33.7   94.1 -123.9  3.8 15.5 0.051 0.949 0.000
9   E H 110.9  -67.0  -35.6   93.3   53.2  3.6 17.3 0.030 0.970 0.000
10  Q H  36.8  -65.8  -39.8   93.5   51.8 15.7 15.1 0.013 0.987 0.000
11  Q H  59.1  -63.0  -40.1   92.6   53.8 12.7 18.2 0.017 0.983 0.000
12  N H  82.2  -65.5  -39.3   92.6   51.2  4.6 22.8 0.030 0.970 0.000
13  A H  20.0  -65.4  -41.8   93.3   51.0 13.3 19.9 0.009 0.991 0.000
14  F H  21.6  -64.0  -42.1   93.6   51.1 21.0 19.4 0.003 0.997 0.000
15  Y H  82.3  -64.5  -40.2   93.0   51.8 10.2 22.6 0.002 0.998 0.000
16  E H  76.2  -66.2  -39.7   92.7   50.5  6.6 23.8 0.004 0.996 0.000
17  I H  11.2  -67.1  -41.7   94.1   49.6 20.9 18.6 0.010 0.990 0.000
18  L H  27.4  -68.7  -33.2   93.7   51.3 20.2 17.9 0.081 0.919 0.000
19  H H 100.5  -90.4   -5.5   97.2   50.0  6.8 19.6 0.462 0.537 0.001
20  L C  32.4  -81.4  128.2  112.6  105.0 19.6  9.6 0.994 0.003 0.003
21  P C  95.7  -68.8  101.5  104.0 -122.0  4.1 18.2 0.987 0.009 0.004
22  N C 103.4  -11.7   11.6   98.0   25.0  4.3 16.9 0.989 0.007 0.004
23  L C  34.7  -89.7  140.3  118.5  129.7 18.9  9.2 0.990 0.000 0.010
24  N C  76.0  -87.8  165.3  125.3 -132.6  3.3 21.0 0.998 0.001 0.001
25  E H 130.5  -60.9  -36.4   92.6 -101.2  5.0 13.9 0.025 0.975 0.000
26  E H 138.7  -65.1  -37.2   92.0   53.6  1.0 17.5 0.016 0.984 0.000
27  Q H  59.0  -67.6  -37.2   93.2   49.9  9.6 15.3 0.012 0.988 0.000
28  R H  41.2  -63.5  -40.6   92.7   52.5 17.7 14.6 0.010 0.990 0.000
29  N H  83.5  -64.2  -39.5   92.7   52.0  5.5 20.4 0.013 0.987 0.000
30  G H  32.8  -65.1  -40.2   92.7   50.9  4.7 21.1 0.011 0.988 0.000
31  F H  31.7  -65.6  -42.2   93.6   50.2 15.2 17.6 0.007 0.993 0.000
32  I H  29.0  -64.1  -41.0   93.4   51.1 18.0 17.9 0.005 0.995 0.000
33  Q H 102.9  -65.1  -39.5   92.3   50.9  3.2 22.7 0.006 0.994 0.000
34  S H  43.3  -66.9  -39.5   93.0   50.0  6.5 20.3 0.022 0.978 0.000
35  L H  13.4  -66.6  -40.9   93.9   50.7 20.3 13.1 0.030 0.970 0.000
36  K H 102.9  -66.4  -35.7   93.1   53.6  8.9 15.9 0.124 0.876 0.000
37  D H 116.3  -75.4  -26.2   92.8   47.8  1.1 17.2 0.393 0.607 0.000
38  D C  63.2 -126.4   79.4  111.4   29.8  7.4 14.4 0.999 0.001 0.000
39  P H  57.7  -62.9  -32.6   91.9 -171.7 14.4 12.1 0.127 0.873 0.000
40  S H  83.9  -64.3  -36.5   91.3   56.9  1.3 18.7 0.092 0.908 0.000
41  Q H  85.5  -68.1  -37.6   93.3   50.5  6.0 18.8 0.030 0.970 0.000
42  S H  13.0  -63.9  -41.6   93.3   52.8 19.5 13.9 0.016 0.984 0.000
43  A H  50.6  -63.0  -40.4   92.6   53.1  8.3 20.3 0.007 0.993 0.000
44  N H  90.4  -65.8  -39.2   92.4   50.1  2.9 22.6 0.008 0.992 0.000
45  L H  26.2  -66.3  -42.0   93.7   49.7 15.2 18.3 0.005 0.995 0.000
46  L H  28.1  -64.4  -41.1   93.6   51.0 17.8 17.8 0.004 0.996 0.000
47  A H  55.3  -65.2  -39.8   92.7   51.3  4.7 21.3 0.006 0.994 0.000
48  E H  89.5  -67.6  -38.1   92.9   50.1  5.5 20.0 0.016 0.984 0.000
49  A H  15.8  -66.9  -40.1   94.1   51.8 17.2 13.3 0.042 0.958 0.000
50  K H 101.4  -66.1  -37.4   93.9   53.1  8.0 17.7 0.114 0.886 0.001
51  K H 127.3  -68.3  -33.9   92.7   51.5  2.6 18.5 0.191 0.809 0.001
52  L H  63.5  -71.0  -34.0   95.3   52.5 10.3 14.5 0.341 0.656 0.003
53  N C  64.1  -77.4  -26.5   99.4   52.1 10.4 14.2 0.592 0.403 0.005
54  D C  97.7  -72.7  -23.8   96.3   52.7  3.9 14.9 0.634 0.362 0.004
55  A C  73.6  -75.4  -23.0   97.1   57.1  3.7 13.1 0.643 0.352 0.005
56  Q C 109.2  -88.8   -1.6  102.0   49.3  5.1 12.9 0.740 0.252 0.008
57  A C  53.9  -90.4  126.0  114.4  127.3  9.7 12.2 0.964 0.029 0.006
58  P C  63.6  -68.6  146.4  110.9 -106.0 12.0 12.6 0.950 0.034 0.015
59  K C 138.3  -86.8  130.0  112.2 -116.9  5.4 14.9 0.931 0.038 0.030
60  A C  92.6  -92.0  128.7  112.8 -138.1  4.8  8.4 0.995 0.003 0.001
