1 3 0 8  0.963911235332489
1 4 0 8  0.9079293012619019
1 5 0 8  0.8732204437255859
1 6 0 8  0.6623753905296326
1 7 0 8  0.048734381794929504
1 8 0 8  0.0165554266422987
1 9 0 8  0.04975135996937752
1 10 0 8  0.00695252139121294
1 11 0 8  0.004952242132276297
1 12 0 8  0.004376760683953762
1 13 0 8  0.0037830565124750137
1 14 0 8  0.0037545389495790005
1 15 0 8  0.00411087553948164
1 16 0 8  0.004123895429074764
1 17 0 8  0.0038416460156440735
1 18 0 8  0.003963210619986057
1 19 0 8  0.0038870612625032663
1 20 0 8  0.004439401440322399
1 21 0 8  0.0051780035719275475
1 22 0 8  0.004431192297488451
1 23 0 8  0.004558398853987455
1 24 0 8  0.004571300465613604
1 25 0 8  0.004116686061024666
1 26 0 8  0.0041673677042126656
1 27 0 8  0.004780552349984646
1 28 0 8  0.0048713963478803635
1 29 0 8  0.0068439701572060585
1 30 0 8  0.008473175577819347
1 31 0 8  0.009075614623725414
1 32 0 8  0.039650946855545044
1 33 0 8  0.08217281103134155
1 34 0 8  0.2970848083496094
1 35 0 8  0.15768250823020935
1 36 0 8  0.3314966559410095
1 37 0 8  0.1615879088640213
1 38 0 8  0.022759418934583664
1 39 0 8  0.039829179644584656
1 40 0 8  0.2306806445121765
1 41 0 8  0.015921268612146378
1 42 0 8  0.007798494305461645
1 43 0 8  0.036114808171987534
1 44 0 8  0.05565241724252701
1 45 0 8  0.005113695282489061
1 46 0 8  0.00635160319507122
1 47 0 8  0.03691471368074417
1 48 0 8  0.01654905453324318
1 49 0 8  0.011805089190602303
1 50 0 8  0.014719158411026001
1 51 0 8  0.01033436506986618
1 52 0 8  0.017224837094545364
1 53 0 8  0.006477069109678268
1 54 0 8  0.004965066909790039
1 55 0 8  0.004112499766051769
1 56 0 8  0.003738547209650278
1 57 0 8  0.003666960634291172
1 58 0 8  0.0038575506769120693
1 59 0 8  0.003797892015427351
1 60 0 8  0.004060433246195316
1 61 0 8  0.004255636595189571
1 62 0 8  0.004981089849025011
1 63 0 8  0.006033344194293022
1 64 0 8  0.007557361386716366
2 4 0 8  0.9783700704574585
2 5 0 8  0.9441099166870117
2 6 0 8  0.9599695801734924
2 7 0 8  0.009928503073751926
2 8 0 8  0.004218079149723053
2 9 0 8  0.003968735225498676
2 10 0 8  0.0037239936646074057
2 11 0 8  0.003714054822921753
2 12 0 8  0.0036185174249112606
2 13 0 8  0.003445717506110668
2 14 0 8  0.003473815508186817
2 15 0 8  0.003877651412039995
2 16 0 8  0.0038381917402148247
2 17 0 8  0.003477690741419792
2 18 0 8  0.0037239943630993366
2 19 0 8  0.003509586676955223
2 20 0 8  0.0037421737797558308
2 21 0 8  0.0036665841471403837
2 22 0 8  0.003646153723821044
2 23 0 8  0.0036461874842643738
2 24 0 8  0.0036528054624795914
2 25 0 8  0.0033719700295478106
2 26 0 8  0.003484470769762993
2 27 0 8  0.003529573790729046
2 28 0 8  0.0034160716459155083
2 29 0 8  0.003894302062690258
2 30 0 8  0.00439630588516593
2 31 0 8  0.004768094979226589
2 32 0 8  0.011795012280344963
2 33 0 8  0.03873814642429352
2 34 0 8  0.1987520009279251
2 35 0 8  0.08704493939876556
2 36 0 8  0.16001833975315094
2 37 0 8  0.05722888559103012
2 38 0 8  0.006893748417496681
2 39 0 8  0.00950542464852333
2 40 0 8  0.03880862146615982
2 41 0 8  0.0045234523713588715
2 42 0 8  0.004166071303188801
2 43 0 8  0.007353356573730707
2 44 0 8  0.007568830158561468
2 45 0 8  0.003515713382512331
2 46 0 8  0.004071876872330904
2 47 0 8  0.007702934090048075
2 48 0 8  0.006290954537689686
2 49 0 8  0.0063863350078463554
2 50 0 8  0.013388361781835556
2 51 0 8  0.006479615345597267
2 52 0 8  0.00542498379945755
2 53 0 8  0.004509925842285156
2 54 0 8  0.003958513028919697
2 55 0 8  0.0036584027111530304
2 56 0 8  0.003506006207317114
2 57 0 8  0.0034067323431372643
2 58 0 8  0.003548498498275876
2 59 0 8  0.0034923390485346317
2 60 0 8  0.0036180862225592136
2 61 0 8  0.003806103952229023
2 62 0 8  0.0039444370195269585
2 63 0 8  0.004331037402153015
2 64 0 8  0.0056872861459851265
3 5 0 8  0.9889323115348816
3 6 0 8  0.9846307039260864
3 7 0 8  0.9874433279037476
3 8 0 8  0.0058533623814582825
3 9 0 8  0.003986252471804619
3 10 0 8  0.005597580689936876
3 11 0 8  0.005408690311014652
3 12 0 8  0.004128565080463886
3 13 0 8  0.003713076002895832
3 14 0 8  0.0037583080120384693
3 15 0 8  0.0038469962310045958
3 16 0 8  0.0035823662765324116
3 17 0 8  0.003526475979015231
3 18 0 8  0.0035611544735729694
3 19 0 8  0.0035395738668739796
3 20 0 8  0.003524601925164461
3 21 0 8  0.003748547751456499
3 22 0 8  0.0037043155170977116
3 23 0 8  0.0035867891274392605
3 24 0 8  0.0036185875069350004
3 25 0 8  0.0033763102255761623
3 26 0 8  0.003396173007786274
3 27 0 8  0.0034760755952447653
3 28 0 8  0.003369779558852315
3 29 0 8  0.0037908959202468395
3 30 0 8  0.003699028864502907
3 31 0 8  0.003936891909688711
3 32 0 8  0.004755714908242226
3 33 0 8  0.008165494538843632
3 34 0 8  0.053291503340005875
3 35 0 8  0.02612805739045143
3 36 0 8  0.16830889880657196
3 37 0 8  0.04553663730621338
3 38 0 8  0.008236308582127094
3 39 0 8  0.014743133448064327
3 40 0 8  0.28634974360466003
3 41 0 8  0.0075671374797821045
3 42 0 8  0.006013790145516396
3 43 0 8  0.05049889534711838
3 44 0 8  0.12390801310539246
3 45 0 8  0.0047464268282055855
3 46 0 8  0.005810899659991264
3 47 0 8  0.0888749361038208
3 48 0 8  0.027015287429094315
3 49 0 8  0.008199110627174377
3 50 0 8  0.021251842379570007
3 51 0 8  0.01134510524570942
3 52 0 8  0.010354913771152496
3 53 0 8  0.005770287476480007
3 54 0 8  0.004336412996053696
3 55 0 8  0.003889186307787895
3 56 0 8  0.003540023695677519
3 57 0 8  0.0034893956035375595
3 58 0 8  0.0035124076530337334
3 59 0 8  0.0034990201238542795
3 60 0 8  0.004110353998839855
3 61 0 8  0.003935716580599546
3 62 0 8  0.005373464897274971
3 63 0 8  0.004238709807395935
3 64 0 8  0.00941419880837202
4 6 0 8  0.9891939163208008
4 7 0 8  0.9864230155944824
4 8 0 8  0.973032534122467
4 9 0 8  0.005033588968217373
4 10 0 8  0.0035966006107628345
4 11 0 8  0.0040377359837293625
4 12 0 8  0.004087556153535843
4 13 0 8  0.0037387930788099766
4 14 0 8  0.0036754310131073
4 15 0 8  0.00392000749707222
4 16 0 8  0.00361070828512311
4 17 0 8  0.0035956900101155043
4 18 0 8  0.0036955643445253372
4 19 0 8  0.0034466844517737627
4 20 0 8  0.003584554186090827
4 21 0 8  0.0034792323131114244
4 22 0 8  0.003628857433795929
4 23 0 8  0.003587325569242239
4 24 0 8  0.0036381841637194157
4 25 0 8  0.003327947109937668
4 26 0 8  0.00333341583609581
4 27 0 8  0.003531430382281542
4 28 0 8  0.0033494355157017708
4 29 0 8  0.003517993725836277
4 30 0 8  0.003403728362172842
4 31 0 8  0.0036523640155792236
4 32 0 8  0.004511500243097544
4 33 0 8  0.004648660775274038
4 34 0 8  0.006880857516080141
4 35 0 8  0.005589695647358894
4 36 0 8  0.005361198913305998
4 37 0 8  0.0046048955991864204
4 38 0 8  0.003735368372872472
4 39 0 8  0.0037567615509033203
4 40 0 8  0.005068126600235701
4 41 0 8  0.00321457302197814
4 42 0 8  0.00352348480373621
4 43 0 8  0.004303470253944397
4 44 0 8  0.0042301956564188
4 45 0 8  0.0033760229125618935
4 46 0 8  0.0035402346402406693
4 47 0 8  0.00586935319006443
4 48 0 8  0.005492935888469219
4 49 0 8  0.00455315038561821
4 50 0 8  0.005590318236500025
4 51 0 8  0.0048068817704916
4 52 0 8  0.004741165321320295
4 53 0 8  0.004326445050537586
4 54 0 8  0.0039709340780973434
4 55 0 8  0.0036760850343853235
4 56 0 8  0.0033535552211105824
4 57 0 8  0.003424770198762417
4 58 0 8  0.00349934003315866
4 59 0 8  0.0035543181002140045
4 60 0 8  0.003873798530548811
4 61 0 8  0.003964024595916271
4 62 0 8  0.004405851475894451
4 63 0 8  0.004285757429897785
4 64 0 8  0.008921036496758461
5 7 0 8  0.994637131690979
5 8 0 8  0.9843975901603699
5 9 0 8  0.977942943572998
5 10 0 8  0.004446058999747038
5 11 0 8  0.0040055844001472
5 12 0 8  0.0038877385668456554
5 13 0 8  0.004145187791436911
5 14 0 8  0.003787996480241418
5 15 0 8  0.00459316186606884
5 16 0 8  0.0037225319538265467
5 17 0 8  0.0037425686605274677
5 18 0 8  0.003581508994102478
5 19 0 8  0.0034461324103176594
5 20 0 8  0.0034307511523365974
5 21 0 8  0.0034695728681981564
5 22 0 8  0.0035740029998123646
5 23 0 8  0.0036282818764448166
5 24 0 8  0.0035491641610860825
5 25 0 8  0.003320510033518076
5 26 0 8  0.00342746963724494
5 27 0 8  0.0036581961903721094
5 28 0 8  0.0031993724405765533
5 29 0 8  0.005030948668718338
5 30 0 8  0.003936189692467451
5 31 0 8  0.004387222696095705
5 32 0 8  0.041392359882593155
5 33 0 8  0.031050866469740868
5 34 0 8  0.4149337410926819
5 35 0 8  0.027176205068826675
5 36 0 8  0.02352374605834484
5 37 0 8  0.005866555497050285
5 38 0 8  0.004189631901681423
5 39 0 8  0.004047502297908068
5 40 0 8  0.005529083777219057
5 41 0 8  0.003495931625366211
5 42 0 8  0.003263019025325775
5 43 0 8  0.003477302845567465
5 44 0 8  0.004290571436285973
5 45 0 8  0.0033265380188822746
5 46 0 8  0.003454460296779871
5 47 0 8  0.003908043727278709
5 48 0 8  0.004083944484591484
5 49 0 8  0.004005131311714649
5 50 0 8  0.0041167414747178555
5 51 0 8  0.0038978704251348972
5 52 0 8  0.0036498589906841516
5 53 0 8  0.0034842032473534346
5 54 0 8  0.0035087147261947393
5 55 0 8  0.003400583053007722
5 56 0 8  0.0032680369913578033
5 57 0 8  0.0033020940609276295
5 58 0 8  0.003415435552597046
5 59 0 8  0.0034522200003266335
5 60 0 8  0.0036822794936597347
5 61 0 8  0.0036099532153457403
5 62 0 8  0.004104294814169407
5 63 0 8  0.0037869433872401714
5 64 0 8  0.005713322665542364
6 8 0 8  0.9937772750854492
6 9 0 8  0.9845908880233765
6 10 0 8  0.974151074886322
6 11 0 8  0.005760472267866135
6 12 0 8  0.003821510821580887
6 13 0 8  0.004342846572399139
6 14 0 8  0.004267302341759205
6 15 0 8  0.0038969609886407852
6 16 0 8  0.003489551367238164
6 17 0 8  0.003562353551387787
6 18 0 8  0.0034806914627552032
6 19 0 8  0.0041003143414855
6 20 0 8  0.0032941331155598164
6 21 0 8  0.0037214329931885004
6 22 0 8  0.003498067846521735
6 23 0 8  0.0035971268080174923
6 24 0 8  0.0034073609858751297
6 25 0 8  0.003829200053587556
6 26 0 8  0.003889871761202812
6 27 0 8  0.0034839236177504063
6 28 0 8  0.0034159196075052023
6 29 0 8  0.09375221282243729
6 30 0 8  0.0039369333535432816
6 31 0 8  0.003962711431086063
6 32 0 8  0.024958260357379913
6 33 0 8  0.03770929574966431
6 34 0 8  0.8875828981399536
6 35 0 8  0.16544756293296814
6 36 0 8  0.5875979661941528
6 37 0 8  0.10223376750946045
6 38 0 8  0.00930008664727211
6 39 0 8  0.013180390000343323
6 40 0 8  0.4737754166126251
6 41 0 8  0.08769907802343369
6 42 0 8  0.004297642037272453
6 43 0 8  0.010542015545070171
6 44 0 8  0.8196277618408203
6 45 0 8  0.005549341440200806
6 46 0 8  0.0035432828590273857
6 47 0 8  0.012722866609692574
6 48 0 8  0.07018803060054779
6 49 0 8  0.004000169225037098
6 50 0 8  0.008248508907854557
6 51 0 8  0.004077963996678591
6 52 0 8  0.004800591617822647
6 53 0 8  0.003785580163821578
6 54 0 8  0.003447555936872959
6 55 0 8  0.003323617856949568
6 56 0 8  0.0030631483532488346
6 57 0 8  0.0032636343967169523
6 58 0 8  0.003480937797576189
6 59 0 8  0.0034435545094311237
6 60 0 8  0.003832465037703514
6 61 0 8  0.0038911420851945877
6 62 0 8  0.006966359913349152
6 63 0 8  0.004107153974473476
6 64 0 8  0.012848678976297379
7 9 0 8  0.9931932687759399
7 10 0 8  0.9708483815193176
7 11 0 8  0.9853605628013611
7 12 0 8  0.0044139064848423
7 13 0 8  0.003533458337187767
7 14 0 8  0.0035779643803834915
7 15 0 8  0.0036971108056604862
7 16 0 8  0.0035499671939760447
7 17 0 8  0.0034411465749144554
7 18 0 8  0.0034544672816991806
7 19 0 8  0.003419825341552496
7 20 0 8  0.003302979748696089
7 21 0 8  0.0031415224075317383
7 22 0 8  0.0032582408748567104
7 23 0 8  0.003270389512181282
7 24 0 8  0.0033821044489741325
7 25 0 8  0.0030028207693248987
7 26 0 8  0.0033868467435240746
7 27 0 8  0.0032445196993649006
7 28 0 8  0.0030608137603849173
7 29 0 8  0.004021989181637764
7 30 0 8  0.0032903358805924654
7 31 0 8  0.003436257364228368
7 32 0 8  0.0039017628878355026
7 33 0 8  0.0037494711577892303
7 34 0 8  0.008101897314190865
7 35 0 8  0.0034460898023098707
7 36 0 8  0.005716359242796898
7 37 0 8  0.0037326188758015633
7 38 0 8  0.0032918984070420265
7 39 0 8  0.003429496195167303
7 40 0 8  0.011119944974780083
7 41 0 8  0.004802682902663946
7 42 0 8  0.003397280815988779
7 43 0 8  0.0074810730293393135
7 44 0 8  0.8181025981903076
7 45 0 8  0.008640658110380173
7 46 0 8  0.005521994084119797
7 47 0 8  0.5724214315414429
7 48 0 8  0.9291161894798279
7 49 0 8  0.012010620906949043
7 50 0 8  0.02814534492790699
7 51 0 8  0.005965559743344784
7 52 0 8  0.005028374493122101
7 53 0 8  0.004539267625659704
7 54 0 8  0.0033619548194110394
7 55 0 8  0.0033573382534086704
7 56 0 8  0.0031025190837681293
7 57 0 8  0.003240375779569149
7 58 0 8  0.0033794092014431953
7 59 0 8  0.003335746470838785
7 60 0 8  0.004834126681089401
7 61 0 8  0.0039026159793138504
7 62 0 8  0.012209350243210793
7 63 0 8  0.004780560731887817
7 64 0 8  0.09675273299217224
8 10 0 8  0.9894036054611206
8 11 0 8  0.9904226064682007
8 12 0 8  0.9651726484298706
8 13 0 8  0.004023723769932985
8 14 0 8  0.003635395085439086
8 15 0 8  0.00386242987588048
8 16 0 8  0.004243676550686359
8 17 0 8  0.003502525622025132
8 18 0 8  0.003409353783354163
8 19 0 8  0.003911669831722975
8 20 0 8  0.0035289551597088575
8 21 0 8  0.003547433763742447
8 22 0 8  0.003495456650853157
8 23 0 8  0.0033644959330558777
8 24 0 8  0.003423506859689951
8 25 0 8  0.0033890458289533854
8 26 0 8  0.003342890879139304
8 27 0 8  0.00349003029987216
8 28 0 8  0.003208886831998825
8 29 0 8  0.0041688112542033195
8 30 0 8  0.0035311742685735226
8 31 0 8  0.003607607213780284
8 32 0 8  0.011964952573180199
8 33 0 8  0.004137018229812384
8 34 0 8  0.014464604668319225
8 35 0 8  0.0037312908098101616
8 36 0 8  0.003970840480178595
8 37 0 8  0.003730832366272807
8 38 0 8  0.0032824550289660692
8 39 0 8  0.0034800481516867876
8 40 0 8  0.003114033956080675
8 41 0 8  0.003590026404708624
8 42 0 8  0.003420206718146801
8 43 0 8  0.0031250377651304007
8 44 0 8  0.004547109827399254
8 45 0 8  0.0030974564142525196
8 46 0 8  0.003391953418031335
8 47 0 8  0.004482399672269821
8 48 0 8  0.026477772742509842
8 49 0 8  0.0034062545746564865
8 50 0 8  0.005005506798624992
8 51 0 8  0.003626663703471422
8 52 0 8  0.0034710154868662357
8 53 0 8  0.004080591723322868
8 54 0 8  0.0032706977799534798
8 55 0 8  0.0033142324537038803
8 56 0 8  0.0032091690227389336
8 57 0 8  0.003225653897970915
8 58 0 8  0.0033662808127701283
8 59 0 8  0.003442926798015833
8 60 0 8  0.003879017196595669
8 61 0 8  0.0037886088248342276
8 62 0 8  0.0060173459351062775
8 63 0 8  0.004400212317705154
8 64 0 8  0.05969902500510216
9 11 0 8  0.9962102174758911
9 12 0 8  0.9923266172409058
9 13 0 8  0.9621357917785645
9 14 0 8  0.004423513542860746
9 15 0 8  0.003636081237345934
9 16 0 8  0.0042198421433568
9 17 0 8  0.004759368486702442
9 18 0 8  0.0038354850839823484
9 19 0 8  0.007701220456510782
9 20 0 8  0.0035334329586476088
9 21 0 8  0.003597323317080736
9 22 0 8  0.0034389575012028217
9 23 0 8  0.0033099395222961903
9 24 0 8  0.0033909049816429615
9 25 0 8  0.006478474009782076
9 26 0 8  0.0031765298917889595
9 27 0 8  0.0035661926958709955
9 28 0 8  0.04206126183271408
9 29 0 8  0.9241268634796143
9 30 0 8  0.012607311829924583
9 31 0 8  0.0053557781502604485
9 32 0 8  0.9608603119850159
9 33 0 8  0.1995765119791031
9 34 0 8  0.9235573410987854
9 35 0 8  0.02115003764629364
9 36 0 8  0.06506729125976562
9 37 0 8  0.005036680027842522
9 38 0 8  0.004389995709061623
9 39 0 8  0.003831024281680584
9 40 0 8  0.0060167331248521805
9 41 0 8  0.019816597923636436
9 42 0 8  0.0031820926815271378
9 43 0 8  0.0031674285419285297
9 44 0 8  0.019454218447208405
9 45 0 8  0.003372746054083109
9 46 0 8  0.0033777006901800632
9 47 0 8  0.0033235112205147743
9 48 0 8  0.005009029991924763
9 49 0 8  0.0032180543057620525
9 50 0 8  0.003852802561596036
9 51 0 8  0.0036068561021238565
9 52 0 8  0.0031636282801628113
9 53 0 8  0.003509532194584608
9 54 0 8  0.003214932046830654
9 55 0 8  0.0032786610536277294
9 56 0 8  0.0032021019142121077
9 57 0 8  0.0033137258142232895
9 58 0 8  0.003432926256209612
9 59 0 8  0.00337003031745553
9 60 0 8  0.0035031915176659822
9 61 0 8  0.0036541137378662825
9 62 0 8  0.004421241581439972
9 63 0 8  0.003747467417269945
9 64 0 8  0.007652345113456249
10 12 0 8  0.9942960739135742
10 13 0 8  0.9895568490028381
10 14 0 8  0.9732421040534973
10 15 0 8  0.004384214989840984
10 16 0 8  0.003717986401170492
10 17 0 8  0.0043326085433363914
10 18 0 8  0.0045693255960941315
10 19 0 8  0.416277676820755
10 20 0 8  0.004152246750891209
10 21 0 8  0.004300924018025398
10 22 0 8  0.0035935407504439354
10 23 0 8  0.0033461377024650574
10 24 0 8  0.0035146225709468126
10 25 0 8  0.7383098006248474
10 26 0 8  0.00892344955354929
10 27 0 8  0.0032975587528198957
10 28 0 8  0.006723782047629356
10 29 0 8  0.937063455581665
10 30 0 8  0.0032824475783854723
10 31 0 8  0.0029331734403967857
10 32 0 8  0.018212974071502686
10 33 0 8  0.0038731181994080544
10 34 0 8  0.46291470527648926
10 35 0 8  0.004476380534470081
10 36 0 8  0.07736491411924362
10 37 0 8  0.005790325812995434
10 38 0 8  0.003954916726797819
10 39 0 8  0.004040828440338373
10 40 0 8  0.122338205575943
10 41 0 8  0.9622749090194702
10 42 0 8  0.00733037106692791
10 43 0 8  0.007768310606479645
10 44 0 8  0.9929531812667847
10 45 0 8  0.9586302042007446
10 46 0 8  0.004065410234034061
10 47 0 8  0.09378562122583389
10 48 0 8  0.9808584451675415
10 49 0 8  0.005664114840328693
10 50 0 8  0.20716407895088196
10 51 0 8  0.0039685615338385105
10 52 0 8  0.0037164874374866486
10 53 0 8  0.005251974333077669
10 54 0 8  0.003265071427449584
10 55 0 8  0.003504302352666855
10 56 0 8  0.0028743729926645756
10 57 0 8  0.003032658714801073
10 58 0 8  0.0033158152364194393
10 59 0 8  0.003355195978656411
10 60 0 8  0.005039828363806009
10 61 0 8  0.004157599061727524
10 62 0 8  0.13146619498729706
10 63 0 8  0.007759565487504005
10 64 0 8  0.2619509994983673
11 13 0 8  0.9936535954475403
11 14 0 8  0.984429657459259
11 15 0 8  0.9613837599754333
11 16 0 8  0.006590499076992273
11 17 0 8  0.003938597626984119
11 18 0 8  0.003203477244824171
11 19 0 8  0.0053939614444971085
11 20 0 8  0.003724554553627968
11 21 0 8  0.003494352102279663
11 22 0 8  0.0036177632864564657
11 23 0 8  0.003379956353455782
11 24 0 8  0.0032225283794105053
11 25 0 8  0.0036730619613081217
11 26 0 8  0.00320865074172616
11 27 0 8  0.003547832602635026
11 28 0 8  0.0037172622978687286
11 29 0 8  0.003507331945002079
11 30 0 8  0.0032653328962624073
11 31 0 8  0.0033035462256520987
11 32 0 8  0.0036111855879426003
11 33 0 8  0.0032765932846814394
11 34 0 8  0.0038187867030501366
11 35 0 8  0.0034459731541574
11 36 0 8  0.0031330049969255924
11 37 0 8  0.0030151773244142532
11 38 0 8  0.0031997491605579853
11 39 0 8  0.003266786690801382
11 40 0 8  0.0028844999615103006
11 41 0 8  0.00390771497040987
11 42 0 8  0.002925676293671131
11 43 0 8  0.0031480363104492426
11 44 0 8  0.03873652219772339
11 45 0 8  0.09020431339740753
11 46 0 8  0.0041711595840752125
11 47 0 8  0.009559077210724354
11 48 0 8  0.902496874332428
11 49 0 8  0.044413208961486816
11 50 0 8  0.5065598487854004
11 51 0 8  0.005378634203225374
11 52 0 8  0.005456218495965004
11 53 0 8  0.00599348358809948
11 54 0 8  0.003570143599063158
11 55 0 8  0.0040249889716506
11 56 0 8  0.0034412797540426254
11 57 0 8  0.003610980696976185
11 58 0 8  0.004279764834791422
11 59 0 8  0.005325229372829199
11 60 0 8  0.0076166908256709576
11 61 0 8  0.0052694096229970455
11 62 0 8  0.09252753853797913
11 63 0 8  0.02683587372303009
11 64 0 8  0.8444996476173401
12 14 0 8  0.9955706596374512
12 15 0 8  0.9934438467025757
12 16 0 8  0.98433518409729
12 17 0 8  0.06117287650704384
12 18 0 8  0.010132139548659325
12 19 0 8  0.00500048603862524
12 20 0 8  0.0035396674647927284
12 21 0 8  0.0036179907619953156
12 22 0 8  0.003276159754022956
12 23 0 8  0.0030299583449959755
12 24 0 8  0.0032584217842668295
12 25 0 8  0.003390926867723465
12 26 0 8  0.0031692087650299072
12 27 0 8  0.003553085494786501
12 28 0 8  0.041628457605838776
12 29 0 8  0.014453928917646408
12 30 0 8  0.0034764150623232126
12 31 0 8  0.005637018010020256
12 32 0 8  0.2930316627025604
12 33 0 8  0.004516847897320986
12 34 0 8  0.008321795612573624
12 35 0 8  0.003262021578848362
12 36 0 8  0.0034467820078134537
12 37 0 8  0.003117817919701338
12 38 0 8  0.0033450936898589134
12 39 0 8  0.0031889653764665127
12 40 0 8  0.0031422022730112076
12 41 0 8  0.0037792217917740345
12 42 0 8  0.003415253944694996
12 43 0 8  0.004237135872244835
12 44 0 8  0.003657100023701787
12 45 0 8  0.004345126450061798
12 46 0 8  0.0034185685217380524
12 47 0 8  0.003247586078941822
12 48 0 8  0.004524547606706619
12 49 0 8  0.0029445872642099857
12 50 0 8  0.004427401348948479
12 51 0 8  0.0030965942423790693
12 52 0 8  0.0034086485393345356
12 53 0 8  0.0033586781937628984
12 54 0 8  0.0030909208580851555
12 55 0 8  0.0033585454802960157
12 56 0 8  0.0030901674181222916
12 57 0 8  0.003157920204102993
12 58 0 8  0.0032382686622440815
12 59 0 8  0.0033568874932825565
12 60 0 8  0.003923523239791393
12 61 0 8  0.0037825568579137325
12 62 0 8  0.006013801321387291
12 63 0 8  0.004390377551317215
12 64 0 8  0.014945209957659245
13 15 0 8  0.989108681678772
13 16 0 8  0.987272322177887
13 17 0 8  0.9860856533050537
13 18 0 8  0.49974632263183594
13 19 0 8  0.9170979261398315
13 20 0 8  0.029749397188425064
13 21 0 8  0.005250055808573961
13 22 0 8  0.003811162430793047
13 23 0 8  0.0032892110757529736
13 24 0 8  0.027528349310159683
13 25 0 8  0.9364923238754272
13 26 0 8  0.014960339292883873
13 27 0 8  0.004040946252644062
13 28 0 8  0.9854766130447388
13 29 0 8  0.9721640944480896
13 30 0 8  0.004651069641113281
13 31 0 8  0.03365471214056015
13 32 0 8  0.710112452507019
13 33 0 8  0.00603618286550045
13 34 0 8  0.19223329424858093
13 35 0 8  0.004768095910549164
13 36 0 8  0.031120309606194496
13 37 0 8  0.004334541037678719
13 38 0 8  0.004997582174837589
13 39 0 8  0.0037195365875959396
13 40 0 8  0.004508486948907375
13 41 0 8  0.3668217658996582
13 42 0 8  0.004350985400378704
13 43 0 8  0.003950284328311682
13 44 0 8  0.006104751490056515
13 45 0 8  0.0747513398528099
13 46 0 8  0.0026758830063045025
13 47 0 8  0.0031601963564753532
13 48 0 8  0.008695405907928944
13 49 0 8  0.0031304010190069675
13 50 0 8  0.006557147949934006
13 51 0 8  0.003155539743602276
13 52 0 8  0.0034525999799370766
13 53 0 8  0.003593647386878729
13 54 0 8  0.0031862168107181787
13 55 0 8  0.003931171726435423
13 56 0 8  0.0033574244007468224
13 57 0 8  0.0033156336285173893
13 58 0 8  0.0036632795818150043
13 59 0 8  0.003585985628888011
13 60 0 8  0.004709516651928425
13 61 0 8  0.004790962673723698
13 62 0 8  0.0178053118288517
13 63 0 8  0.005212647374719381
13 64 0 8  0.017585087567567825
14 16 0 8  0.975854754447937
14 17 0 8  0.9925227165222168
14 18 0 8  0.9877655506134033
14 19 0 8  0.6679157018661499
14 20 0 8  0.022487960755825043
14 21 0 8  0.006701039150357246
14 22 0 8  0.006506094243377447
14 23 0 8  0.0034375768154859543
14 24 0 8  0.004710712470114231
14 25 0 8  0.38853371143341064
14 26 0 8  0.003340148599818349
14 27 0 8  0.0032773844432085752
14 28 0 8  0.02195766568183899
14 29 0 8  0.026872606948018074
14 30 0 8  0.002860757289454341
14 31 0 8  0.00293527077883482
14 32 0 8  0.004318200517445803
14 33 0 8  0.002589292824268341
14 34 0 8  0.004132358822971582
14 35 0 8  0.003122123656794429
14 36 0 8  0.003400118090212345
14 37 0 8  0.0033208481036126614
14 38 0 8  0.0036234096623957157
14 39 0 8  0.003224504878744483
14 40 0 8  0.0035224026069045067
14 41 0 8  0.22361285984516144
14 42 0 8  0.009445502422749996
14 43 0 8  0.004046861082315445
14 44 0 8  0.012415312230587006
14 45 0 8  0.942206859588623
14 46 0 8  0.004711471498012543
14 47 0 8  0.004121700301766396
14 48 0 8  0.6561876535415649
14 49 0 8  0.016642434522509575
14 50 0 8  0.9273467063903809
14 51 0 8  0.0087136747315526
14 52 0 8  0.026849038898944855
14 53 0 8  0.01136012189090252
14 54 0 8  0.004053552635014057
14 55 0 8  0.008316820487380028
14 56 0 8  0.0036154647823423147
14 57 0 8  0.004044249653816223
14 58 0 8  0.006823298055678606
14 59 0 8  0.009003084152936935
14 60 0 8  0.02197270095348358
14 61 0 8  0.08055266737937927
14 62 0 8  0.897971510887146
14 63 0 8  0.4839813709259033
14 64 0 8  0.780915379524231
15 17 0 8  0.9924310445785522
15 18 0 8  0.9904247522354126
15 19 0 8  0.9433107376098633
15 20 0 8  0.008106493391096592
15 21 0 8  0.003285507671535015
15 22 0 8  0.0031685312278568745
15 23 0 8  0.003102438524365425
15 24 0 8  0.003583559300750494
15 25 0 8  0.003550274996086955
15 26 0 8  0.0030598631128668785
15 27 0 8  0.003735676407814026
15 28 0 8  0.005328864324837923
15 29 0 8  0.003189993090927601
15 30 0 8  0.0037725968286395073
15 31 0 8  0.0034979041665792465
15 32 0 8  0.005107509903609753
15 33 0 8  0.0031035058200359344
15 34 0 8  0.003452439559623599
15 35 0 8  0.003356936387717724
15 36 0 8  0.0030007720924913883
15 37 0 8  0.0030299019999802113
15 38 0 8  0.0033633739221841097
15 39 0 8  0.0031786051113158464
15 40 0 8  0.003054474014788866
15 41 0 8  0.003164650173857808
15 42 0 8  0.003224317915737629
15 43 0 8  0.0033741178922355175
15 44 0 8  0.0026930063031613827
15 45 0 8  0.004934727214276791
15 46 0 8  0.0027405780274420977
15 47 0 8  0.0029365508817136288
15 48 0 8  0.014145156368613243
15 49 0 8  0.003849723609164357
15 50 0 8  0.010248702019453049
15 51 0 8  0.003396561834961176
15 52 0 8  0.004474170506000519
15 53 0 8  0.0042295027524232864
15 54 0 8  0.003624560311436653
15 55 0 8  0.00542120635509491
15 56 0 8  0.004296867176890373
15 57 0 8  0.00416023563593626
15 58 0 8  0.006387099623680115
15 59 0 8  0.01153099350631237
15 60 0 8  0.011281351558864117
15 61 0 8  0.011967400088906288
15 62 0 8  0.06267166137695312
15 63 0 8  0.06265521049499512
15 64 0 8  0.4676060080528259
16 18 0 8  0.9886440634727478
16 19 0 8  0.9858412742614746
16 20 0 8  0.9545554518699646
16 21 0 8  0.003976824693381786
16 22 0 8  0.0028983280062675476
16 23 0 8  0.0028736740350723267
16 24 0 8  0.004783866927027702
16 25 0 8  0.00446544773876667
16 26 0 8  0.0030630400869995356
16 27 0 8  0.003985212650150061
16 28 0 8  0.1432131826877594
16 29 0 8  0.004096916876733303
16 30 0 8  0.0037452522665262222
16 31 0 8  0.013892075978219509
16 32 0 8  0.06549482047557831
16 33 0 8  0.003365530166774988
16 34 0 8  0.004208202939480543
16 35 0 8  0.004376797471195459
16 36 0 8  0.0035096355713903904
16 37 0 8  0.0033537731505930424
16 38 0 8  0.003401165595278144
16 39 0 8  0.003396987449377775
16 40 0 8  0.0033062188886106014
16 41 0 8  0.0031662664841860533
16 42 0 8  0.003497994039207697
16 43 0 8  0.0032991846092045307
16 44 0 8  0.003131727920845151
16 45 0 8  0.004271993413567543
16 46 0 8  0.00318650109693408
16 47 0 8  0.003360241651535034
16 48 0 8  0.0038451142609119415
16 49 0 8  0.0034658359363675117
16 50 0 8  0.004058220889419317
16 51 0 8  0.0037626316770911217
16 52 0 8  0.004953903146088123
16 53 0 8  0.0043390896171331406
16 54 0 8  0.003912971820682287
16 55 0 8  0.005942768417298794
16 56 0 8  0.003996334969997406
16 57 0 8  0.004139660391956568
16 58 0 8  0.004959995858371258
16 59 0 8  0.005114765837788582
16 60 0 8  0.005731602665036917
16 61 0 8  0.007694707717746496
16 62 0 8  0.009609554894268513
16 63 0 8  0.009134992957115173
16 64 0 8  0.019308598712086678
17 19 0 8  0.9922398924827576
17 20 0 8  0.991592526435852
17 21 0 8  0.8618997931480408
17 22 0 8  0.004500105977058411
17 23 0 8  0.0030285778921097517
17 24 0 8  0.17930473387241364
17 25 0 8  0.10535585880279541
17 26 0 8  0.003683693241328001
17 27 0 8  0.011662676930427551
17 28 0 8  0.7694226503372192
17 29 0 8  0.006049097515642643
17 30 0 8  0.0032315596472471952
17 31 0 8  0.004060124978423119
17 32 0 8  0.006753119640052319
17 33 0 8  0.003037434071302414
17 34 0 8  0.004042830318212509
17 35 0 8  0.003698787186294794
17 36 0 8  0.003517711069434881
17 37 0 8  0.003625105135142803
17 38 0 8  0.0038665488827973604
17 39 0 8  0.003449468407779932
17 40 0 8  0.0033117742277681828
17 41 0 8  0.004657162353396416
17 42 0 8  0.003903948701918125
17 43 0 8  0.0034845578484237194
17 44 0 8  0.003130294382572174
17 45 0 8  0.004580388311296701
17 46 0 8  0.003149447264149785
17 47 0 8  0.003424250753596425
17 48 0 8  0.0036315936595201492
17 49 0 8  0.004245230462402105
17 50 0 8  0.005523771047592163
17 51 0 8  0.0052405353635549545
17 52 0 8  0.009707599878311157
17 53 0 8  0.006273571867495775
17 54 0 8  0.004483910743147135
17 55 0 8  0.007767105475068092
17 56 0 8  0.0041500478982925415
17 57 0 8  0.005182273220270872
17 58 0 8  0.006561892572790384
17 59 0 8  0.014017077162861824
17 60 0 8  0.013876562938094139
17 61 0 8  0.08420570939779282
17 62 0 8  0.07825933396816254
17 63 0 8  0.10739855468273163
17 64 0 8  0.10357977449893951
18 20 0 8  0.987629771232605
18 21 0 8  0.981635570526123
18 22 0 8  0.674530029296875
18 23 0 8  0.004344269633293152
18 24 0 8  0.10720013082027435
18 25 0 8  0.015642154961824417
18 26 0 8  0.003066503908485174
18 27 0 8  0.004112669266760349
18 28 0 8  0.042978283017873764
18 29 0 8  0.0024472838267683983
18 30 0 8  0.0031312862411141396
18 31 0 8  0.003499095095321536
18 32 0 8  0.0033311680890619755
18 33 0 8  0.0030280735809355974
18 34 0 8  0.00326294032856822
18 35 0 8  0.0034453559201210737
18 36 0 8  0.003114999271929264
18 37 0 8  0.0031708735041320324
18 38 0 8  0.003257375443354249
18 39 0 8  0.0031467117369174957
18 40 0 8  0.0028785155154764652
18 41 0 8  0.003209087997674942
18 42 0 8  0.004111966118216515
18 43 0 8  0.0031212905887514353
18 44 0 8  0.002826585667207837
18 45 0 8  0.005021852441132069
18 46 0 8  0.00348038412630558
18 47 0 8  0.0030849603936076164
18 48 0 8  0.0035664690658450127
18 49 0 8  0.004219277761876583
18 50 0 8  0.005625962745398283
18 51 0 8  0.004879827611148357
18 52 0 8  0.01274743303656578
18 53 0 8  0.03541786968708038
18 54 0 8  0.011473376303911209
18 55 0 8  0.25855475664138794
18 56 0 8  0.015758726745843887
18 57 0 8  0.021782152354717255
18 58 0 8  0.041191622614860535
18 59 0 8  0.2088119387626648
18 60 0 8  0.11241646111011505
18 61 0 8  0.678385853767395
18 62 0 8  0.6238542795181274
18 63 0 8  0.2589830458164215
18 64 0 8  0.15150053799152374
19 21 0 8  0.9819177389144897
19 22 0 8  0.9669461846351624
19 23 0 8  0.7577911615371704
19 24 0 8  0.9713902473449707
19 25 0 8  0.9922805428504944
19 26 0 8  0.0043823570013046265
19 27 0 8  0.02379455789923668
19 28 0 8  0.9455366134643555
19 29 0 8  0.0065451571717858315
19 30 0 8  0.0032964637503027916
19 31 0 8  0.003616735804826021
19 32 0 8  0.0032490778248757124
19 33 0 8  0.003385453950613737
19 34 0 8  0.0036812354810535908
19 35 0 8  0.0037473461125046015
19 36 0 8  0.003893441054970026
19 37 0 8  0.005168451927602291
19 38 0 8  0.010582092218101025
19 39 0 8  0.007181842811405659
19 40 0 8  0.004641493782401085
19 41 0 8  0.029875971376895905
19 42 0 8  0.02767316997051239
19 43 0 8  0.004235703963786364
19 44 0 8  0.0043554529547691345
19 45 0 8  0.04856482520699501
19 46 0 8  0.004121576435863972
19 47 0 8  0.003591317217797041
19 48 0 8  0.006901169661432505
19 49 0 8  0.005312741734087467
19 50 0 8  0.04284873232245445
19 51 0 8  0.008494170382618904
19 52 0 8  0.06110905483365059
19 53 0 8  0.010846223682165146
19 54 0 8  0.007518000900745392
19 55 0 8  0.009955788031220436
19 56 0 8  0.0049632638692855835
19 57 0 8  0.005395886953920126
19 58 0 8  0.0083543062210083
19 59 0 8  0.07266073673963547
19 60 0 8  0.12075210362672806
19 61 0 8  0.7084544897079468
19 62 0 8  0.8050061464309692
19 63 0 8  0.43315064907073975
19 64 0 8  0.1901400089263916
20 22 0 8  0.9510408639907837
20 23 0 8  0.9788578748703003
20 24 0 8  0.9840723276138306
20 25 0 8  0.046183742582798004
20 26 0 8  0.0034743433352559805
20 27 0 8  0.0036576930433511734
20 28 0 8  0.012344363145530224
20 29 0 8  0.0029785216320306063
20 30 0 8  0.0031098397448658943
20 31 0 8  0.003149977419525385
20 32 0 8  0.0031720814295113087
20 33 0 8  0.003187749069184065
20 34 0 8  0.003310577478259802
20 35 0 8  0.0033476161770522594
20 36 0 8  0.003253620583564043
20 37 0 8  0.0036763756070286036
20 38 0 8  0.006357764825224876
20 39 0 8  0.004320262931287289
20 40 0 8  0.0038074718322604895
20 41 0 8  0.006225040182471275
20 42 0 8  0.017764516174793243
20 43 0 8  0.004042880143970251
20 44 0 8  0.003789968555793166
20 45 0 8  0.015566730871796608
20 46 0 8  0.004132373258471489
20 47 0 8  0.0034131803549826145
20 48 0 8  0.004239169880747795
20 49 0 8  0.004447547718882561
20 50 0 8  0.0061065261252224445
20 51 0 8  0.006936621852219105
20 52 0 8  0.027614230290055275
20 53 0 8  0.028807755559682846
20 54 0 8  0.031892210245132446
20 55 0 8  0.0940471813082695
20 56 0 8  0.014823900535702705
20 57 0 8  0.01915365271270275
20 58 0 8  0.05426274240016937
20 59 0 8  0.5254489183425903
20 60 0 8  0.566754162311554
20 61 0 8  0.774306058883667
20 62 0 8  0.6068893671035767
20 63 0 8  0.20296165347099304
20 64 0 8  0.03692346438765526
21 23 0 8  0.9837900400161743
21 24 0 8  0.990217924118042
21 25 0 8  0.957629919052124
21 26 0 8  0.00652006920427084
21 27 0 8  0.004276300314813852
21 28 0 8  0.008324583061039448
21 29 0 8  0.0037414843682199717
21 30 0 8  0.003078447189182043
21 31 0 8  0.00318941380828619
21 32 0 8  0.003370358608663082
21 33 0 8  0.003222973784431815
21 34 0 8  0.003515846561640501
21 35 0 8  0.003548471489921212
21 36 0 8  0.0039023717399686575
21 37 0 8  0.004734521731734276
21 38 0 8  0.06108003854751587
21 39 0 8  0.011046422645449638
21 40 0 8  0.005379997193813324
21 41 0 8  0.053642842918634415
21 42 0 8  0.11261138319969177
21 43 0 8  0.0046602897346019745
21 44 0 8  0.004790883511304855
21 45 0 8  0.09641391038894653
21 46 0 8  0.005585005972534418
21 47 0 8  0.003600349649786949
21 48 0 8  0.007713194005191326
21 49 0 8  0.005742087960243225
21 50 0 8  0.01846633106470108
21 51 0 8  0.008290249854326248
21 52 0 8  0.06495968252420425
21 53 0 8  0.021423891186714172
21 54 0 8  0.050883762538433075
21 55 0 8  0.0203324593603611
21 56 0 8  0.009994536638259888
21 57 0 8  0.011025769636034966
21 58 0 8  0.05670339614152908
21 59 0 8  0.3153840899467468
21 60 0 8  0.5217185020446777
21 61 0 8  0.3540214002132416
21 62 0 8  0.510651707649231
21 63 0 8  0.14123749732971191
21 64 0 8  0.04552539810538292
22 24 0 8  0.9671368598937988
22 25 0 8  0.9791892766952515
22 26 0 8  0.9796438217163086
22 27 0 8  0.005314662586897612
22 28 0 8  0.006105971522629261
22 29 0 8  0.0052064089104533195
22 30 0 8  0.003506118431687355
22 31 0 8  0.0038272931706160307
22 32 0 8  0.003528463188558817
22 33 0 8  0.003270479617640376
22 34 0 8  0.003769303672015667
22 35 0 8  0.004622475244104862
22 36 0 8  0.012018915265798569
22 37 0 8  0.03409476950764656
22 38 0 8  0.9285317659378052
22 39 0 8  0.3038896322250366
22 40 0 8  0.017866920679807663
22 41 0 8  0.9182215929031372
22 42 0 8  0.8662580251693726
22 43 0 8  0.01291725318878889
22 44 0 8  0.008729994297027588
22 45 0 8  0.28266212344169617
22 46 0 8  0.012607583776116371
22 47 0 8  0.00414652656763792
22 48 0 8  0.008160995319485664
22 49 0 8  0.0064027030020952225
22 50 0 8  0.022940941154956818
22 51 0 8  0.01063859649002552
22 52 0 8  0.059262972325086594
22 53 0 8  0.017594147473573685
22 54 0 8  0.02655543014407158
22 55 0 8  0.010788762010633945
22 56 0 8  0.006988067179918289
22 57 0 8  0.012000426650047302
22 58 0 8  0.029882939532399178
22 59 0 8  0.13428102433681488
22 60 0 8  0.44055360555648804
22 61 0 8  0.14598438143730164
22 62 0 8  0.3708552122116089
22 63 0 8  0.06245315447449684
22 64 0 8  0.04708671569824219
23 25 0 8  0.9773079752922058
23 26 0 8  0.9885908365249634
23 27 0 8  0.9853863716125488
23 28 0 8  0.004621075466275215
23 29 0 8  0.0031399433501064777
23 30 0 8  0.003134581260383129
23 31 0 8  0.004035799764096737
23 32 0 8  0.003319281619042158
23 33 0 8  0.0030671798158437014
23 34 0 8  0.0034089400433003902
23 35 0 8  0.004336128011345863
23 36 0 8  0.007796126417815685
23 37 0 8  0.009887701831758022
23 38 0 8  0.4994423985481262
23 39 0 8  0.006318836472928524
23 40 0 8  0.004087174776941538
23 41 0 8  0.01569504290819168
23 42 0 8  0.01128864474594593
23 43 0 8  0.003663769457489252
23 44 0 8  0.0031388308852910995
23 45 0 8  0.0055495863780379295
23 46 0 8  0.007035994902253151
23 47 0 8  0.003390452591702342
23 48 0 8  0.003996832296252251
23 49 0 8  0.003798142774030566
23 50 0 8  0.004193959757685661
23 51 0 8  0.004028551280498505
23 52 0 8  0.005640252493321896
23 53 0 8  0.005517940502613783
23 54 0 8  0.007446808274835348
23 55 0 8  0.00545854214578867
23 56 0 8  0.0059470124542713165
23 57 0 8  0.00875537283718586
23 58 0 8  0.017049849033355713
23 59 0 8  0.037121761590242386
23 60 0 8  0.046885378658771515
23 61 0 8  0.007570058107376099
23 62 0 8  0.013005748391151428
23 63 0 8  0.010440250858664513
23 64 0 8  0.009098492562770844
24 26 0 8  0.9845520257949829
24 27 0 8  0.9814324378967285
24 28 0 8  0.9487349987030029
24 29 0 8  0.0038307709619402885
24 30 0 8  0.0029921296518296003
24 31 0 8  0.0034215254709124565
24 32 0 8  0.003148835152387619
24 33 0 8  0.0029295948334038258
24 34 0 8  0.0032089045271277428
24 35 0 8  0.003230751259252429
24 36 0 8  0.003968584351241589
24 37 0 8  0.003908907063305378
24 38 0 8  0.007034740876406431
24 39 0 8  0.003772845258936286
24 40 0 8  0.0031782553996890783
24 41 0 8  0.0037361271679401398
24 42 0 8  0.004381794482469559
24 43 0 8  0.003529711626470089
24 44 0 8  0.0032556382939219475
24 45 0 8  0.004276346880942583
24 46 0 8  0.0033840967807918787
24 47 0 8  0.003187820315361023
24 48 0 8  0.0036287009716033936
24 49 0 8  0.0031715938821434975
24 50 0 8  0.003723633009940386
24 51 0 8  0.0036505945026874542
24 52 0 8  0.004061581566929817
24 53 0 8  0.0038585772272199392
24 54 0 8  0.00398993119597435
24 55 0 8  0.003857625648379326
24 56 0 8  0.0037976414896547794
24 57 0 8  0.0040194811299443245
24 58 0 8  0.006259516812860966
24 59 0 8  0.00825653038918972
24 60 0 8  0.013610306195914745
24 61 0 8  0.006028329487890005
24 62 0 8  0.034173671156167984
24 63 0 8  0.012183061800897121
24 64 0 8  0.011440631002187729
25 27 0 8  0.9807711839675903
25 28 0 8  0.966576099395752
25 29 0 8  0.9393856525421143
25 30 0 8  0.0033486478496342897
25 31 0 8  0.0030154138803482056
25 32 0 8  0.0034259934909641743
25 33 0 8  0.0032389473635703325
25 34 0 8  0.004820337984710932
25 35 0 8  0.0036710079293698072
25 36 0 8  0.23152662813663483
25 37 0 8  0.009559959173202515
25 38 0 8  0.3729173541069031
25 39 0 8  0.004291451536118984
25 40 0 8  0.006795147433876991
25 41 0 8  0.9485158920288086
25 42 0 8  0.30857640504837036
25 43 0 8  0.004502472467720509
25 44 0 8  0.02374490723013878
25 45 0 8  0.4759916663169861
25 46 0 8  0.00404974864795804
25 47 0 8  0.003498442703858018
25 48 0 8  0.017551574856042862
25 49 0 8  0.0036601563915610313
25 50 0 8  0.018659379333257675
25 51 0 8  0.005016570910811424
25 52 0 8  0.014217402786016464
25 53 0 8  0.00533666368573904
25 54 0 8  0.004708107095211744
25 55 0 8  0.004252016078680754
25 56 0 8  0.0036956272087991238
25 57 0 8  0.0037845373153686523
25 58 0 8  0.005402491893619299
25 59 0 8  0.008735477924346924
25 60 0 8  0.09529563039541245
25 61 0 8  0.018285196274518967
25 62 0 8  0.5984450578689575
25 63 0 8  0.07136087864637375
25 64 0 8  0.061201032251119614
26 28 0 8  0.9854567050933838
26 29 0 8  0.9530016779899597
26 30 0 8  0.9461175799369812
26 31 0 8  0.004059883765876293
26 32 0 8  0.003546622581779957
26 33 0 8  0.0042267050594091415
26 34 0 8  0.03764165937900543
26 35 0 8  0.07192353904247284
26 36 0 8  0.9418579339981079
26 37 0 8  0.40612518787384033
26 38 0 8  0.8413013219833374
26 39 0 8  0.007779449690133333
26 40 0 8  0.02651161327958107
26 41 0 8  0.9593950510025024
26 42 0 8  0.013633165508508682
26 43 0 8  0.0037758287508040667
26 44 0 8  0.004286117386072874
26 45 0 8  0.008594432845711708
26 46 0 8  0.0034310626797378063
26 47 0 8  0.0030938307754695415
26 48 0 8  0.004120168276131153
26 49 0 8  0.003231501206755638
26 50 0 8  0.004995153751224279
26 51 0 8  0.003705800510942936
26 52 0 8  0.005774839781224728
26 53 0 8  0.0052173202857375145
26 54 0 8  0.00443539023399353
26 55 0 8  0.0045804306864738464
26 56 0 8  0.0044261133298277855
26 57 0 8  0.0046648550778627396
26 58 0 8  0.010118693113327026
26 59 0 8  0.013650787994265556
26 60 0 8  0.10979034006595612
26 61 0 8  0.0068308888003230095
26 62 0 8  0.02711024135351181
26 63 0 8  0.0067960643209517
26 64 0 8  0.008360860869288445
27 29 0 8  0.9796832799911499
27 30 0 8  0.9723925590515137
27 31 0 8  0.922073245048523
27 32 0 8  0.004613909870386124
27 33 0 8  0.0041709039360284805
27 34 0 8  0.005214682314544916
27 35 0 8  0.011747400276362896
27 36 0 8  0.0253037977963686
27 37 0 8  0.0045434171333909035
27 38 0 8  0.007072368171066046
27 39 0 8  0.003344492521136999
27 40 0 8  0.003233472816646099
27 41 0 8  0.0034687211737036705
27 42 0 8  0.0030468469485640526
27 43 0 8  0.003461080603301525
27 44 0 8  0.003432157216593623
27 45 0 8  0.0032579475082457066
27 46 0 8  0.0029998542740941048
27 47 0 8  0.0030075041577219963
27 48 0 8  0.0033321171067655087
27 49 0 8  0.003031968604773283
27 50 0 8  0.003390396013855934
27 51 0 8  0.003256168682128191
27 52 0 8  0.0032712845131754875
27 53 0 8  0.003479268169030547
27 54 0 8  0.0033197032753378153
27 55 0 8  0.0035479594953358173
27 56 0 8  0.0037093216087669134
27 57 0 8  0.0037154790479689837
27 58 0 8  0.004342974163591862
27 59 0 8  0.003889189101755619
27 60 0 8  0.005064786411821842
27 61 0 8  0.003723450470715761
27 62 0 8  0.004453212954103947
27 63 0 8  0.004035813733935356
27 64 0 8  0.004781871102750301
28 30 0 8  0.9865378141403198
28 31 0 8  0.9893125295639038
28 32 0 8  0.9211004972457886
28 33 0 8  0.007915902882814407
28 34 0 8  0.00922805443406105
28 35 0 8  0.004307383205741644
28 36 0 8  0.008140439167618752
28 37 0 8  0.004513233434408903
28 38 0 8  0.004471562337130308
28 39 0 8  0.003071012906730175
28 40 0 8  0.003376738168299198
28 41 0 8  0.00756479287520051
28 42 0 8  0.0029419120401144028
28 43 0 8  0.0031667614821344614
28 44 0 8  0.004595386795699596
28 45 0 8  0.0037958098109811544
28 46 0 8  0.0032228457275778055
28 47 0 8  0.003539683297276497
28 48 0 8  0.003599452320486307
28 49 0 8  0.0030995907727628946
28 50 0 8  0.0034379945136606693
28 51 0 8  0.0034061777405440807
28 52 0 8  0.0031779396813362837
28 53 0 8  0.0035653426311910152
28 54 0 8  0.003123207949101925
28 55 0 8  0.0034437295980751514
28 56 0 8  0.003329100552946329
28 57 0 8  0.0033500019926577806
28 58 0 8  0.0038621919229626656
28 59 0 8  0.004023800138384104
28 60 0 8  0.00465267151594162
28 61 0 8  0.003693451639264822
28 62 0 8  0.005549407564103603
28 63 0 8  0.004456556402146816
28 64 0 8  0.0068739792332053185
29 31 0 8  0.9830362200737
29 32 0 8  0.9755316972732544
29 33 0 8  0.8261935710906982
29 34 0 8  0.9665786623954773
29 35 0 8  0.3721376061439514
29 36 0 8  0.9839645624160767
29 37 0 8  0.019997142255306244
29 38 0 8  0.04606332629919052
29 39 0 8  0.003796225879341364
29 40 0 8  0.015041331760585308
29 41 0 8  0.8536173701286316
29 42 0 8  0.004481946118175983
29 43 0 8  0.005269711371511221
29 44 0 8  0.023353336378932
29 45 0 8  0.016213499009609222
29 46 0 8  0.0032321270555257797
29 47 0 8  0.0036341464146971703
29 48 0 8  0.007531778421252966
29 49 0 8  0.0034222761169075966
29 50 0 8  0.00789424404501915
29 51 0 8  0.004250621423125267
29 52 0 8  0.006135140545666218
29 53 0 8  0.004585411865264177
29 54 0 8  0.0035205394960939884
29 55 0 8  0.003753740806132555
29 56 0 8  0.003612000495195389
29 57 0 8  0.00358905759640038
29 58 0 8  0.005128943361341953
29 59 0 8  0.004571703262627125
29 60 0 8  0.01789102889597416
29 61 0 8  0.005053830798715353
29 62 0 8  0.026263605803251266
29 63 0 8  0.005185547284781933
29 64 0 8  0.008679088205099106
30 32 0 8  0.9799315929412842
30 33 0 8  0.9803943634033203
30 34 0 8  0.9901911020278931
30 35 0 8  0.7737352848052979
30 36 0 8  0.7443835735321045
30 37 0 8  0.010712499730288982
30 38 0 8  0.00624593161046505
30 39 0 8  0.0033131297677755356
30 40 0 8  0.002986168023198843
30 41 0 8  0.005646242760121822
30 42 0 8  0.0029045979026705027
30 43 0 8  0.0032383082434535027
30 44 0 8  0.0035993456840515137
30 45 0 8  0.003655398031696677
30 46 0 8  0.00312397675588727
30 47 0 8  0.0033649036195129156
30 48 0 8  0.0036944730672985315
30 49 0 8  0.0032375254668295383
30 50 0 8  0.0035178796388208866
30 51 0 8  0.0036743348464369774
30 52 0 8  0.003392886370420456
30 53 0 8  0.003912284504622221
30 54 0 8  0.003641471965238452
30 55 0 8  0.0037346272729337215
30 56 0 8  0.003931062296032906
30 57 0 8  0.0038794269785284996
30 58 0 8  0.0045831818133592606
30 59 0 8  0.004291084595024586
30 60 0 8  0.004950709640979767
30 61 0 8  0.0036457455717027187
30 62 0 8  0.00412688497453928
30 63 0 8  0.0037316964007914066
30 64 0 8  0.004288035910576582
31 33 0 8  0.9938515424728394
31 34 0 8  0.9907724857330322
31 35 0 8  0.6008949279785156
31 36 0 8  0.006318426225334406
31 37 0 8  0.003584574908018112
31 38 0 8  0.00335830170661211
31 39 0 8  0.003212342271581292
31 40 0 8  0.0031692255288362503
31 41 0 8  0.0034571015276014805
31 42 0 8  0.002919342601671815
31 43 0 8  0.0031234323978424072
31 44 0 8  0.003417752683162689
31 45 0 8  0.0033491570502519608
31 46 0 8  0.003058274742215872
31 47 0 8  0.003271788824349642
31 48 0 8  0.003424157854169607
31 49 0 8  0.003277313429862261
31 50 0 8  0.0032516727223992348
31 51 0 8  0.0034814418759196997
31 52 0 8  0.0031973491422832012
31 53 0 8  0.003352000378072262
31 54 0 8  0.0032972500193864107
31 55 0 8  0.0033479915000498295
31 56 0 8  0.003441981039941311
31 57 0 8  0.0034063104540109634
31 58 0 8  0.003510056296363473
31 59 0 8  0.0036698952317237854
31 60 0 8  0.0036464231088757515
31 61 0 8  0.003629719140008092
31 62 0 8  0.003710574936121702
31 63 0 8  0.0036921966820955276
31 64 0 8  0.003986448980867863
32 34 0 8  0.9916577339172363
32 35 0 8  0.9766219854354858
32 36 0 8  0.747752845287323
32 37 0 8  0.0043371194042265415
32 38 0 8  0.003408940974622965
32 39 0 8  0.00315228383988142
32 40 0 8  0.0038103617262095213
32 41 0 8  0.004050852730870247
32 42 0 8  0.003242421429604292
32 43 0 8  0.003843179438263178
32 44 0 8  0.0038952240720391273
32 45 0 8  0.003693965496495366
32 46 0 8  0.0032507875002920628
32 47 0 8  0.0034673968330025673
32 48 0 8  0.003995086066424847
32 49 0 8  0.0036253819707781076
32 50 0 8  0.0035444016102701426
32 51 0 8  0.003943999297916889
32 52 0 8  0.0036029242910444736
32 53 0 8  0.003728779498487711
32 54 0 8  0.003442313289269805
32 55 0 8  0.003483282867819071
32 56 0 8  0.003444075584411621
32 57 0 8  0.0033753274474292994
32 58 0 8  0.0038780083414167166
32 59 0 8  0.003898879047483206
32 60 0 8  0.004055229015648365
32 61 0 8  0.003981017041951418
32 62 0 8  0.0042421636171638966
32 63 0 8  0.004071087576448917
32 64 0 8  0.004372349474579096
33 35 0 8  0.9906901121139526
33 36 0 8  0.9880787134170532
33 37 0 8  0.9514145851135254
33 38 0 8  0.0040397499687969685
33 39 0 8  0.002975801005959511
33 40 0 8  0.0030665798112750053
33 41 0 8  0.0036727874539792538
33 42 0 8  0.003228314220905304
33 43 0 8  0.003163044573739171
33 44 0 8  0.0035318152513355017
33 45 0 8  0.003518324578180909
33 46 0 8  0.0036689764820039272
33 47 0 8  0.0037772837094962597
33 48 0 8  0.0039572808891534805
33 49 0 8  0.0034839403815567493
33 50 0 8  0.0034810621291399
33 51 0 8  0.003625017125159502
33 52 0 8  0.003447864670306444
33 53 0 8  0.0037240302190184593
33 54 0 8  0.0036371606402099133
33 55 0 8  0.003843731479719281
33 56 0 8  0.003977526910603046
33 57 0 8  0.004011363256722689
33 58 0 8  0.00423259474337101
33 59 0 8  0.004233077634125948
33 60 0 8  0.004534857347607613
33 61 0 8  0.004169303458184004
33 62 0 8  0.004388337954878807
33 63 0 8  0.004518977366387844
33 64 0 8  0.004872928373515606
34 36 0 8  0.9958270788192749
34 37 0 8  0.9941574335098267
34 38 0 8  0.9527665376663208
34 39 0 8  0.004316093400120735
34 40 0 8  0.007382913026958704
34 41 0 8  0.2851892113685608
34 42 0 8  0.004697390832006931
34 43 0 8  0.004679999314248562
34 44 0 8  0.015858449041843414
34 45 0 8  0.009673237800598145
34 46 0 8  0.004639114253222942
34 47 0 8  0.004874798934906721
34 48 0 8  0.0061681801453232765
34 49 0 8  0.003704850096255541
34 50 0 8  0.0037932987324893475
34 51 0 8  0.00460390280932188
34 52 0 8  0.004081479739397764
34 53 0 8  0.004438961390405893
34 54 0 8  0.0038837138563394547
34 55 0 8  0.003904645796865225
34 56 0 8  0.003916583023965359
34 57 0 8  0.0035594147630035877
34 58 0 8  0.004531743936240673
34 59 0 8  0.004472029861062765
34 60 0 8  0.006674682721495628
34 61 0 8  0.005839785560965538
34 62 0 8  0.008155977353453636
34 63 0 8  0.0076488531194627285
34 64 0 8  0.00807188544422388
35 37 0 8  0.9934261441230774
35 38 0 8  0.9916282892227173
35 39 0 8  0.8995276689529419
35 40 0 8  0.007054777815937996
35 41 0 8  0.010410010814666748
35 42 0 8  0.0033380540553480387
35 43 0 8  0.004040702246129513
35 44 0 8  0.008374128490686417
35 45 0 8  0.004521023482084274
35 46 0 8  0.004137314856052399
35 47 0 8  0.004367833491414785
35 48 0 8  0.0041698282584548
35 49 0 8  0.003522801911458373
35 50 0 8  0.003593986388295889
35 51 0 8  0.004316326230764389
35 52 0 8  0.0038592852652072906
35 53 0 8  0.004297176375985146
35 54 0 8  0.00429064966738224
35 55 0 8  0.004635434597730637
35 56 0 8  0.005649825558066368
35 57 0 8  0.004511217586696148
35 58 0 8  0.006050676107406616
35 59 0 8  0.0050109988078475
35 60 0 8  0.006855021230876446
35 61 0 8  0.005296103190630674
35 62 0 8  0.00566272996366024
35 63 0 8  0.005596090108156204
35 64 0 8  0.005337217357009649
36 38 0 8  0.9946409463882446
36 39 0 8  0.9944210052490234
36 40 0 8  0.9957813620567322
36 41 0 8  0.9747792482376099
36 42 0 8  0.0075711593963205814
36 43 0 8  0.009129555895924568
36 44 0 8  0.29750820994377136
36 45 0 8  0.022999417036771774
36 46 0 8  0.005024823360145092
36 47 0 8  0.006100957281887531
36 48 0 8  0.007846517488360405
36 49 0 8  0.004187352955341339
36 50 0 8  0.004791805520653725
36 51 0 8  0.007749292999505997
36 52 0 8  0.006600189954042435
36 53 0 8  0.00572620565071702
36 54 0 8  0.00465684337541461
36 55 0 8  0.004767933394759893
36 56 0 8  0.004668781999498606
36 57 0 8  0.004343769978731871
36 58 0 8  0.007647557184100151
36 59 0 8  0.005939470138400793
36 60 0 8  0.021421637386083603
36 61 0 8  0.006537735462188721
36 62 0 8  0.02167876809835434
36 63 0 8  0.00733870267868042
36 64 0 8  0.007526945322751999
37 39 0 8  0.9945127964019775
37 40 0 8  0.9943102598190308
37 41 0 8  0.9827043414115906
37 42 0 8  0.014104297384619713
37 43 0 8  0.0146182207390666
37 44 0 8  0.0578678660094738
37 45 0 8  0.006002039648592472
37 46 0 8  0.0043986025266349316
37 47 0 8  0.004509931895881891
37 48 0 8  0.004385136999189854
37 49 0 8  0.003628433682024479
37 50 0 8  0.004014904610812664
37 51 0 8  0.0042314184829592705
37 52 0 8  0.005685174837708473
37 53 0 8  0.004959908314049244
37 54 0 8  0.005399581044912338
37 55 0 8  0.006052996031939983
37 56 0 8  0.005141484551131725
37 57 0 8  0.004740942735224962
37 58 0 8  0.007802266161888838
37 59 0 8  0.005344833713024855
37 60 0 8  0.009461814537644386
37 61 0 8  0.004706230945885181
37 62 0 8  0.01031084731221199
37 63 0 8  0.005016207229346037
37 64 0 8  0.00501296017318964
38 40 0 8  0.9881653785705566
38 41 0 8  0.9865394830703735
38 42 0 8  0.9823998808860779
38 43 0 8  0.013246957212686539
38 44 0 8  0.008245451375842094
38 45 0 8  0.004415051080286503
38 46 0 8  0.004043073393404484
38 47 0 8  0.004436532035470009
38 48 0 8  0.004459848627448082
38 49 0 8  0.004067794419825077
38 50 0 8  0.0047075180336833
38 51 0 8  0.005172284319996834
38 52 0 8  0.007959350943565369
38 53 0 8  0.005798161495476961
38 54 0 8  0.007097483612596989
38 55 0 8  0.007314677350223064
38 56 0 8  0.00581063749268651
38 57 0 8  0.00544622540473938
38 58 0 8  0.00828060507774353
38 59 0 8  0.006901445332914591
38 60 0 8  0.015296950936317444
38 61 0 8  0.005487476009875536
38 62 0 8  0.01415119506418705
38 63 0 8  0.006612975616008043
38 64 0 8  0.007249780464917421
39 41 0 8  0.9889494180679321
39 42 0 8  0.993558406829834
39 43 0 8  0.9799245595932007
39 44 0 8  0.017235442996025085
39 45 0 8  0.004473041743040085
39 46 0 8  0.0037681637331843376
39 47 0 8  0.004808174911886454
39 48 0 8  0.004293826408684254
39 49 0 8  0.0036613992415368557
39 50 0 8  0.004431550856679678
39 51 0 8  0.004629664123058319
39 52 0 8  0.010785022750496864
39 53 0 8  0.006258776411414146
39 54 0 8  0.011827773414552212
39 55 0 8  0.007935095578432083
39 56 0 8  0.00608448451384902
39 57 0 8  0.005988873541355133
39 58 0 8  0.009216170758008957
39 59 0 8  0.006411514710634947
39 60 0 8  0.010341823101043701
39 61 0 8  0.004854169208556414
39 62 0 8  0.0080738365650177
39 63 0 8  0.005760711617767811
39 64 0 8  0.005013934336602688
40 42 0 8  0.9917954206466675
40 43 0 8  0.9870635271072388
40 44 0 8  0.9582507610321045
40 45 0 8  0.005925801582634449
40 46 0 8  0.0038999938406050205
40 47 0 8  0.004008546005934477
40 48 0 8  0.005374004598706961
40 49 0 8  0.0034604843240231276
40 50 0 8  0.004700516350567341
40 51 0 8  0.004255048930644989
40 52 0 8  0.010912999510765076
40 53 0 8  0.007736755535006523
40 54 0 8  0.010915158316493034
40 55 0 8  0.00936615839600563
40 56 0 8  0.005888840649276972
40 57 0 8  0.005427015945315361
40 58 0 8  0.008991163223981857
40 59 0 8  0.00559855904430151
40 60 0 8  0.014686139300465584
40 61 0 8  0.004233672749251127
40 62 0 8  0.009581778198480606
40 63 0 8  0.004022237844765186
40 64 0 8  0.004501154646277428
41 43 0 8  0.9846709966659546
41 44 0 8  0.9768414497375488
41 45 0 8  0.9134509563446045
41 46 0 8  0.0047767506912350655
41 47 0 8  0.003520167898386717
41 48 0 8  0.005748739466071129
41 49 0 8  0.0035758544690907
41 50 0 8  0.009046494960784912
41 51 0 8  0.005961711518466473
41 52 0 8  0.01638849824666977
41 53 0 8  0.004976685158908367
41 54 0 8  0.005599514581263065
41 55 0 8  0.004894929938018322
41 56 0 8  0.003703741356730461
41 57 0 8  0.0035704760812222958
41 58 0 8  0.005006367340683937
41 59 0 8  0.0039325738325715065
41 60 0 8  0.010911828838288784
41 61 0 8  0.003642494324594736
41 62 0 8  0.04181923717260361
41 63 0 8  0.004458262585103512
41 64 0 8  0.009488762356340885
42 44 0 8  0.9755724668502808
42 45 0 8  0.975211501121521
42 46 0 8  0.8975340127944946
42 47 0 8  0.005322734825313091
42 48 0 8  0.004864071030169725
42 49 0 8  0.0037236008793115616
42 50 0 8  0.015554571524262428
42 51 0 8  0.05837368220090866
42 52 0 8  0.2297789454460144
42 53 0 8  0.04680503532290459
42 54 0 8  0.037146855145692825
42 55 0 8  0.014114576391875744
42 56 0 8  0.005908190738409758
42 57 0 8  0.005783076863735914
42 58 0 8  0.010869845747947693
42 59 0 8  0.007330911699682474
42 60 0 8  0.06600941717624664
42 61 0 8  0.010705281980335712
42 62 0 8  0.13907024264335632
42 63 0 8  0.010364821180701256
42 64 0 8  0.01259152963757515
43 45 0 8  0.9837886095046997
43 46 0 8  0.9589457511901855
43 47 0 8  0.9086667895317078
43 48 0 8  0.008915619924664497
43 49 0 8  0.0035288692452013493
43 50 0 8  0.005330634769052267
43 51 0 8  0.006163812708109617
43 52 0 8  0.03199082240462303
43 53 0 8  0.01245590578764677
43 54 0 8  0.021346474066376686
43 55 0 8  0.005832049995660782
43 56 0 8  0.004588788375258446
43 57 0 8  0.004531430080533028
43 58 0 8  0.007135957013815641
43 59 0 8  0.005471069365739822
43 60 0 8  0.02939036674797535
43 61 0 8  0.004162612836807966
43 62 0 8  0.022421902045607567
43 63 0 8  0.004758964758366346
43 64 0 8  0.005855992436408997
44 46 0 8  0.9840137958526611
44 47 0 8  0.9812966585159302
44 48 0 8  0.9668136835098267
44 49 0 8  0.006773933302611113
44 50 0 8  0.022064749151468277
44 51 0 8  0.004523305222392082
44 52 0 8  0.00787239708006382
44 53 0 8  0.004817645531147718
44 54 0 8  0.004714213311672211
44 55 0 8  0.003859488759189844
44 56 0 8  0.0034781056456267834
44 57 0 8  0.0032863030210137367
44 58 0 8  0.003540830221027136
44 59 0 8  0.003333542961627245
44 60 0 8  0.005437041167169809
44 61 0 8  0.00341882836073637
44 62 0 8  0.012492164969444275
44 63 0 8  0.0035729012452065945
44 64 0 8  0.005742588546127081
45 47 0 8  0.9650585651397705
45 48 0 8  0.978692352771759
45 49 0 8  0.8876581192016602
45 50 0 8  0.9835284948348999
45 51 0 8  0.403794527053833
45 52 0 8  0.5326966047286987
45 53 0 8  0.009043842554092407
45 54 0 8  0.0073080165311694145
45 55 0 8  0.0037342694122344255
45 56 0 8  0.003210292663425207
45 57 0 8  0.0033135288394987583
45 58 0 8  0.0034527149982750416
45 59 0 8  0.0035910254810005426
45 60 0 8  0.05388679727911949
45 61 0 8  0.004960369318723679
45 62 0 8  0.5491605401039124
45 63 0 8  0.011228865012526512
45 64 0 8  0.06787817180156708
46 48 0 8  0.9738926291465759
46 49 0 8  0.967374861240387
46 50 0 8  0.9704642295837402
46 51 0 8  0.6024033427238464
46 52 0 8  0.6689391136169434
46 53 0 8  0.07619237899780273
46 54 0 8  0.1203639954328537
46 55 0 8  0.005818086210638285
46 56 0 8  0.0042518083937466145
46 57 0 8  0.003956240601837635
46 58 0 8  0.006085104309022427
46 59 0 8  0.004652931354939938
46 60 0 8  0.23526008427143097
46 61 0 8  0.004388744477182627
46 62 0 8  0.11087357997894287
46 63 0 8  0.006188151892274618
46 64 0 8  0.012982819229364395
47 49 0 8  0.9861055612564087
47 50 0 8  0.9785795211791992
47 51 0 8  0.8827512264251709
47 52 0 8  0.011549977585673332
47 53 0 8  0.0033538215793669224
47 54 0 8  0.0034796427935361862
47 55 0 8  0.0030691763386130333
47 56 0 8  0.00297611765563488
47 57 0 8  0.0032371869310736656
47 58 0 8  0.0036430945619940758
47 59 0 8  0.0033007911406457424
47 60 0 8  0.004903582856059074
47 61 0 8  0.0029795034788548946
47 62 0 8  0.014858711510896683
47 63 0 8  0.004350651521235704
47 64 0 8  0.013575440272688866
48 50 0 8  0.9942320585250854
48 51 0 8  0.9893192052841187
48 52 0 8  0.9664199352264404
48 53 0 8  0.00427095964550972
48 54 0 8  0.0035102912224829197
48 55 0 8  0.002964726183563471
48 56 0 8  0.003178672632202506
48 57 0 8  0.002866287250071764
48 58 0 8  0.0029531815089285374
48 59 0 8  0.0031558903865516186
48 60 0 8  0.006727077066898346
48 61 0 8  0.0034841985907405615
48 62 0 8  0.06127317622303963
48 63 0 8  0.008374406024813652
48 64 0 8  0.10599035024642944
49 51 0 8  0.9879716038703918
49 52 0 8  0.9920304417610168
49 53 0 8  0.9603085517883301
49 54 0 8  0.005433185957372189
49 55 0 8  0.003185614012181759
49 56 0 8  0.003077369648963213
49 57 0 8  0.0035342974588274956
49 58 0 8  0.0031388234347105026
49 59 0 8  0.0033477942924946547
49 60 0 8  0.007391615305095911
49 61 0 8  0.0035242210142314434
49 62 0 8  0.01817413792014122
49 63 0 8  0.014181822538375854
49 64 0 8  0.3669677674770355
50 52 0 8  0.9903298020362854
50 53 0 8  0.9775403141975403
50 54 0 8  0.9471177458763123
50 55 0 8  0.0032141089905053377
50 56 0 8  0.0028352015651762486
50 57 0 8  0.0028690702747553587
50 58 0 8  0.002944039646536112
50 59 0 8  0.0030743498355150223
50 60 0 8  0.008117442019283772
50 61 0 8  0.007076515816152096
50 62 0 8  0.9617539644241333
50 63 0 8  0.825067937374115
50 64 0 8  0.8992959260940552
51 53 0 8  0.9813638925552368
51 54 0 8  0.9620996713638306
51 55 0 8  0.8986908197402954
51 56 0 8  0.0031185620464384556
51 57 0 8  0.0029151542112231255
51 58 0 8  0.0031356913968920708
51 59 0 8  0.0035797669552266598
51 60 0 8  0.014804238453507423
51 61 0 8  0.08996494859457016
51 62 0 8  0.9627190828323364
51 63 0 8  0.9776550531387329
51 64 0 8  0.7688370943069458
52 54 0 8  0.9754409193992615
52 55 0 8  0.9573832750320435
52 56 0 8  0.9197570085525513
52 57 0 8  0.00589619018137455
52 58 0 8  0.006399535574018955
52 59 0 8  0.01043783500790596
52 60 0 8  0.9814950227737427
52 61 0 8  0.9720795154571533
52 62 0 8  0.9704849123954773
52 63 0 8  0.7089580297470093
52 64 0 8  0.009711234830319881
53 55 0 8  0.9687241315841675
53 56 0 8  0.955073356628418
53 57 0 8  0.7510496377944946
53 58 0 8  0.00887301005423069
53 59 0 8  0.01920332759618759
53 60 0 8  0.9706153273582458
53 61 0 8  0.9780248403549194
53 62 0 8  0.49455738067626953
53 63 0 8  0.9032754898071289
53 64 0 8  0.009541158564388752
54 56 0 8  0.9855045080184937
54 57 0 8  0.9804319143295288
54 58 0 8  0.9735128283500671
54 59 0 8  0.8642181754112244
54 60 0 8  0.9812087416648865
54 61 0 8  0.6448199152946472
54 62 0 8  0.00399129930883646
54 63 0 8  0.004272897727787495
54 64 0 8  0.0033484359737485647
55 57 0 8  0.9852108955383301
55 58 0 8  0.9868199229240417
55 59 0 8  0.9843182563781738
55 60 0 8  0.7883462905883789
55 61 0 8  0.935386061668396
55 62 0 8  0.0036805588752031326
55 63 0 8  0.005653131753206253
55 64 0 8  0.003527339780703187
56 58 0 8  0.9919805526733398
56 59 0 8  0.9764400720596313
56 60 0 8  0.8503607511520386
56 61 0 8  0.01619408093392849
56 62 0 8  0.002831782680004835
56 63 0 8  0.0035228305496275425
56 64 0 8  0.0030408832244575024
57 59 0 8  0.9846701622009277
57 60 0 8  0.9237618446350098
57 61 0 8  0.9171385765075684
57 62 0 8  0.0031896219588816166
57 63 0 8  0.0033527910709381104
57 64 0 8  0.0032612269278615713
58 60 0 8  0.9767841100692749
58 61 0 8  0.949137806892395
58 62 0 8  0.8187810778617859
58 63 0 8  0.005335751920938492
58 64 0 8  0.003886801889166236
59 61 0 8  0.955081582069397
59 62 0 8  0.8544778823852539
59 63 0 8  0.7078120708465576
59 64 0 8  0.006241501308977604
60 62 0 8  0.9724175930023193
60 63 0 8  0.8948129415512085
60 64 0 8  0.7456601858139038
61 63 0 8  0.9466391801834106
61 64 0 8  0.8708908557891846
62 64 0 8  0.9315762519836426
