7	10	0	8	0.99948
8	11	0	8	0.99822
6	9	0	8	0.99799
5	8	0	8	0.99784
6	10	0	8	0.99769
7	11	0	8	0.99579
5	9	0	8	0.99383
10	13	0	8	0.99324
4	7	0	8	0.99294
3	6	0	8	0.99262
28	31	0	8	0.99137
9	12	0	8	0.98923
29	32	0	8	0.98808
4	8	0	8	0.98763
2	5	0	8	0.98515
35	38	0	8	0.98470
36	39	0	8	0.98350
3	7	0	8	0.98020
8	12	0	8	0.97874
33	36	0	8	0.97828
28	32	0	8	0.97827
10	14	0	8	0.97470
2	6	0	8	0.97446
11	14	0	8	0.97298
32	36	0	8	0.97073
30	33	0	8	0.96813
37	40	0	8	0.96657
18	21	0	8	0.96211
9	13	0	8	0.96098
36	40	0	8	0.96051
17	20	0	8	0.95791
29	33	0	8	0.95442
35	39	0	8	0.95404
26	29	0	8	0.95021
27	30	0	8	0.93677
31	34	0	8	0.93404
32	35	0	8	0.93161
33	37	0	8	0.91573
15	18	0	8	0.91513
30	34	0	8	0.91160
38	41	0	8	0.90599
34	37	0	8	0.90038
27	31	0	8	0.89987
17	21	0	8	0.89947
34	38	0	8	0.89853
31	35	0	8	0.89683
37	41	0	8	0.89284
14	18	0	8	0.88910
14	17	0	8	0.88722
18	22	0	8	0.88183
25	28	0	8	0.87562
25	29	0	8	0.85043
16	19	0	8	0.84721
11	15	0	8	0.84281
1	5	0	8	0.83970
26	30	0	8	0.83256
19	22	0	8	0.81310
16	20	0	8	0.77703
15	19	0	8	0.77008
13	17	0	8	0.76583
12	15	0	8	0.76116
13	16	0	8	0.72245
41	44	0	8	0.70711
42	45	0	8	0.66533
37	42	0	8	0.65235
22	25	0	8	0.64490
23	26	0	8	0.63843
22	26	0	8	0.60680
18	29	0	8	0.59664
40	44	0	8	0.57165
19	23	0	8	0.56213
1	6	0	8	0.56154
43	46	0	8	0.53401
24	27	0	8	0.52571
41	45	0	8	0.51958
20	23	0	8	0.49693
7	36	0	8	0.48951
11	36	0	8	0.47939
7	40	0	8	0.47447
12	16	0	8	0.45953
24	28	0	8	0.44335
40	43	0	8	0.43803
42	46	0	8	0.42520
18	32	0	8	0.41031
7	39	0	8	0.39082
36	41	0	8	0.37449
22	28	0	8	0.37227
10	32	0	8	0.37093
19	29	0	8	0.35605
22	29	0	8	0.35006
18	25	0	8	0.34521
14	32	0	8	0.31865
11	32	0	8	0.31695
38	42	0	8	0.31577
21	25	0	8	0.31099
10	36	0	8	0.30778
37	43	0	8	0.30559
37	44	0	8	0.30325
4	40	0	8	0.30155
15	29	0	8	0.29657
18	28	0	8	0.29440
7	32	0	8	0.28127
1	4	0	8	0.28011
18	26	0	8	0.27940
23	27	0	8	0.27647
11	33	0	8	0.27127
14	36	0	8	0.26997
19	26	0	8	0.26265
3	40	0	8	0.25310
11	40	0	8	0.25122
19	24	0	8	0.24809
21	24	0	8	0.24584
3	39	0	8	0.23917
36	44	0	8	0.23749
11	29	0	8	0.21519
14	29	0	8	0.21462
7	35	0	8	0.19476
1	9	0	8	0.19461
15	36	0	8	0.19158
22	32	0	8	0.18670
6	39	0	8	0.18277
10	39	0	8	0.18116
19	25	0	8	0.17606
15	33	0	8	0.17238
18	23	0	8	0.17058
17	22	0	8	0.16533
14	33	0	8	0.16423
36	42	0	8	0.15999
20	24	0	8	0.15954
18	33	0	8	0.15067
15	32	0	8	0.15033
10	28	0	8	0.14322
39	42	0	8	0.14317
3	36	0	8	0.14314
11	18	0	8	0.14206
37	45	0	8	0.14057
10	29	0	8	0.13956
18	36	0	8	0.13700
4	39	0	8	0.13630
4	36	0	8	0.13510
10	40	0	8	0.13476
18	24	0	8	0.13459
7	44	0	8	0.13454
10	18	0	8	0.13358
8	40	0	8	0.13354
4	44	0	8	0.12974
40	45	0	8	0.12652
39	43	0	8	0.12547
23	29	0	8	0.11343
38	43	0	8	0.11255
3	44	0	8	0.10998
8	36	0	8	0.10981
10	35	0	8	0.10918
3	35	0	8	0.10893
36	43	0	8	0.10890
33	44	0	8	0.10677
23	28	0	8	0.10267
6	32	0	8	0.09786
32	39	0	8	0.09622
21	28	0	8	0.09547
38	44	0	8	0.09407
10	17	0	8	0.09082
7	33	0	8	0.09052
10	33	0	8	0.09039
24	29	0	8	0.08989
11	44	0	8	0.08931
7	28	0	8	0.08916
22	27	0	8	0.08785
14	28	0	8	0.08757
21	29	0	8	0.08663
6	35	0	8	0.08643
6	36	0	8	0.08484
6	28	0	8	0.08330
13	18	0	8	0.08182
11	39	0	8	0.07716
6	40	0	8	0.07552
11	35	0	8	0.07417
14	35	0	8	0.07388
36	45	0	8	0.07287
10	21	0	8	0.07265
10	15	0	8	0.07234
21	32	0	8	0.07117
33	45	0	8	0.06914
4	41	0	8	0.06738
3	43	0	8	0.06676
14	39	0	8	0.06545
21	26	0	8	0.06450
3	41	0	8	0.06445
15	40	0	8	0.06411
4	45	0	8	0.06305
3	32	0	8	0.06297
4	35	0	8	0.06250
10	25	0	8	0.06220
7	29	0	8	0.06208
15	26	0	8	0.06101
14	25	0	8	0.06087
3	38	0	8	0.06015
39	44	0	8	0.05967
14	40	0	8	0.05954
4	43	0	8	0.05870
7	41	0	8	0.05775
11	37	0	8	0.05762
4	42	0	8	0.05723
10	31	0	8	0.05697
17	32	0	8	0.05636
13	32	0	8	0.05560
8	44	0	8	0.05509
6	31	0	8	0.05348
14	26	0	8	0.05341
11	28	0	8	0.05295
41	46	0	8	0.04931
15	25	0	8	0.04853
7	18	0	8	0.04839
31	39	0	8	0.04781
34	44	0	8	0.04774
17	29	0	8	0.04760
3	42	0	8	0.04707
7	31	0	8	0.04684
14	22	0	8	0.04684
10	22	0	8	0.04617
32	44	0	8	0.04597
16	21	0	8	0.04589
19	33	0	8	0.04451
35	40	0	8	0.04446
38	45	0	8	0.04351
13	21	0	8	0.04302
34	45	0	8	0.04301
11	45	0	8	0.04292
19	28	0	8	0.04196
31	36	0	8	0.04138
33	43	0	8	0.04137
7	43	0	8	0.04136
15	44	0	8	0.04070
18	30	0	8	0.04051
3	45	0	8	0.03976
7	45	0	8	0.03946
3	31	0	8	0.03926
15	30	0	8	0.03923
17	28	0	8	0.03901
3	28	0	8	0.03859
20	25	0	8	0.03735
4	46	0	8	0.03675
17	25	0	8	0.03668
3	46	0	8	0.03582
37	46	0	8	0.03569
7	38	0	8	0.03562
16	29	0	8	0.03515
14	21	0	8	0.03509
13	28	0	8	0.03469
7	37	0	8	0.03459
7	42	0	8	0.03449
33	46	0	8	0.03432
19	30	0	8	0.03398
20	26	0	8	0.03379
11	43	0	8	0.03370
1	40	0	8	0.03342
15	28	0	8	0.03302
8	39	0	8	0.03288
4	32	0	8	0.03247
6	25	0	8	0.03230
13	29	0	8	0.03122
32	40	0	8	0.03111
11	41	0	8	0.03096
34	43	0	8	0.03069
25	32	0	8	0.02966
6	44	0	8	0.02953
14	31	0	8	0.02947
30	35	0	8	0.02944
19	32	0	8	0.02941
22	31	0	8	0.02926
11	25	0	8	0.02856
11	30	0	8	0.02855
18	31	0	8	0.02797
14	44	0	8	0.02709
14	19	0	8	0.02692
11	16	0	8	0.02692
7	25	0	8	0.02681
19	27	0	8	0.02640
18	27	0	8	0.02638
29	36	0	8	0.02636
13	36	0	8	0.02626
14	30	0	8	0.02604
1	44	0	8	0.02603
15	35	0	8	0.02569
10	44	0	8	0.02542
18	35	0	8	0.02523
11	31	0	8	0.02496
35	44	0	8	0.02493
40	46	0	8	0.02454
1	39	0	8	0.02450
18	39	0	8	0.02433
8	45	0	8	0.02419
31	38	0	8	0.02405
21	27	0	8	0.02390
4	37	0	8	0.02369
7	22	0	8	0.02365
3	33	0	8	0.02362
11	42	0	8	0.02312
13	39	0	8	0.02300
15	45	0	8	0.02257
8	32	0	8	0.02170
3	37	0	8	0.02161
9	14	0	8	0.02158
2	44	0	8	0.02156
33	42	0	8	0.02138
4	38	0	8	0.02132
13	31	0	8	0.02117
4	33	0	8	0.02107
34	46	0	8	0.02084
28	39	0	8	0.02045
34	39	0	8	0.02031
20	29	0	8	0.02013
24	32	0	8	0.02011
15	21	0	8	0.01995
8	43	0	8	0.01992
15	37	0	8	0.01957
11	26	0	8	0.01923
8	33	0	8	0.01914
1	35	0	8	0.01909
32	45	0	8	0.01906
9	39	0	8	0.01890
15	39	0	8	0.01873
15	20	0	8	0.01872
10	26	0	8	0.01866
1	43	0	8	0.01850
22	36	0	8	0.01834
15	24	0	8	0.01816
26	31	0	8	0.01816
17	36	0	8	0.01786
11	46	0	8	0.01765
11	34	0	8	0.01761
11	17	0	8	0.01754
13	35	0	8	0.01752
1	45	0	8	0.01742
29	44	0	8	0.01735
1	41	0	8	0.01724
30	45	0	8	0.01713
4	31	0	8	0.01713
2	43	0	8	0.01711
1	42	0	8	0.01691
22	30	0	8	0.01690
8	42	0	8	0.01688
36	46	0	8	0.01682
2	40	0	8	0.01661
21	36	0	8	0.01633
1	46	0	8	0.01630
14	24	0	8	0.01624
2	46	0	8	0.01602
17	26	0	8	0.01596
14	27	0	8	0.01594
18	40	0	8	0.01594
7	34	0	8	0.01581
30	46	0	8	0.01577
14	45	0	8	0.01571
19	36	0	8	0.01566
8	41	0	8	0.01566
6	29	0	8	0.01560
6	38	0	8	0.01557
2	45	0	8	0.01557
26	32	0	8	0.01556
23	32	0	8	0.01549
9	35	0	8	0.01529
6	22	0	8	0.01526
32	37	0	8	0.01523
12	17	0	8	0.01512
12	33	0	8	0.01505
9	32	0	8	0.01500
30	44	0	8	0.01498
8	46	0	8	0.01491
13	22	0	8	0.01473
34	42	0	8	0.01452
2	39	0	8	0.01437
7	46	0	8	0.01432
30	36	0	8	0.01419
10	27	0	8	0.01407
21	31	0	8	0.01407
15	22	0	8	0.01390
6	43	0	8	0.01387
38	46	0	8	0.01373
3	34	0	8	0.01331
8	35	0	8	0.01312
17	24	0	8	0.01298
6	21	0	8	0.01294
39	45	0	8	0.01291
13	25	0	8	0.01287
11	22	0	8	0.01272
1	36	0	8	0.01264
22	33	0	8	0.01251
30	38	0	8	0.01221
25	30	0	8	0.01213
1	8	0	8	0.01206
1	38	0	8	0.01200
4	34	0	8	0.01184
29	45	0	8	0.01168
15	46	0	8	0.01163
21	39	0	8	0.01163
14	37	0	8	0.01153
20	28	0	8	0.01151
9	31	0	8	0.01129
17	39	0	8	0.01109
2	41	0	8	0.01102
7	21	0	8	0.01091
32	46	0	8	0.01058
6	33	0	8	0.01050
22	39	0	8	0.01049
2	42	0	8	0.01046
15	31	0	8	0.01028
12	29	0	8	0.01025
11	19	0	8	0.01025
16	33	0	8	0.01024
15	34	0	8	0.01024
6	41	0	8	0.01023
15	43	0	8	0.01021
9	36	0	8	0.01019
29	39	0	8	0.01012
33	38	0	8	0.01009
12	44	0	8	0.01008
15	27	0	8	0.01005
2	35	0	8	0.01003
1	31	0	8	0.01000
10	24	0	8	0.01000
4	28	0	8	0.00998
12	36	0	8	0.00994
18	44	0	8	0.00988
12	45	0	8	0.00987
7	27	0	8	0.00985
13	44	0	8	0.00975
35	43	0	8	0.00974
29	46	0	8	0.00973
20	27	0	8	0.00961
8	29	0	8	0.00933
29	34	0	8	0.00925
28	36	0	8	0.00920
25	31	0	8	0.00920
14	23	0	8	0.00910
13	40	0	8	0.00906
17	33	0	8	0.00906
12	46	0	8	0.00900
11	24	0	8	0.00899
3	25	0	8	0.00883
6	27	0	8	0.00869
8	37	0	8	0.00866
13	33	0	8	0.00865
16	45	0	8	0.00858
7	30	0	8	0.00855
32	43	0	8	0.00854
16	25	0	8	0.00852
23	31	0	8	0.00814
12	40	0	8	0.00799
11	27	0	8	0.00797
11	38	0	8	0.00789
17	31	0	8	0.00788
21	35	0	8	0.00788
9	28	0	8	0.00785
6	42	0	8	0.00784
6	45	0	8	0.00781
2	36	0	8	0.00778
2	38	0	8	0.00776
32	38	0	8	0.00771
2	7	0	8	0.00763
29	40	0	8	0.00763
35	45	0	8	0.00761
33	39	0	8	0.00761
13	24	0	8	0.00745
17	35	0	8	0.00736
16	44	0	8	0.00735
29	35	0	8	0.00735
10	38	0	8	0.00724
16	32	0	8	0.00719
27	32	0	8	0.00718
16	30	0	8	0.00710
7	26	0	8	0.00707
3	29	0	8	0.00690
24	30	0	8	0.00681
14	34	0	8	0.00679
30	37	0	8	0.00678
21	33	0	8	0.00671
22	35	0	8	0.00667
16	26	0	8	0.00658
13	26	0	8	0.00658
7	24	0	8	0.00654
30	39	0	8	0.00643
16	24	0	8	0.00642
11	21	0	8	0.00637
10	41	0	8	0.00635
5	35	0	8	0.00634
17	44	0	8	0.00631
22	40	0	8	0.00631
25	39	0	8	0.00630
5	44	0	8	0.00630
10	30	0	8	0.00629
5	40	0	8	0.00618
1	28	0	8	0.00615
13	20	0	8	0.00612
5	39	0	8	0.00606
14	41	0	8	0.00599
31	44	0	8	0.00592
10	34	0	8	0.00591
12	32	0	8	0.00587
3	27	0	8	0.00584
21	30	0	8	0.00584
17	27	0	8	0.00579
16	22	0	8	0.00579
33	40	0	8	0.00573
14	38	0	8	0.00569
18	45	0	8	0.00564
6	46	0	8	0.00564
21	40	0	8	0.00563
15	42	0	8	0.00561
20	32	0	8	0.00561
28	40	0	8	0.00560
15	23	0	8	0.00556
1	37	0	8	0.00552
17	40	0	8	0.00549
28	33	0	8	0.00543
27	38	0	8	0.00541
14	20	0	8	0.00540
10	43	0	8	0.00530
14	43	0	8	0.00530
17	23	0	8	0.00526
26	44	0	8	0.00525
23	30	0	8	0.00524
7	17	0	8	0.00519
16	36	0	8	0.00517
35	41	0	8	0.00516
10	16	0	8	0.00516
15	41	0	8	0.00515
1	32	0	8	0.00514
18	37	0	8	0.00514
10	45	0	8	0.00512
16	46	0	8	0.00510
17	45	0	8	0.00510
26	36	0	8	0.00503
5	36	0	8	0.00497
9	44	0	8	0.00496
35	42	0	8	0.00486
30	43	0	8	0.00483
13	45	0	8	0.00465
6	24	0	8	0.00464
12	18	0	8	0.00464
3	22	0	8	0.00460
9	40	0	8	0.00458
35	46	0	8	0.00454
14	46	0	8	0.00446
18	34	0	8	0.00441
10	23	0	8	0.00438
29	43	0	8	0.00434
28	38	0	8	0.00433
26	46	0	8	0.00433
13	27	0	8	0.00429
13	19	0	8	0.00425
5	43	0	8	0.00424
29	37	0	8	0.00419
27	39	0	8	0.00418
6	18	0	8	0.00418
5	46	0	8	0.00415
31	46	0	8	0.00413
39	46	0	8	0.00411
28	44	0	8	0.00410
24	31	0	8	0.00409
9	46	0	8	0.00405
22	44	0	8	0.00404
10	42	0	8	0.00398
13	38	0	8	0.00396
27	46	0	8	0.00391
2	28	0	8	0.00390
31	40	0	8	0.00386
25	36	0	8	0.00381
32	42	0	8	0.00378
14	42	0	8	0.00375
12	43	0	8	0.00375
11	23	0	8	0.00374
7	14	0	8	0.00373
33	41	0	8	0.00371
5	45	0	8	0.00368
31	45	0	8	0.00366
2	33	0	8	0.00365
20	30	0	8	0.00364
13	30	0	8	0.00364
16	28	0	8	0.00361
6	26	0	8	0.00359
1	34	0	8	0.00358
27	35	0	8	0.00355
26	45	0	8	0.00351
15	38	0	8	0.00350
1	7	0	8	0.00350
9	38	0	8	0.00345
2	31	0	8	0.00344
1	33	0	8	0.00343
32	41	0	8	0.00343
21	44	0	8	0.00340
10	37	0	8	0.00337
6	34	0	8	0.00332
26	39	0	8	0.00332
13	23	0	8	0.00332
25	40	0	8	0.00330
24	39	0	8	0.00328
9	25	0	8	0.00324
13	46	0	8	0.00323
5	41	0	8	0.00321
25	35	0	8	0.00320
9	33	0	8	0.00320
12	41	0	8	0.00320
13	43	0	8	0.00314
26	34	0	8	0.00312
3	24	0	8	0.00312
29	38	0	8	0.00311
16	31	0	8	0.00311
4	29	0	8	0.00308
12	37	0	8	0.00308
3	30	0	8	0.00306
9	17	0	8	0.00306
5	31	0	8	0.00304
25	44	0	8	0.00301
19	35	0	8	0.00301
31	37	0	8	0.00300
18	38	0	8	0.00298
9	45	0	8	0.00293
28	35	0	8	0.00293
10	46	0	8	0.00292
12	35	0	8	0.00292
3	21	0	8	0.00290
8	38	0	8	0.00290
6	17	0	8	0.00288
12	39	0	8	0.00283
2	32	0	8	0.00280
8	34	0	8	0.00278
12	42	0	8	0.00275
8	28	0	8	0.00275
4	30	0	8	0.00274
8	25	0	8	0.00272
16	27	0	8	0.00271
2	37	0	8	0.00271
3	8	0	8	0.00270
27	44	0	8	0.00270
22	38	0	8	0.00269
9	21	0	8	0.00268
21	38	0	8	0.00267
26	35	0	8	0.00267
19	45	0	8	0.00264
5	42	0	8	0.00262
12	19	0	8	0.00258
17	46	0	8	0.00257
25	33	0	8	0.00253
17	30	0	8	0.00253
9	43	0	8	0.00252
26	38	0	8	0.00251
19	44	0	8	0.00250
28	46	0	8	0.00249
34	40	0	8	0.00249
19	31	0	8	0.00249
19	34	0	8	0.00249
8	31	0	8	0.00248
26	40	0	8	0.00248
5	38	0	8	0.00246
8	13	0	8	0.00246
6	30	0	8	0.00244
18	46	0	8	0.00243
7	15	0	8	0.00242
25	38	0	8	0.00242
22	45	0	8	0.00240
19	40	0	8	0.00236
1	10	0	8	0.00235
1	25	0	8	0.00235
7	19	0	8	0.00233
16	39	0	8	0.00233
16	35	0	8	0.00233
26	33	0	8	0.00231
23	33	0	8	0.00229
3	26	0	8	0.00228
9	34	0	8	0.00225
21	45	0	8	0.00225
9	29	0	8	0.00225
19	37	0	8	0.00224
27	36	0	8	0.00221
30	40	0	8	0.00220
17	38	0	8	0.00220
19	46	0	8	0.00220
25	46	0	8	0.00218
24	44	0	8	0.00218
20	33	0	8	0.00216
9	41	0	8	0.00215
12	30	0	8	0.00215
23	44	0	8	0.00215
16	40	0	8	0.00214
8	18	0	8	0.00211
27	45	0	8	0.00210
10	20	0	8	0.00209
20	31	0	8	0.00209
4	25	0	8	0.00208
30	42	0	8	0.00205
24	46	0	8	0.00204
31	43	0	8	0.00203
1	30	0	8	0.00200
16	43	0	8	0.00199
21	46	0	8	0.00198
2	25	0	8	0.00198
24	35	0	8	0.00196
2	8	0	8	0.00194
18	43	0	8	0.00192
7	23	0	8	0.00192
12	31	0	8	0.00189
9	27	0	8	0.00189
24	38	0	8	0.00188
34	41	0	8	0.00186
19	39	0	8	0.00184
24	36	0	8	0.00184
20	36	0	8	0.00184
23	39	0	8	0.00182
22	46	0	8	0.00181
25	45	0	8	0.00180
28	41	0	8	0.00180
13	41	0	8	0.00179
12	34	0	8	0.00178
13	34	0	8	0.00178
24	33	0	8	0.00177
23	36	0	8	0.00175
1	27	0	8	0.00170
16	23	0	8	0.00168
2	34	0	8	0.00166
6	23	0	8	0.00164
23	46	0	8	0.00163
28	37	0	8	0.00162
1	12	0	8	0.00162
4	27	0	8	0.00161
10	19	0	8	0.00160
4	9	0	8	0.00160
12	38	0	8	0.00160
8	30	0	8	0.00160
29	42	0	8	0.00159
4	22	0	8	0.00158
24	40	0	8	0.00158
26	43	0	8	0.00157
28	43	0	8	0.00157
30	41	0	8	0.00155
16	38	0	8	0.00155
23	45	0	8	0.00153
13	42	0	8	0.00152
28	45	0	8	0.00152
17	43	0	8	0.00152
24	45	0	8	0.00151
22	34	0	8	0.00148
12	28	0	8	0.00148
12	21	0	8	0.00148
5	32	0	8	0.00148
9	26	0	8	0.00147
18	41	0	8	0.00147
11	20	0	8	0.00146
9	30	0	8	0.00145
6	37	0	8	0.00143
29	41	0	8	0.00142
25	43	0	8	0.00142
16	37	0	8	0.00142
3	18	0	8	0.00140
20	46	0	8	0.00140
20	39	0	8	0.00136
20	44	0	8	0.00134
9	24	0	8	0.00131
2	9	0	8	0.00129
12	20	0	8	0.00127
9	22	0	8	0.00127
25	34	0	8	0.00126
27	40	0	8	0.00125
27	33	0	8	0.00124
1	29	0	8	0.00123
20	45	0	8	0.00121
22	43	0	8	0.00121
12	26	0	8	0.00121
8	22	0	8	0.00120
31	41	0	8	0.00119
23	35	0	8	0.00119
22	41	0	8	0.00119
6	20	0	8	0.00118
4	24	0	8	0.00118
20	35	0	8	0.00118
16	34	0	8	0.00117
9	42	0	8	0.00114
12	25	0	8	0.00114
23	40	0	8	0.00113
5	33	0	8	0.00113
18	42	0	8	0.00112
21	43	0	8	0.00112
23	38	0	8	0.00111
24	34	0	8	0.00108
22	37	0	8	0.00108
1	13	0	8	0.00106
31	42	0	8	0.00106
9	15	0	8	0.00103
21	41	0	8	0.00102
21	34	0	8	0.00101
27	34	0	8	0.00101
5	28	0	8	0.00101
27	43	0	8	0.00100
3	23	0	8	0.00099
7	13	0	8	0.00099
1	24	0	8	0.00098
25	41	0	8	0.00097
8	15	0	8	0.00097
4	26	0	8	0.00097
19	38	0	8	0.00096
28	34	0	8	0.00096
1	11	0	8	0.00096
3	9	0	8	0.00096
12	22	0	8	0.00096
26	41	0	8	0.00095
6	14	0	8	0.00095
8	19	0	8	0.00095
8	26	0	8	0.00095
17	34	0	8	0.00094
24	43	0	8	0.00092
13	37	0	8	0.00091
8	27	0	8	0.00091
17	41	0	8	0.00087
21	37	0	8	0.00087
1	21	0	8	0.00085
24	41	0	8	0.00084
9	20	0	8	0.00083
25	42	0	8	0.00082
9	18	0	8	0.00082
26	37	0	8	0.00081
21	42	0	8	0.00081
2	27	0	8	0.00081
9	16	0	8	0.00080
22	42	0	8	0.00080
17	37	0	8	0.00080
7	16	0	8	0.00080
27	41	0	8	0.00080
5	37	0	8	0.00079
25	37	0	8	0.00079
1	26	0	8	0.00078
9	37	0	8	0.00078
16	41	0	8	0.00078
1	22	0	8	0.00077
16	42	0	8	0.00076
8	24	0	8	0.00076
20	38	0	8	0.00075
23	43	0	8	0.00074
28	42	0	8	0.00074
5	34	0	8	0.00074
27	37	0	8	0.00073
12	24	0	8	0.00071
26	42	0	8	0.00069
12	27	0	8	0.00069
2	30	0	8	0.00068
8	14	0	8	0.00067
19	41	0	8	0.00067
27	42	0	8	0.00067
23	41	0	8	0.00067
19	43	0	8	0.00066
4	18	0	8	0.00066
8	16	0	8	0.00065
7	12	0	8	0.00064
5	29	0	8	0.00063
2	29	0	8	0.00063
20	40	0	8	0.00062
5	25	0	8	0.00062
6	11	0	8	0.00062
9	23	0	8	0.00060
24	42	0	8	0.00060
8	17	0	8	0.00059
23	34	0	8	0.00057
5	30	0	8	0.00056
17	42	0	8	0.00055
4	21	0	8	0.00055
3	10	0	8	0.00055
6	13	0	8	0.00054
6	15	0	8	0.00054
7	20	0	8	0.00053
3	20	0	8	0.00053
2	24	0	8	0.00053
12	23	0	8	0.00051
23	42	0	8	0.00050
4	23	0	8	0.00046
1	15	0	8	0.00046
3	11	0	8	0.00045
4	19	0	8	0.00042
3	17	0	8	0.00041
6	19	0	8	0.00041
20	37	0	8	0.00041
19	42	0	8	0.00040
24	37	0	8	0.00040
3	15	0	8	0.00039
1	18	0	8	0.00039
20	41	0	8	0.00039
3	19	0	8	0.00038
2	26	0	8	0.00038
9	19	0	8	0.00037
8	21	0	8	0.00037
6	16	0	8	0.00037
1	23	0	8	0.00037
4	12	0	8	0.00036
5	27	0	8	0.00036
20	34	0	8	0.00036
23	37	0	8	0.00034
1	20	0	8	0.00034
8	20	0	8	0.00032
5	24	0	8	0.00032
1	17	0	8	0.00031
4	20	0	8	0.00030
2	10	0	8	0.00030
20	43	0	8	0.00030
8	23	0	8	0.00028
2	22	0	8	0.00026
1	14	0	8	0.00026
1	16	0	8	0.00026
2	21	0	8	0.00026
5	10	0	8	0.00025
1	19	0	8	0.00024
4	11	0	8	0.00023
3	14	0	8	0.00022
2	11	0	8	0.00021
2	20	0	8	0.00021
5	26	0	8	0.00021
3	13	0	8	0.00019
4	15	0	8	0.00019
3	16	0	8	0.00019
5	13	0	8	0.00018
5	21	0	8	0.00017
20	42	0	8	0.00016
5	20	0	8	0.00015
2	23	0	8	0.00015
4	17	0	8	0.00015
5	22	0	8	0.00015
2	13	0	8	0.00013
2	19	0	8	0.00012
4	16	0	8	0.00012
3	12	0	8	0.00012
4	10	0	8	0.00011
4	13	0	8	0.00011
2	12	0	8	0.00011
5	19	0	8	0.00011
2	18	0	8	0.00010
4	14	0	8	0.00010
END