1   F C 127.0  -99.3  118.4  112.7  156.1  6.8 11.6 0.952 0.034 0.014
2   G C  50.1   90.3 -155.6  116.7  -30.4  2.4 14.1 0.946 0.052 0.002
3   F H 105.4  -66.2  -33.6   95.8  -71.4 10.2 13.3 0.103 0.896 0.000
4   K H 124.1  -64.7  -38.0   93.9   56.8  3.9 15.7 0.035 0.965 0.000
5   D H  88.0  -66.8  -37.0   93.2   51.3  2.8 17.6 0.019 0.981 0.000
6   I H  43.8  -66.5  -40.0   93.6   51.3 12.3 15.9 0.005 0.995 0.000
7   I H  36.5  -63.9  -40.7   93.2   52.1 16.3 15.9 0.003 0.997 0.000
8   R H 123.1  -65.0  -39.2   93.0   51.6  4.6 20.5 0.004 0.996 0.000
9   A H  53.1  -66.4  -39.3   92.8   50.2  4.3 20.8 0.010 0.990 0.000
10  I H  27.5  -66.1  -41.1   93.6   50.5 16.0 15.3 0.020 0.980 0.000
11  R H  99.0  -63.6  -39.8   93.0   52.6 11.7 18.0 0.053 0.947 0.001
12  R H 137.5  -66.0  -37.7   92.3   50.4  2.5 20.7 0.143 0.854 0.002
13  I H  69.3  -68.3  -38.1   93.5   50.0  7.2 18.8 0.232 0.756 0.012
14  A H  18.2  -67.7  -38.6   94.0   50.2 17.7 14.6 0.429 0.540 0.032
15  V C  70.3  -63.4  -39.8   93.1   57.9 10.2 17.5 0.651 0.315 0.034
16  P C  83.6  -66.3  -37.4   92.3   52.6  2.2 20.2 0.494 0.448 0.058
17  V H  42.3  -69.7  -36.8   93.7   49.8 11.1 17.0 0.290 0.504 0.207
18  V H  36.7  -65.2  -38.2   93.0   53.1 17.1 14.2 0.267 0.626 0.107
19  S H  75.1  -70.7  -28.9   93.7   54.2  3.7 17.2 0.347 0.586 0.067
20  T H  86.3  -83.9  -19.3   97.3   44.6  3.5 16.2 0.458 0.488 0.054
21  L C  70.7  -85.1  -19.6  100.3   45.4 11.1 14.2 0.588 0.371 0.041
22  F C  73.6 -108.6  101.7  113.4   45.0 14.6 11.2 0.839 0.152 0.008
23  P C  72.2  -74.3  143.7  109.7 -155.7  7.6 16.6 0.735 0.263 0.002
24  P C  75.8  -73.7   84.5  104.9 -101.4  8.1 17.2 0.552 0.445 0.002
25  A H  42.1  -76.0  -16.6  101.4  119.2 13.8 14.2 0.369 0.630 0.001
26  A H  51.0  -72.1  -32.1  100.3   77.7 10.9 16.3 0.104 0.896 0.000
27  P H  61.0  -67.3  -35.6   96.0   55.1  8.2 19.5 0.095 0.904 0.001
28  L H  34.3  -66.6  -39.3   94.4   53.5 16.9 17.3 0.043 0.957 0.000
29  A H  32.4  -63.7  -40.5   94.1   54.6 15.9 18.8 0.031 0.969 0.000
30  H H 106.5  -66.3  -38.2   93.7   50.7  4.7 23.0 0.039 0.960 0.000
31  A H  30.3  -68.2  -38.8   94.3   50.7 11.8 20.3 0.042 0.958 0.000
32  I H  23.2  -66.9  -40.6   95.0   51.4 20.4 17.7 0.044 0.956 0.000
33  G H  29.1  -65.3  -39.8   94.6   53.0 11.5 20.6 0.068 0.932 0.000
34  E H  99.1  -67.7  -37.8   94.0   49.7  5.2 22.9 0.045 0.955 0.000
35  G H  16.9  -67.7  -39.4   94.7   50.3 13.1 18.9 0.062 0.938 0.000
36  V H  27.7  -66.4  -39.9   94.7   52.3 18.1 16.8 0.040 0.959 0.001
37  D H  76.5  -67.4  -34.8   94.1   52.5  7.8 19.3 0.046 0.953 0.001
38  Y H 117.2  -69.6  -35.1   94.2   50.9  5.8 19.3 0.053 0.945 0.001
39  L H  46.3  -77.3  -31.4   96.8   46.5 13.9 16.2 0.113 0.879 0.008
40  L H  47.6  -88.9  -14.0  100.8   44.6 15.5 14.5 0.345 0.644 0.011
41  G C  43.1   70.4   -1.3  104.0 -119.0  6.8 16.3 0.765 0.222 0.013
42  D C  91.8  -75.4  -10.4  100.7  132.3  6.4 12.9 0.636 0.354 0.011
43  E C 129.0  -74.6  -18.3   98.2   69.2  3.9 12.5 0.514 0.473 0.013
44  A C  54.8  -82.1   -8.0  100.2   63.1  9.6 10.1 0.570 0.412 0.018
45  Q C 118.3  -86.4   14.7  103.6   68.2  5.4 10.5 0.769 0.213 0.018
46  A C  95.7  -88.8   88.2  108.2   80.8  2.7  8.2 0.980 0.016 0.005
