12 30 0.988
4 10 0.979
16 26 0.975
9 30 0.951
13 26 0.889
4 32 0.876
9 32 0.865
4 13 0.861
9 31 0.809
13 30 0.797
27 34 0.763
12 29 0.758
3 32 0.754
27 33 0.710
12 26 0.689
4 30 0.683
17 26 0.654
4 31 0.605
3 33 0.577
8 30 0.555
2 32 0.550
16 29 0.549
17 23 0.524
2 34 0.507
13 27 0.492
16 25 0.480
5 31 0.477
13 32 0.473
5 32 0.465
2 33 0.444
2 13 0.436
16 23 0.403
16 30 0.389
2 35 0.374
1 35 0.364
6 31 0.357
1 34 0.356
3 35 0.356
3 40 0.353
23 34 0.347
3 34 0.343
4 33 0.328
24 34 0.318
16 22 0.300
13 23 0.299
15 26 0.283
26 32 0.283
8 31 0.277
12 32 0.276
21 29 0.232
12 31 0.231
4 12 0.230
2 23 0.228
2 27 0.221
2 10 0.207
10 30 0.205
3 41 0.194
3 44 0.193
40 46 0.170
1 36 0.169
4 27 0.166
3 13 0.159
11 30 0.152
16 27 0.151
3 10 0.151
15 21 0.146
35 41 0.145
34 40 0.144
10 32 0.137
3 27 0.134
5 33 0.129
6 30 0.127
1 40 0.120
2 40 0.116
15 29 0.113
5 30 0.113
33 40 0.112
6 32 0.111
12 27 0.106
28 34 0.102
15 30 0.095
9 27 0.091
3 30 0.091
1 33 0.091
2 26 0.091
3 9 0.090
1 38 0.089
33 41 0.089
3 39 0.086
1 37 0.085
4 40 0.084
13 29 0.083
32 40 0.081
26 34 0.081
18 26 0.081
5 44 0.079
4 44 0.075
33 39 0.074
1 39 0.071
13 34 0.068
2 14 0.068
4 26 0.065
3 31 0.064
2 17 0.064
14 26 0.063
2 44 0.063
20 26 0.062
32 41 0.061
4 34 0.061
3 45 0.061
3 26 0.060
33 44 0.059
9 29 0.059
2 36 0.059
1 23 0.056
3 46 0.056
3 38 0.054
9 33 0.054
4 41 0.052
39 46 0.052
1 41 0.051
35 44 0.050
1 13 0.049
5 43 0.048
34 41 0.048
1 32 0.046
2 30 0.045
2 39 0.045
39 45 0.043
8 32 0.043
5 41 0.042
2 9 0.042
1 44 0.041
32 44 0.041
3 43 0.041
2 41 0.041
2 38 0.039
4 11 0.038
8 29 0.037
23 36 0.037
2 46 0.037
2 24 0.037
1 46 0.037
27 35 0.036
1 10 0.033
5 40 0.032
17 25 0.032
2 45 0.031
3 23 0.031
2 37 0.030
1 45 0.030
32 39 0.029
3 42 0.028
9 26 0.028
38 46 0.027
16 24 0.027
3 36 0.026
4 35 0.026
5 45 0.026
19 26 0.026
24 33 0.026
4 46 0.025
16 32 0.025
13 21 0.025
27 40 0.024
3 37 0.024
23 35 0.024
24 36 0.023
5 46 0.023
32 38 0.023
34 44 0.022
13 31 0.022
1 27 0.022
4 43 0.022
4 14 0.021
4 45 0.021
6 44 0.020
38 44 0.020
35 46 0.020
31 41 0.018
23 32 0.018
35 42 0.018
16 34 0.018
16 28 0.017
12 25 0.017
1 17 0.017
5 42 0.017
37 46 0.016
1 43 0.016
24 35 0.016
9 34 0.016
2 31 0.015
1 26 0.015
27 41 0.014
2 16 0.014
32 43 0.014
2 43 0.014
33 43 0.014
31 40 0.014
38 45 0.013
9 44 0.013
25 34 0.013
1 14 0.013
1 42 0.013
31 44 0.013
23 33 0.013
18 25 0.012
32 42 0.012
33 42 0.012
6 45 0.012
26 33 0.012
33 46 0.012
34 46 0.012
6 46 0.011
32 46 0.011
6 43 0.011
27 36 0.011
35 45 0.011
17 30 0.011
36 46 0.011
5 34 0.010
23 37 0.010
30 41 0.010
35 43 0.010
36 42 0.010
10 31 0.010
33 45 0.010
5 35 0.010
23 38 0.010
37 44 0.010
30 44 0.010
1 24 0.010
31 43 0.010
17 27 0.009
15 25 0.009
14 30 0.009
27 39 0.009
4 42 0.009
13 25 0.009
14 21 0.009
8 44 0.009
22 34 0.009
27 44 0.009
32 45 0.009
17 34 0.009
36 44 0.009
1 9 0.009
17 29 0.009
19 25 0.008
6 41 0.008
4 39 0.008
2 42 0.008
13 33 0.008
4 23 0.008
27 38 0.008
12 34 0.008
30 40 0.007
4 29 0.007
1 30 0.007
24 38 0.007
2 22 0.007
37 45 0.007
12 28 0.007
23 40 0.007
31 42 0.007
2 12 0.007
14 23 0.007
24 40 0.007
37 43 0.007
4 38 0.007
34 42 0.006
28 40 0.006
24 37 0.006
28 41 0.006
31 46 0.006
24 32 0.006
17 24 0.006
27 46 0.006
24 41 0.006
19 29 0.006
9 41 0.006
12 21 0.006
34 45 0.006
13 44 0.006
13 40 0.006
1 31 0.006
9 46 0.006
10 34 0.006
7 44 0.006
1 7 0.005
31 39 0.005
21 28 0.005
5 27 0.005
9 40 0.005
7 30 0.005
24 39 0.005
7 46 0.005
22 28 0.005
2 25 0.005
1 22 0.005
9 43 0.005
23 41 0.005
30 43 0.005
23 44 0.005
4 36 0.005
30 46 0.005
23 39 0.005
18 29 0.005
15 22 0.005
8 46 0.005
6 40 0.005
21 30 0.005
5 38 0.005
13 41 0.005
5 39 0.005
27 37 0.005
12 44 0.005
10 44 0.005
13 46 0.005
13 22 0.004
8 45 0.004
34 43 0.004
36 45 0.004
24 44 0.004
26 40 0.004
6 42 0.004
28 44 0.004
6 33 0.004
31 45 0.004
21 34 0.004
8 43 0.004
36 43 0.004
1 16 0.004
15 23 0.004
9 45 0.004
16 44 0.004
3 24 0.004
21 27 0.004
5 13 0.004
14 20 0.004
6 12 0.004
17 32 0.004
11 29 0.004
28 39 0.004
4 37 0.004
31 38 0.004
27 42 0.004
29 44 0.004
13 35 0.004
27 43 0.004
12 46 0.004
7 45 0.004
2 28 0.003
30 42 0.003
23 46 0.003
11 32 0.003
26 44 0.003
12 23 0.003
7 31 0.003
28 35 0.003
30 45 0.003
26 35 0.003
5 36 0.003
26 41 0.003
13 19 0.003
8 41 0.003
20 29 0.003
1 25 0.003
10 41 0.003
12 18 0.003
28 46 0.003
26 46 0.003
10 46 0.003
28 42 0.003
2 11 0.003
28 43 0.003
7 43 0.003
27 45 0.003
12 33 0.003
5 37 0.003
22 29 0.003
1 12 0.003
16 46 0.003
24 46 0.003
3 14 0.003
29 41 0.003
13 24 0.003
2 21 0.003
12 41 0.003
7 32 0.003
24 43 0.003
16 33 0.003
15 44 0.003
9 42 0.003
1 11 0.002
1 21 0.002
16 31 0.002
9 35 0.002
29 43 0.002
16 40 0.002
10 43 0.002
30 39 0.002
29 46 0.002
24 42 0.002
3 17 0.002
17 44 0.002
11 44 0.002
25 44 0.002
29 40 0.002
6 34 0.002
16 41 0.002
12 40 0.002
15 46 0.002
7 41 0.002
3 12 0.002
12 45 0.002
13 45 0.002
11 46 0.002
10 40 0.002
14 44 0.002
1 18 0.002
2 29 0.002
23 43 0.002
13 38 0.002
13 43 0.002
22 36 0.002
25 41 0.002
13 28 0.002
3 25 0.002
30 38 0.002
28 38 0.002
3 29 0.002
8 40 0.002
14 32 0.002
14 46 0.002
31 37 0.002
3 28 0.002
23 42 0.002
28 36 0.002
20 34 0.002
25 46 0.002
21 36 0.002
10 33 0.002
8 42 0.002
10 45 0.002
17 46 0.002
4 28 0.002
16 35 0.002
1 28 0.002
1 8 0.002
29 42 0.002
12 43 0.002
17 36 0.002
13 39 0.002
23 45 0.002
6 35 0.002
20 36 0.002
25 33 0.002
13 36 0.002
10 26 0.002
11 26 0.002
22 38 0.002
17 40 0.002
18 34 0.002
17 35 0.002
1 20 0.002
19 34 0.002
13 42 0.002
28 45 0.002
4 16 0.002
9 38 0.001
7 42 0.001
18 44 0.001
1 29 0.001
6 38 0.001
13 20 0.001
25 40 0.001
22 44 0.001
11 31 0.001
17 41 0.001
16 45 0.001
14 41 0.001
18 30 0.001
29 45 0.001
23 29 0.001
16 43 0.001
18 24 0.001
14 34 0.001
21 38 0.001
22 46 0.001
25 31 0.001
11 17 0.001
24 45 0.001
2 18 0.001
26 36 0.001
22 40 0.001
19 44 0.001
25 35 0.001
20 38 0.001
15 41 0.001
26 38 0.001
22 41 0.001
18 46 0.001
4 17 0.001
10 27 0.001
26 43 0.001
15 45 0.001
11 43 0.001
23 30 0.001
10 42 0.001
22 37 0.001
9 36 0.001
7 40 0.001
21 44 0.001
8 34 0.001
16 36 0.001
12 42 0.001
25 32 0.001
26 45 0.001
1 15 0.001
13 37 0.001
9 39 0.001
28 37 0.001
30 36 0.001
11 41 0.001
6 39 0.001
19 46 0.001
21 46 0.001
26 39 0.001
15 43 0.001
14 40 0.001
19 36 0.001
16 38 0.001
2 20 0.001
15 32 0.001
11 45 0.001
20 37 0.001
9 15 0.001
15 40 0.001
21 37 0.001
8 33 0.001
22 35 0.001
25 43 0.001
19 30 0.001
26 42 0.001
21 40 0.001
20 44 0.001
30 37 0.001
1 19 0.001
6 29 0.001
3 16 0.001
14 45 0.001
20 46 0.001
17 43 0.001
9 37 0.001
15 34 0.001
21 41 0.001
17 38 0.001
14 43 0.001
6 37 0.001
29 39 0.001
15 27 0.001
25 36 0.001
10 17 0.001
17 45 0.001
2 15 0.001
11 18 0.001
19 41 0.001
22 39 0.001
6 36 0.001
18 41 0.001
20 41 0.001
19 43 0.001
5 12 0.001
9 28 0.001
16 37 0.001
17 33 0.001
17 37 0.001
16 42 0.001
15 42 0.001
25 38 0.001
7 13 0.001
18 43 0.001
25 42 0.001
19 40 0.001
5 29 0.001
12 35 0.001
18 45 0.001
25 45 0.001
12 38 0.001
26 37 0.001
18 40 0.001
21 35 0.001
19 38 0.001
12 19 0.001
16 39 0.001
20 40 0.001
14 27 0.001
18 36 0.001
29 35 0.001
18 27 0.001
10 16 0.001
9 16 0.001
22 43 0.001
4 24 0.001
14 22 0.001
10 35 0.001
10 38 0.001
21 39 0.001
2 8 0.001
12 39 0.001
3 22 0.001
25 39 0.001
11 40 0.001
17 42 0.001
29 38 0.001
21 43 0.001
8 38 0.001
11 42 0.001
3 11 0.001
19 37 0.001
19 45 0.001
8 26 0.001
20 43 0.001
24 30 0.001
14 42 0.001
21 45 0.001
12 22 0.001
11 34 0.001
20 35 0.001
7 34 0.001
18 42 0.001
19 42 0.001
17 39 0.001
14 29 0.001
20 39 0.001
4 25 0.001
12 36 0.001
17 28 0.001
25 37 0.001
10 39 0.001
8 14 0.000
22 45 0.000
5 26 0.000
21 32 0.000
22 42 0.000
22 30 0.000
20 45 0.000
14 38 0.000
20 30 0.000
14 25 0.000
9 23 0.000
8 35 0.000
8 39 0.000
2 19 0.000
29 36 0.000
7 38 0.000
12 20 0.000
20 27 0.000
21 33 0.000
12 37 0.000
21 42 0.000
19 39 0.000
8 15 0.000
10 36 0.000
20 42 0.000
10 29 0.000
18 38 0.000
10 37 0.000
22 33 0.000
8 37 0.000
18 35 0.000
14 39 0.000
22 32 0.000
15 38 0.000
8 27 0.000
5 28 0.000
7 35 0.000
18 32 0.000
6 13 0.000
23 31 0.000
12 24 0.000
19 27 0.000
15 24 0.000
8 36 0.000
19 35 0.000
9 17 0.000
15 31 0.000
7 39 0.000
18 28 0.000
19 32 0.000
6 27 0.000
19 28 0.000
11 19 0.000
7 14 0.000
15 39 0.000
17 31 0.000
7 37 0.000
20 28 0.000
10 18 0.000
18 37 0.000
3 21 0.000
24 31 0.000
29 37 0.000
7 33 0.000
11 21 0.000
18 39 0.000
14 36 0.000
11 38 0.000
20 32 0.000
15 28 0.000
14 35 0.000
10 23 0.000
14 37 0.000
7 36 0.000
4 22 0.000
20 33 0.000
11 39 0.000
21 31 0.000
4 21 0.000
19 33 0.000
15 36 0.000
4 15 0.000
11 20 0.000
15 37 0.000
3 20 0.000
15 35 0.000
14 33 0.000
15 33 0.000
18 33 0.000
9 21 0.000
3 18 0.000
11 33 0.000
8 28 0.000
14 24 0.000
8 16 0.000
11 35 0.000
10 21 0.000
7 29 0.000
10 19 0.000
11 37 0.000
5 11 0.000
11 27 0.000
3 15 0.000
11 36 0.000
19 31 0.000
14 31 0.000
20 31 0.000
5 23 0.000
4 18 0.000
18 31 0.000
6 26 0.000
11 25 0.000
4 20 0.000
8 21 0.000
9 25 0.000
3 19 0.000
10 20 0.000
9 18 0.000
6 28 0.000
4 19 0.000
11 23 0.000
22 31 0.000
9 22 0.000
7 15 0.000
9 24 0.000
5 24 0.000
8 25 0.000
9 19 0.000
8 18 0.000
14 28 0.000
11 22 0.000
9 20 0.000
8 17 0.000
5 14 0.000
10 22 0.000
7 21 0.000
6 21 0.000
8 23 0.000
7 26 0.000
6 14 0.000
10 28 0.000
11 28 0.000
5 25 0.000
8 20 0.000
6 23 0.000
5 17 0.000
5 21 0.000
8 22 0.000
8 19 0.000
10 25 0.000
7 17 0.000
7 18 0.000
7 27 0.000
11 24 0.000
7 19 0.000
10 24 0.000
7 23 0.000
5 16 0.000
5 22 0.000
6 18 0.000
6 19 0.000
6 25 0.000
8 24 0.000
5 18 0.000
7 20 0.000
7 16 0.000
6 24 0.000
5 20 0.000
6 22 0.000
7 28 0.000
5 15 0.000
6 16 0.000
6 20 0.000
6 15 0.000
5 19 0.000
7 22 0.000
7 25 0.000
6 17 0.000
7 24 0.000