12	30	12_N	30_T	0.5022	4.835	1.000
5	31	5_P	31_G	0.2456	2.364	0.999
41	45	41_P	45_A	0.2039	1.963	0.993
5	30	5_P	30_T	0.1805	1.738	0.979
18	21	18_L	21_T	0.1632	1.571	0.955
14	17	14_N	17_R	0.1603	1.543	0.949
40	44	40_C	44_Y	0.1554	1.496	0.937
12	15	12_N	15_V	0.1462	1.408	0.908
27	34	27_A	34_I	0.1367	1.317	0.865
10	32	10_R	32_C	0.1355	1.304	0.857
15	42	15_V	42_G	0.1349	1.299	0.854
1	41	1_T	41_P	0.1335	1.285	0.846
6	46	6_S	46_N	0.1280	1.232	0.810
4	10	4_C	10_R	0.1213	1.167	0.759
11	17	11_S	17_R	0.1212	1.167	0.759
21	34	21_T	34_I	0.1156	1.113	0.709
40	43	40_C	43_D	0.1131	1.089	0.685
5	46	5_P	46_N	0.1126	1.084	0.680
25	44	25_I	44_Y	0.1120	1.078	0.674
4	40	4_C	40_C	0.1104	1.063	0.658
17	20	17_R	20_G	0.1073	1.033	0.625
17	31	17_R	31_G	0.1026	0.988	0.574
20	27	20_G	27_A	0.1006	0.969	0.552
2	7	2_T	7_I	0.0998	0.961	0.543
15	30	15_V	30_T	0.0952	0.916	0.489
7	46	7_I	46_N	0.0940	0.905	0.476
2	13	2_T	13_F	0.0932	0.897	0.467
32	41	32_C	41_P	0.0929	0.894	0.464
24	28	24_A	28_T	0.0924	0.889	0.458
19	25	19_P	25_I	0.0924	0.889	0.458
42	45	42_G	45_A	0.0919	0.884	0.452
7	23	7_I	23_E	0.0913	0.879	0.446
2	14	2_T	14_N	0.0899	0.866	0.431
42	46	42_G	46_N	0.0899	0.865	0.430
6	31	6_S	31_G	0.0896	0.863	0.427
9	18	9_A	18_L	0.0884	0.851	0.413
9	23	9_A	23_E	0.0848	0.816	0.374
27	33	27_A	33_I	0.0844	0.812	0.370
8	42	8_V	42_G	0.0838	0.807	0.364
37	43	37_G	43_D	0.0834	0.803	0.360
29	37	29_Y	37_G	0.0833	0.802	0.359
7	11	7_I	11_S	0.0833	0.802	0.359
7	12	7_I	12_N	0.0832	0.801	0.358
13	23	13_F	23_E	0.0827	0.796	0.352
5	43	5_P	43_D	0.0804	0.774	0.329
5	32	5_P	32_C	0.0796	0.766	0.320
6	9	6_S	9_A	0.0780	0.751	0.305
5	10	5_P	10_R	0.0770	0.741	0.295
25	38	25_I	38_A	0.0766	0.738	0.292
8	28	8_V	28_T	0.0765	0.736	0.290
28	42	28_T	42_G	0.0764	0.735	0.289
8	29	8_V	29_Y	0.0736	0.709	0.265
18	29	18_L	29_Y	0.0733	0.706	0.262
1	33	1_T	33_I	0.0728	0.701	0.257
5	12	5_P	12_N	0.0721	0.694	0.251
11	18	11_S	18_L	0.0713	0.686	0.244
13	42	13_F	42_G	0.0693	0.668	0.229
13	39	13_F	39_T	0.0681	0.656	0.219
14	28	14_N	28_T	0.0668	0.643	0.209
9	25	9_A	25_I	0.0666	0.642	0.208
1	32	1_T	32_C	0.0659	0.634	0.202
14	27	14_N	27_A	0.0646	0.622	0.193
29	45	29_Y	45_A	0.0644	0.620	0.191
1	14	1_T	14_N	0.0642	0.618	0.190
19	34	19_P	34_I	0.0641	0.617	0.189
11	14	11_S	14_N	0.0639	0.615	0.188
18	39	18_L	39_T	0.0635	0.611	0.185
15	19	15_V	19_P	0.0630	0.607	0.182
10	41	10_R	41_P	0.0625	0.602	0.178
