1 3 0 8  0.37824368476867676
1 4 0 8  0.4482601583003998
1 5 0 8  0.4422925114631653
1 6 0 8  0.06730856001377106
1 7 0 8  0.046085912734270096
1 8 0 8  0.005430255085229874
1 9 0 8  0.0055143567733466625
1 10 0 8  0.03955433517694473
1 11 0 8  0.0075548551976680756
1 12 0 8  0.005849420092999935
1 13 0 8  0.028562048450112343
1 14 0 8  0.041176483035087585
1 15 0 8  0.0063538821414113045
1 16 0 8  0.020731434226036072
1 17 0 8  0.01599079743027687
1 18 0 8  0.00470396364107728
1 19 0 8  0.0038189394399523735
1 20 0 8  0.003906656056642532
1 21 0 8  0.007871216163039207
1 22 0 8  0.013276815414428711
1 23 0 8  0.07363444566726685
1 24 0 8  0.06795360147953033
1 25 0 8  0.1208801120519638
1 26 0 8  0.07614946365356445
1 27 0 8  0.07724854350090027
1 28 0 8  0.018914178013801575
1 29 0 8  0.11209075152873993
1 30 0 8  0.08187136799097061
1 31 0 8  0.011267056688666344
1 32 0 8  0.015458554029464722
1 33 0 8  0.008024018257856369
1 34 0 8  0.012701647356152534
1 35 0 8  0.00940574612468481
1 36 0 8  0.005017442628741264
1 37 0 8  0.0044060563668608665
1 38 0 8  0.011230992153286934
1 39 0 8  0.031004343181848526
1 40 0 8  0.14725112915039062
1 41 0 8  0.20432330667972565
1 42 0 8  0.08614882826805115
1 43 0 8  0.03636905550956726
1 44 0 8  0.016060205176472664
1 45 0 8  0.011494223028421402
1 46 0 8  0.012222148478031158
2 4 0 8  0.5731770992279053
2 5 0 8  0.5911558866500854
2 6 0 8  0.5425996780395508
2 7 0 8  0.2743169069290161
2 8 0 8  0.0058425916358828545
2 9 0 8  0.022734399884939194
2 10 0 8  0.3663761019706726
2 11 0 8  0.051982659846544266
2 12 0 8  0.020352764055132866
2 13 0 8  0.2969473600387573
2 14 0 8  0.21904221177101135
2 15 0 8  0.01526449155062437
2 16 0 8  0.14594684541225433
2 17 0 8  0.04729396849870682
2 18 0 8  0.0059930868446826935
2 19 0 8  0.0038365735672414303
2 20 0 8  0.0038045020774006844
2 21 0 8  0.006806378718465567
2 22 0 8  0.016868244856595993
2 23 0 8  0.06276658922433853
2 24 0 8  0.04315575212240219
2 25 0 8  0.10992556065320969
2 26 0 8  0.13206510245800018
2 27 0 8  0.07704444974660873
2 28 0 8  0.01004688162356615
2 29 0 8  0.04137226939201355
2 30 0 8  0.10044491291046143
2 31 0 8  0.019410116598010063
2 32 0 8  0.04007992893457413
2 33 0 8  0.007368106860667467
2 34 0 8  0.010945400223135948
2 35 0 8  0.008101110346615314
2 36 0 8  0.0035087773576378822
2 37 0 8  0.002970654983073473
2 38 0 8  0.0036058123223483562
2 39 0 8  0.005681832320988178
2 40 0 8  0.040699489414691925
2 41 0 8  0.13438104093074799
2 42 0 8  0.04923024773597717
2 43 0 8  0.016599297523498535
2 44 0 8  0.017554787918925285
2 45 0 8  0.010952976532280445
2 46 0 8  0.011947198770940304
3 5 0 8  0.6068411469459534
3 6 0 8  0.5990739464759827
3 7 0 8  0.5777797698974609
3 8 0 8  0.004110879264771938
3 9 0 8  0.12098877131938934
3 10 0 8  0.2711506485939026
3 11 0 8  0.005804053507745266
3 12 0 8  0.07683772593736649
3 13 0 8  0.23892296850681305
3 14 0 8  0.03814678639173508
3 15 0 8  0.010680852457880974
3 16 0 8  0.10726143419742584
3 17 0 8  0.030397068709135056
3 18 0 8  0.0050608813762664795
3 19 0 8  0.0026889131404459476
3 20 0 8  0.0028552371077239513
3 21 0 8  0.0062208776362240314
3 22 0 8  0.003961428068578243
3 23 0 8  0.016708342358469963
3 24 0 8  0.010553614236414433
3 25 0 8  0.11258099973201752
3 26 0 8  0.29121237993240356
3 27 0 8  0.2730396091938019
3 28 0 8  0.012467685155570507
3 29 0 8  0.1519053727388382
3 30 0 8  0.5512992143630981
3 31 0 8  0.3703203797340393
3 32 0 8  0.7205260396003723
3 33 0 8  0.1461809128522873
3 34 0 8  0.0636797547340393
3 35 0 8  0.050890009850263596
3 36 0 8  0.004238953348249197
3 37 0 8  0.004127755761146545
3 38 0 8  0.008198992349207401
3 39 0 8  0.0286210086196661
3 40 0 8  0.3512696623802185
3 41 0 8  0.6742810606956482
3 42 0 8  0.11735505610704422
3 43 0 8  0.10667374730110168
3 44 0 8  0.3089967370033264
3 45 0 8  0.023312170058488846
3 46 0 8  0.042062871158123016
4 6 0 8  0.5890834927558899
4 7 0 8  0.6172975301742554
4 8 0 8  0.3182407021522522
4 9 0 8  0.6030123233795166
4 10 0 8  0.6965793967247009
4 11 0 8  0.016611559316515923
4 12 0 8  0.19284722208976746
4 13 0 8  0.7689919471740723
4 14 0 8  0.038036417216062546
4 15 0 8  0.010271933861076832
4 16 0 8  0.09151388704776764
4 17 0 8  0.008261322975158691
4 18 0 8  0.0029883270617574453
4 19 0 8  0.0022690678015351295
4 20 0 8  0.002168546197935939
4 21 0 8  0.0028871074318885803
4 22 0 8  0.0046279700472950935
4 23 0 8  0.007424964569509029
4 24 0 8  0.004182206466794014
4 25 0 8  0.006857062689960003
4 26 0 8  0.16479900479316711
4 27 0 8  0.189387246966362
4 28 0 8  0.007017628289759159
4 29 0 8  0.06285646557807922
4 30 0 8  0.7839754819869995
4 31 0 8  0.5107760429382324
4 32 0 8  0.801018238067627
4 33 0 8  0.03687848150730133
4 34 0 8  0.01603909581899643
4 35 0 8  0.011523617431521416
4 36 0 8  0.0027909954078495502
4 37 0 8  0.0028664697892963886
4 38 0 8  0.004221009090542793
4 39 0 8  0.0040776366367936134
4 40 0 8  0.05157450959086418
4 41 0 8  0.26158809661865234
4 42 0 8  0.018471170216798782
4 43 0 8  0.026452450081706047
4 44 0 8  0.34711331129074097
4 45 0 8  0.027484841644763947
4 46 0 8  0.048486318439245224
5 7 0 8  0.5877280831336975
5 8 0 8  0.595729410648346
5 9 0 8  0.7736837863922119
5 10 0 8  0.13685116171836853
5 11 0 8  0.0035744127817451954
5 12 0 8  0.00519654992967844
5 13 0 8  0.09276851266622543
5 14 0 8  0.002692154608666897
5 15 0 8  0.0023065987043082714
5 16 0 8  0.003838121658191085
5 17 0 8  0.002324250526726246
5 18 0 8  0.0023701146710664034
5 19 0 8  0.0020715047139674425
5 20 0 8  0.001951663289219141
5 21 0 8  0.0021333256736397743
5 22 0 8  0.0022916910238564014
5 23 0 8  0.002718172734603286
5 24 0 8  0.0022832010872662067
5 25 0 8  0.0025681690312922
5 26 0 8  0.009572183713316917
5 27 0 8  0.053938500583171844
5 28 0 8  0.005229638423770666
5 29 0 8  0.03501644730567932
5 30 0 8  0.7616511583328247
5 31 0 8  0.8231287002563477
5 32 0 8  0.5225345492362976
5 33 0 8  0.0581136979162693
5 34 0 8  0.025092849507927895
5 35 0 8  0.01862674206495285
5 36 0 8  0.003306465456262231
5 37 0 8  0.0031095719896256924
5 38 0 8  0.00352014834061265
5 39 0 8  0.004030906595289707
5 40 0 8  0.04242265224456787
5 41 0 8  0.13239650428295135
5 42 0 8  0.016159169375896454
5 43 0 8  0.047129254788160324
5 44 0 8  0.3648507595062256
5 45 0 8  0.1817719042301178
5 46 0 8  0.25844913721084595
6 8 0 8  0.6472295522689819
6 9 0 8  0.7976754307746887
6 10 0 8  0.4646955132484436
6 11 0 8  0.0032444261014461517
6 12 0 8  0.0033836704678833485
6 13 0 8  0.01677405647933483
6 14 0 8  0.0023643653839826584
6 15 0 8  0.002227125922217965
6 16 0 8  0.0026408308185636997
6 17 0 8  0.002089716261252761
6 18 0 8  0.0021463590674102306
6 19 0 8  0.0018463763408362865
6 20 0 8  0.0017955258954316378
6 21 0 8  0.001959117129445076
6 22 0 8  0.0020011579617857933
6 23 0 8  0.002098851138725877
6 24 0 8  0.002135934541001916
6 25 0 8  0.0022054463624954224
6 26 0 8  0.0033364456612616777
6 27 0 8  0.007419454399496317
6 28 0 8  0.0032619398552924395
6 29 0 8  0.020764240995049477
6 30 0 8  0.44778189063072205
6 31 0 8  0.4619442820549011
6 32 0 8  0.17484480142593384
6 33 0 8  0.008918866515159607
6 34 0 8  0.003697021631523967
6 35 0 8  0.0032218443229794502
6 36 0 8  0.002364323241636157
6 37 0 8  0.0022954135201871395
6 38 0 8  0.002565606264397502
6 39 0 8  0.002511165104806423
6 40 0 8  0.0038916422054171562
6 41 0 8  0.012686650268733501
6 42 0 8  0.005615013651549816
6 43 0 8  0.023767968639731407
6 44 0 8  0.06928834319114685
6 45 0 8  0.11450043320655823
6 46 0 8  0.1141308918595314
7 9 0 8  0.5319395661354065
7 10 0 8  0.37286365032196045
7 11 0 8  0.2261173129081726
7 12 0 8  0.003002699464559555
7 13 0 8  0.0024130078963935375
7 14 0 8  0.0020736735314130783
7 15 0 8  0.0022561694495379925
7 16 0 8  0.0021549640223383904
7 17 0 8  0.002128250664100051
7 18 0 8  0.0020493282936513424
7 19 0 8  0.00195024732965976
7 20 0 8  0.0019755661487579346
7 21 0 8  0.0022567857522517443
7 22 0 8  0.0021414286457002163
7 23 0 8  0.002741376869380474
7 24 0 8  0.0023471477907150984
7 25 0 8  0.002236468717455864
7 26 0 8  0.0022877268493175507
7 27 0 8  0.0029616965912282467
7 28 0 8  0.0027186397928744555
7 29 0 8  0.0037874337285757065
7 30 0 8  0.014754757285118103
7 31 0 8  0.013224699534475803
7 32 0 8  0.003946246579289436
7 33 0 8  0.0033381679095327854
7 34 0 8  0.0024285167455673218
7 35 0 8  0.0024603991769254208
7 36 0 8  0.002228222321718931
7 37 0 8  0.002232319675385952
7 38 0 8  0.002269984222948551
7 39 0 8  0.0021419632248580456
7 40 0 8  0.0024467790499329567
7 41 0 8  0.0031061917543411255
7 42 0 8  0.0029606553725898266
7 43 0 8  0.0035721701569855213
7 44 0 8  0.008660180494189262
7 45 0 8  0.025315631181001663
7 46 0 8  0.05582629144191742
8 10 0 8  0.3938143253326416
8 11 0 8  0.30205976963043213
8 12 0 8  0.2881271243095398
8 13 0 8  0.002744775963947177
8 14 0 8  0.0021070849616080523
8 15 0 8  0.0020781238563358784
8 16 0 8  0.0027552833780646324
8 17 0 8  0.0022308386396616697
8 18 0 8  0.002344339620321989
8 19 0 8  0.002193284220993519
8 20 0 8  0.002160312607884407
8 21 0 8  0.002341608516871929
8 22 0 8  0.0020257788710296154
8 23 0 8  0.002156974747776985
8 24 0 8  0.002151398453861475
8 25 0 8  0.0035266149789094925
8 26 0 8  0.0060005467385053635
8 27 0 8  0.005018214695155621
8 28 0 8  0.003716961480677128
8 29 0 8  0.44367772340774536
8 30 0 8  0.7853908538818359
8 31 0 8  0.2288425862789154
8 32 0 8  0.017215440049767494
8 33 0 8  0.003539718221873045
8 34 0 8  0.005076888017356396
8 35 0 8  0.003218043129891157
8 36 0 8  0.0024650937411934137
8 37 0 8  0.002099360106512904
8 38 0 8  0.002529882825911045
8 39 0 8  0.0020064963027834892
8 40 0 8  0.002540817717090249
8 41 0 8  0.0035744074266403913
8 42 0 8  0.002885550493374467
8 43 0 8  0.0026455409824848175
8 44 0 8  0.007849366404116154
8 45 0 8  0.009139930829405785
8 46 0 8  0.02294119819998741
9 11 0 8  0.4158884286880493
9 12 0 8  0.4494525194168091
9 13 0 8  0.6640719175338745
9 14 0 8  0.004822464659810066
9 15 0 8  0.0030931648798286915
9 16 0 8  0.008351300843060017
9 17 0 8  0.002828009892255068
9 18 0 8  0.002444270998239517
9 19 0 8  0.0018335679778829217
9 20 0 8  0.0018269863212481141
9 21 0 8  0.0021163830533623695
9 22 0 8  0.0018269128631800413
9 23 0 8  0.0029170243069529533
9 24 0 8  0.002078671706840396
9 25 0 8  0.015386269427835941
9 26 0 8  0.5403459072113037
9 27 0 8  0.2602219581604004
9 28 0 8  0.007515775039792061
9 29 0 8  0.5425405502319336
9 30 0 8  0.962368369102478
9 31 0 8  0.653968334197998
9 32 0 8  0.47293373942375183
9 33 0 8  0.01074681244790554
9 34 0 8  0.0043325163424015045
9 35 0 8  0.010206498205661774
9 36 0 8  0.0019952822476625443
9 37 0 8  0.0018564908532425761
9 38 0 8  0.0019486651290208101
9 39 0 8  0.001956945052370429
9 40 0 8  0.008681943640112877
9 41 0 8  0.16350385546684265
9 42 0 8  0.02545119822025299
9 43 0 8  0.0073965005576610565
9 44 0 8  0.11008674651384354
9 45 0 8  0.01976393535733223
9 46 0 8  0.05111272260546684
10 12 0 8  0.449724018573761
10 13 0 8  0.6936838626861572
10 14 0 8  0.6012731790542603
10 15 0 8  0.003854635637253523
10 16 0 8  0.02203463390469551
10 17 0 8  0.006719090975821018
10 18 0 8  0.0029020062647759914
10 19 0 8  0.002162893069908023
10 20 0 8  0.002254306338727474
10 21 0 8  0.0033132999669760466
10 22 0 8  0.002463175915181637
10 23 0 8  0.0069770533591508865
10 24 0 8  0.002367425709962845
10 25 0 8  0.0032759858295321465
10 26 0 8  0.014026084914803505
10 27 0 8  0.004431940149515867
10 28 0 8  0.002565930597484112
10 29 0 8  0.003270895918831229
10 30 0 8  0.02865695208311081
10 31 0 8  0.003544449806213379
10 32 0 8  0.010395709425210953
10 33 0 8  0.002536443993449211
10 34 0 8  0.002334363292902708
10 35 0 8  0.003419536165893078
10 36 0 8  0.0019950945861637592
10 37 0 8  0.0018757435027509928
10 38 0 8  0.0022040451876819134
10 39 0 8  0.00227826414629817
10 40 0 8  0.00873527117073536
10 41 0 8  0.0765288770198822
10 42 0 8  0.018293527886271477
10 43 0 8  0.013656585477292538
10 44 0 8  0.06184088811278343
10 45 0 8  0.02142636477947235
10 46 0 8  0.06398578733205795
11 13 0 8  0.4544919729232788
11 14 0 8  0.5240220427513123
11 15 0 8  0.45291656255722046
11 16 0 8  0.004890701733529568
11 17 0 8  0.0054350849241018295
11 18 0 8  0.008431032299995422
11 19 0 8  0.0026273862458765507
11 20 0 8  0.0024859574623405933
11 21 0 8  0.002971427049487829
11 22 0 8  0.002082651713863015
11 23 0 8  0.0027081675361841917
11 24 0 8  0.0021346593275666237
11 25 0 8  0.0024231343995779753
11 26 0 8  0.003793995827436447
11 27 0 8  0.0027442872524261475
11 28 0 8  0.0023610349744558334
11 29 0 8  0.05666441097855568
11 30 0 8  0.027062952518463135
11 31 0 8  0.001978103304281831
11 32 0 8  0.002916849683970213
11 33 0 8  0.0025396193377673626
11 34 0 8  0.002242614980787039
11 35 0 8  0.002727711107581854
11 36 0 8  0.00187704898416996
11 37 0 8  0.0019433146808296442
11 38 0 8  0.0019949818961322308
11 39 0 8  0.0018549032974988222
11 40 0 8  0.0022085835225880146
11 41 0 8  0.002852404024451971
11 42 0 8  0.002304074354469776
11 43 0 8  0.0021968595683574677
11 44 0 8  0.003841062542051077
11 45 0 8  0.0030530872754752636
11 46 0 8  0.007823114283382893
12 14 0 8  0.5058926343917847
12 15 0 8  0.6609014272689819
12 16 0 8  0.7008346319198608
12 17 0 8  0.03069010190665722
12 18 0 8  0.08763515204191208
12 19 0 8  0.004812771920114756
12 20 0 8  0.0031839911825954914
12 21 0 8  0.041012994945049286
12 22 0 8  0.00471961684525013
12 23 0 8  0.007370128761976957
12 24 0 8  0.0030324652325361967
12 25 0 8  0.4230550527572632
12 26 0 8  0.8985799551010132
12 27 0 8  0.06541906297206879
12 28 0 8  0.007856842130422592
12 29 0 8  0.856069803237915
12 30 0 8  0.956558108329773
12 31 0 8  0.005211285315454006
12 32 0 8  0.0280276108533144
12 33 0 8  0.003330796491354704
12 34 0 8  0.002725719241425395
12 35 0 8  0.004020223394036293
12 36 0 8  0.002060621976852417
12 37 0 8  0.00191980239469558
12 38 0 8  0.002055957680568099
12 39 0 8  0.0019213552586734295
12 40 0 8  0.005206806119531393
12 41 0 8  0.01474247220903635
12 42 0 8  0.00329637061804533
12 43 0 8  0.0027570491656661034
12 44 0 8  0.00800196174532175
12 45 0 8  0.00395447202026844
12 46 0 8  0.012399617582559586
13 15 0 8  0.5590782165527344
13 16 0 8  0.8322688937187195
13 17 0 8  0.7712376117706299
13 18 0 8  0.046758782118558884
13 19 0 8  0.005114253144711256
13 20 0 8  0.0037997018080204725
13 21 0 8  0.05177751183509827
13 22 0 8  0.019428353756666183
13 23 0 8  0.12441067397594452
13 24 0 8  0.008553109131753445
13 25 0 8  0.18265284597873688
13 26 0 8  0.7774827480316162
13 27 0 8  0.05695609748363495
13 28 0 8  0.002336604055017233
13 29 0 8  0.04766432195901871
13 30 0 8  0.17205530405044556
13 31 0 8  0.0030645527876913548
13 32 0 8  0.03511904180049896
13 33 0 8  0.0028992262668907642
13 34 0 8  0.003050867933779955
13 35 0 8  0.16050462424755096
13 36 0 8  0.0036023608408868313
13 37 0 8  0.002494043204933405
13 38 0 8  0.0024107592180371284
13 39 0 8  0.005059624556452036
13 40 0 8  0.07390691339969635
13 41 0 8  0.1836473047733307
13 42 0 8  0.02017069049179554
13 43 0 8  0.004723920486867428
13 44 0 8  0.057540763169527054
13 45 0 8  0.012160120531916618
13 46 0 8  0.01773178204894066
14 16 0 8  0.5993212461471558
14 17 0 8  0.8034847378730774
14 18 0 8  0.7826717495918274
14 19 0 8  0.018720313906669617
14 20 0 8  0.009709692560136318
14 21 0 8  0.041463226079940796
14 22 0 8  0.010018417611718178
14 23 0 8  0.018935250118374825
14 24 0 8  0.0032639880664646626
14 25 0 8  0.0035051177255809307
14 26 0 8  0.011920199729502201
14 27 0 8  0.00256868964061141
14 28 0 8  0.0020373184233903885
14 29 0 8  0.0024354252964258194
14 30 0 8  0.0027424339205026627
14 31 0 8  0.0018973152618855238
14 32 0 8  0.0036354134790599346
14 33 0 8  0.00210401089861989
14 34 0 8  0.002065164502710104
14 35 0 8  0.003419246757403016
14 36 0 8  0.0018366146832704544
14 37 0 8  0.002386901993304491
14 38 0 8  0.0023322985507547855
14 39 0 8  0.002216951223090291
14 40 0 8  0.005067222751677036
14 41 0 8  0.027641847729682922
14 42 0 8  0.00398083683103323
14 43 0 8  0.00216689333319664
14 44 0 8  0.007552693597972393
14 45 0 8  0.0038517212960869074
14 46 0 8  0.007549813482910395
15 17 0 8  0.6652506589889526
15 18 0 8  0.9480628967285156
15 19 0 8  0.9151903390884399
15 20 0 8  0.0728236585855484
15 21 0 8  0.28336456418037415
15 22 0 8  0.02084478922188282
15 23 0 8  0.019381573423743248
15 24 0 8  0.004080550745129585
15 25 0 8  0.07261549681425095
15 26 0 8  0.32125139236450195
15 27 0 8  0.002049057511612773
15 28 0 8  0.002008575014770031
15 29 0 8  0.045101962983608246
15 30 0 8  0.013019507750868797
15 31 0 8  0.0018827591557055712
15 32 0 8  0.005030745640397072
15 33 0 8  0.002194192260503769
15 34 0 8  0.003040572162717581
15 35 0 8  0.0091403778642416
15 36 0 8  0.0025053988210856915
15 37 0 8  0.0030800937674939632
15 38 0 8  0.002971059875562787
15 39 0 8  0.002973476191982627
15 40 0 8  0.014868407510221004
15 41 0 8  0.014186147600412369
15 42 0 8  0.006807314231991768
15 43 0 8  0.002566003007814288
15 44 0 8  0.008177662268280983
15 45 0 8  0.0030433847568929195
15 46 0 8  0.004531160928308964
16 18 0 8  0.6657922267913818
16 19 0 8  0.8278981447219849
16 20 0 8  0.8124302625656128
16 21 0 8  0.7455027103424072
16 22 0 8  0.3219047784805298
16 23 0 8  0.24016550183296204
16 24 0 8  0.007785232271999121
16 25 0 8  0.6563444137573242
16 26 0 8  0.940010666847229
16 27 0 8  0.010342132300138474
16 28 0 8  0.0029358863830566406
16 29 0 8  0.16395285725593567
16 30 0 8  0.07688502967357635
16 31 0 8  0.003109963610768318
16 32 0 8  0.14328698813915253
16 33 0 8  0.02288675680756569
16 34 0 8  0.01778876781463623
16 35 0 8  0.036752019077539444
16 36 0 8  0.0036301666405051947
16 37 0 8  0.0034225820563733578
16 38 0 8  0.0034100906923413277
16 39 0 8  0.006631658412516117
16 40 0 8  0.038037627935409546
16 41 0 8  0.03985818102955818
16 42 0 8  0.0061507620848715305
16 43 0 8  0.002790887141600251
16 44 0 8  0.010552281513810158
16 45 0 8  0.004009358584880829
16 46 0 8  0.009599361568689346
17 19 0 8  0.7507994174957275
17 20 0 8  0.91724693775177
17 21 0 8  0.9523981809616089
17 22 0 8  0.060207825154066086
17 23 0 8  0.02935144118964672
17 24 0 8  0.0035664658062160015
17 25 0 8  0.005176975391805172
17 26 0 8  0.11187956482172012
17 27 0 8  0.002189589897170663
17 28 0 8  0.0018927608616650105
17 29 0 8  0.0030250833369791508
17 30 0 8  0.0024013419169932604
17 31 0 8  0.0016197834629565477
17 32 0 8  0.0062446873635053635
17 33 0 8  0.002033747499808669
17 34 0 8  0.009066475555300713
17 35 0 8  0.054683901369571686
17 36 0 8  0.008453798480331898
17 37 0 8  0.01510799489915371
17 38 0 8  0.00693256501108408
17 39 0 8  0.02743498608469963
17 40 0 8  0.058624036610126495
17 41 0 8  0.08395180106163025
17 42 0 8  0.009988365694880486
17 43 0 8  0.0025018102023750544
17 44 0 8  0.009274990297853947
17 45 0 8  0.005072362720966339
17 46 0 8  0.012372583150863647
18 20 0 8  0.7919696569442749
18 21 0 8  0.9621875286102295
18 22 0 8  0.6819010972976685
18 23 0 8  0.021746091544628143
18 24 0 8  0.0030090059153735638
18 25 0 8  0.008484035730361938
18 26 0 8  0.032081276178359985
18 27 0 8  0.002313924254849553
18 28 0 8  0.002072662813588977
18 29 0 8  0.012082460336387157
18 30 0 8  0.0038871108554303646
18 31 0 8  0.0018904594471678138
18 32 0 8  0.00823832768946886
18 33 0 8  0.0023191734217107296
18 34 0 8  0.020488999783992767
18 35 0 8  0.013688801787793636
18 36 0 8  0.005601928569376469
18 37 0 8  0.00574234826490283
18 38 0 8  0.005338462069630623
18 39 0 8  0.019576651975512505
18 40 0 8  0.015589490532875061
18 41 0 8  0.014817606657743454
18 42 0 8  0.0036644546780735254
18 43 0 8  0.002294376026839018
18 44 0 8  0.005508137866854668
18 45 0 8  0.0033879964612424374
18 46 0 8  0.004764333367347717
19 21 0 8  0.7754199504852295
19 22 0 8  0.9040166139602661
19 23 0 8  0.6944527626037598
19 24 0 8  0.0033652414567768574
19 25 0 8  0.020720236003398895
19 26 0 8  0.01650593802332878
19 27 0 8  0.002225890988484025
19 28 0 8  0.002335323952138424
19 29 0 8  0.010708732530474663
19 30 0 8  0.00250445120036602
19 31 0 8  0.0021406260784715414
19 32 0 8  0.003871120512485504
19 33 0 8  0.0020884699188172817
19 34 0 8  0.023661740124225616
19 35 0 8  0.006889504846185446
19 36 0 8  0.011582449078559875
19 37 0 8  0.007140598259866238
19 38 0 8  0.00510899955406785
19 39 0 8  0.011429416947066784
19 40 0 8  0.0057225157506763935
19 41 0 8  0.005888909567147493
19 42 0 8  0.0029545919969677925
19 43 0 8  0.0020378385670483112
19 44 0 8  0.0033615133725106716
19 45 0 8  0.0025911089032888412
19 46 0 8  0.0028493856079876423
20 22 0 8  0.6494406461715698
20 23 0 8  0.69023597240448
20 24 0 8  0.3511134386062622
20 25 0 8  0.007751808036118746
20 26 0 8  0.004026275128126144
20 27 0 8  0.0017219088040292263
20 28 0 8  0.0018362083937972784
20 29 0 8  0.0025627254508435726
20 30 0 8  0.00154687010217458
20 31 0 8  0.0016534851165488362
20 32 0 8  0.0024735634215176105
20 33 0 8  0.0015909017529338598
20 34 0 8  0.008808291517198086
20 35 0 8  0.0023860009387135506
20 36 0 8  0.009254341945052147
20 37 0 8  0.008011633530259132
20 38 0 8  0.005555012263357639
20 39 0 8  0.013059398159384727
20 40 0 8  0.00736951781436801
20 41 0 8  0.010246344842016697
20 42 0 8  0.0034699728712439537
20 43 0 8  0.0021764962002635
20 44 0 8  0.003264091908931732
20 45 0 8  0.002724769990891218
20 46 0 8  0.0028862832114100456
21 23 0 8  0.6600252985954285
21 24 0 8  0.6333942413330078
21 25 0 8  0.7627018690109253
21 26 0 8  0.28104352951049805
21 27 0 8  0.002360551618039608
21 28 0 8  0.0024486477486789227
21 29 0 8  0.03469018638134003
21 30 0 8  0.002509494312107563
21 31 0 8  0.0021630676928907633
21 32 0 8  0.004890594631433487
21 33 0 8  0.002106820233166218
21 34 0 8  0.05099966749548912
21 35 0 8  0.003726536175236106
21 36 0 8  0.016835622489452362
21 37 0 8  0.007890067994594574
21 38 0 8  0.0041229757480323315
21 39 0 8  0.008344434201717377
21 40 0 8  0.00870552472770214
21 41 0 8  0.005766442511230707
21 42 0 8  0.0027723186649382114
21 43 0 8  0.0021448777988553047
21 44 0 8  0.0028088788967579603
21 45 0 8  0.0024598788004368544
21 46 0 8  0.0034345658496022224
22 24 0 8  0.5834813714027405
22 25 0 8  0.6539782881736755
22 26 0 8  0.5202232599258423
22 27 0 8  0.002338842023164034
22 28 0 8  0.0018764317501336336
22 29 0 8  0.003971745725721121
22 30 0 8  0.0018767861183732748
22 31 0 8  0.001852334593422711
22 32 0 8  0.0022456850856542587
22 33 0 8  0.001668405020609498
22 34 0 8  0.01959230564534664
22 35 0 8  0.005038524977862835
22 36 0 8  0.008613595739006996
22 37 0 8  0.004007919691503048
22 38 0 8  0.0029126168228685856
22 39 0 8  0.003970008809119463
22 40 0 8  0.00363036897033453
22 41 0 8  0.004053458105772734
22 42 0 8  0.002513563260436058
22 43 0 8  0.002125081606209278
22 44 0 8  0.00337497191503644
22 45 0 8  0.0027890740893781185
22 46 0 8  0.002888111863285303
23 25 0 8  0.5190950632095337
23 26 0 8  0.5961321592330933
23 27 0 8  0.3567521572113037
23 28 0 8  0.002821079222485423
23 29 0 8  0.02593846432864666
23 30 0 8  0.0028346972540020943
23 31 0 8  0.002226301934570074
23 32 0 8  0.008253023028373718
23 33 0 8  0.010658550076186657
23 34 0 8  0.9291249513626099
23 35 0 8  0.5197029113769531
23 36 0 8  0.40279465913772583
23 37 0 8  0.03755209594964981
23 38 0 8  0.021899227052927017
23 39 0 8  0.029988277703523636
23 40 0 8  0.026982594281435013
23 41 0 8  0.01611875183880329
23 42 0 8  0.0043914541602134705
23 43 0 8  0.0027837392408400774
23 44 0 8  0.005418681539595127
23 45 0 8  0.003183685941621661
23 46 0 8  0.0040025911293923855
24 26 0 8  0.3148028254508972
24 27 0 8  0.515352725982666
24 28 0 8  0.5504164695739746
24 29 0 8  0.004563360940665007
24 30 0 8  0.0018202567007392645
24 31 0 8  0.001980012748390436
24 32 0 8  0.005897108465433121
24 33 0 8  0.004316237755119801
24 34 0 8  0.5434185266494751
24 35 0 8  0.011721242219209671
24 36 0 8  0.012067289091646671
24 37 0 8  0.00464362557977438
24 38 0 8  0.0028075885493308306
24 39 0 8  0.0031603402458131313
24 40 0 8  0.005213627591729164
24 41 0 8  0.00505413580685854
24 42 0 8  0.0025181446690112352
24 43 0 8  0.0021998430602252483
24 44 0 8  0.0029866741970181465
24 45 0 8  0.002364339306950569
24 46 0 8  0.0028994339518249035
25 27 0 8  0.5095133185386658
25 28 0 8  0.5952773690223694
25 29 0 8  0.6717520952224731
25 30 0 8  0.03899293765425682
25 31 0 8  0.002186104655265808
25 32 0 8  0.00348185864277184
25 33 0 8  0.002646083477884531
25 34 0 8  0.006798780523240566
25 35 0 8  0.0032358518801629543
25 36 0 8  0.0026115793734788895
25 37 0 8  0.0022202134132385254
25 38 0 8  0.0020909765735268593
25 39 0 8  0.0022784345783293247
25 40 0 8  0.0030937171541154385
25 41 0 8  0.0028859241865575314
25 42 0 8  0.0024515115655958652
25 43 0 8  0.002244237344712019
25 44 0 8  0.0037115749437361956
25 45 0 8  0.002744619734585285
25 46 0 8  0.0034519124310463667
26 28 0 8  0.5807639360427856
26 29 0 8  0.6143029928207397
26 30 0 8  0.7063273787498474
26 31 0 8  0.03451138734817505
26 32 0 8  0.8553327322006226
26 33 0 8  0.012566874735057354
26 34 0 8  0.5095542073249817
26 35 0 8  0.0705643966794014
26 36 0 8  0.002817384200170636
26 37 0 8  0.002381380181759596
26 38 0 8  0.002823770046234131
26 39 0 8  0.004242042079567909
26 40 0 8  0.019744548946619034
26 41 0 8  0.010399183258414268
26 42 0 8  0.005867287050932646
26 43 0 8  0.0032556746155023575
26 44 0 8  0.006553745828568935
26 45 0 8  0.0031439433805644512
26 46 0 8  0.003056145738810301
27 29 0 8  0.5903351902961731
27 30 0 8  0.7751954793930054
27 31 0 8  0.9263918399810791
27 32 0 8  0.969734787940979
27 33 0 8  0.9337427616119385
27 34 0 8  0.961743950843811
27 35 0 8  0.28653955459594727
27 36 0 8  0.0051516322419047356
27 37 0 8  0.0031380695290863514
27 38 0 8  0.003580390941351652
27 39 0 8  0.0034701479598879814
27 40 0 8  0.011014755815267563
27 41 0 8  0.010913033038377762
27 42 0 8  0.004097197204828262
27 43 0 8  0.002861261134967208
27 44 0 8  0.011999448761343956
27 45 0 8  0.005096388980746269
27 46 0 8  0.006280387751758099
28 30 0 8  0.6473854780197144
28 31 0 8  0.857679545879364
28 32 0 8  0.9608339071273804
28 33 0 8  0.05170752480626106
28 34 0 8  0.0099604157730937
28 35 0 8  0.0021740500815212727
28 36 0 8  0.001669921213760972
28 37 0 8  0.0016675195656716824
28 38 0 8  0.001729813520796597
28 39 0 8  0.0017729571554809809
28 40 0 8  0.002504434436559677
28 41 0 8  0.0026165538001805544
28 42 0 8  0.0032100544776767492
28 43 0 8  0.0025203085970133543
28 44 0 8  0.004381891340017319
28 45 0 8  0.0035568708553910255
28 46 0 8  0.004049781709909439
29 31 0 8  0.8436245918273926
29 32 0 8  0.9721463918685913
29 33 0 8  0.7421090602874756
29 34 0 8  0.0024593290872871876
29 35 0 8  0.0019683334976434708
29 36 0 8  0.0017418613424524665
29 37 0 8  0.0018099851440638304
29 38 0 8  0.001898215850815177
29 39 0 8  0.001826136838644743
29 40 0 8  0.00319098262116313
29 41 0 8  0.0035596108064055443
29 42 0 8  0.005701051093637943
29 43 0 8  0.003839723765850067
29 44 0 8  0.009054236114025116
29 45 0 8  0.005588852800428867
29 46 0 8  0.004627235233783722
30 32 0 8  0.912661612033844
30 33 0 8  0.8555866479873657
30 34 0 8  0.7969163656234741
30 35 0 8  0.0022637550719082355
30 36 0 8  0.0019514603773131967
30 37 0 8  0.0017741445917636156
30 38 0 8  0.001912505947984755
30 39 0 8  0.002115680603310466
30 40 0 8  0.009227801114320755
30 41 0 8  0.012056855484843254
30 42 0 8  0.011619724333286285
30 43 0 8  0.0067189279943704605
30 44 0 8  0.02464473620057106
30 45 0 8  0.008068998344242573
30 46 0 8  0.007124715484678745
31 33 0 8  0.5736376047134399
31 34 0 8  0.5150004625320435
31 35 0 8  0.5123705863952637
31 36 0 8  0.001709079835563898
31 37 0 8  0.001777381869032979
31 38 0 8  0.0017066854052245617
31 39 0 8  0.0023174635134637356
31 40 0 8  0.008525483310222626
31 41 0 8  0.014134280383586884
31 42 0 8  0.02719326876103878
31 43 0 8  0.03185255080461502
31 44 0 8  0.08151163160800934
31 45 0 8  0.021997448056936264
31 46 0 8  0.019825953990221024
32 34 0 8  0.5950480699539185
32 35 0 8  0.5733461380004883
32 36 0 8  0.5273891687393188
32 37 0 8  0.002393275499343872
32 38 0 8  0.002889310009777546
32 39 0 8  0.007839793339371681
32 40 0 8  0.17278170585632324
32 41 0 8  0.14847856760025024
32 42 0 8  0.06859844923019409
32 43 0 8  0.0409657284617424
32 44 0 8  0.12049169093370438
32 45 0 8  0.01822410710155964
32 46 0 8  0.011082387529313564
33 35 0 8  0.5921905040740967
33 36 0 8  0.583341658115387
33 37 0 8  0.5742347836494446
33 38 0 8  0.006429783534258604
33 39 0 8  0.01803281158208847
33 40 0 8  0.1911906898021698
33 41 0 8  0.2096722275018692
33 42 0 8  0.06221450865268707
33 43 0 8  0.05176263675093651
33 44 0 8  0.11852209270000458
33 45 0 8  0.025663234293460846
33 46 0 8  0.029809249565005302
34 36 0 8  0.5940404534339905
34 37 0 8  0.5917956829071045
34 38 0 8  0.7642526626586914
34 39 0 8  0.09934763610363007
34 40 0 8  0.2044745236635208
34 41 0 8  0.1350545436143875
34 42 0 8  0.01918233186006546
34 43 0 8  0.010527337901294231
34 44 0 8  0.04050690680742264
34 45 0 8  0.00930419098585844
34 46 0 8  0.01906571537256241
35 37 0 8  0.5950055122375488
35 38 0 8  0.5950025320053101
35 39 0 8  0.6051575541496277
35 40 0 8  0.24995319545269012
35 41 0 8  0.21918664872646332
35 42 0 8  0.024840235710144043
35 43 0 8  0.008068284019827843
35 44 0 8  0.03946216404438019
35 45 0 8  0.012341851368546486
35 46 0 8  0.016974981874227524
36 38 0 8  0.5952682495117188
36 39 0 8  0.5955638885498047
36 40 0 8  0.5406871438026428
36 41 0 8  0.014733253978192806
36 42 0 8  0.0042441366240382195
36 43 0 8  0.0032277691643685102
36 44 0 8  0.005809962749481201
36 45 0 8  0.007806654088199139
36 46 0 8  0.020284809172153473
37 39 0 8  0.5953146815299988
37 40 0 8  0.5950525999069214
37 41 0 8  0.501754105091095
37 42 0 8  0.004682551603764296
37 43 0 8  0.0029681180603802204
37 44 0 8  0.004607216455042362
37 45 0 8  0.0256574098020792
37 46 0 8  0.07413969933986664
38 40 0 8  0.5945221185684204
38 41 0 8  0.5963242650032043
38 42 0 8  0.5717000365257263
38 43 0 8  0.003611199324950576
38 44 0 8  0.007439672481268644
38 45 0 8  0.03800217807292938
38 46 0 8  0.15214453637599945
39 41 0 8  0.5944733619689941
39 42 0 8  0.595031201839447
39 43 0 8  0.5581362247467041
39 44 0 8  0.059004753828048706
39 45 0 8  0.14208564162254333
39 46 0 8  0.233387291431427
40 42 0 8  0.5876182317733765
40 43 0 8  0.6043247580528259
40 44 0 8  0.9283146858215332
40 45 0 8  0.762067437171936
40 46 0 8  0.7269189357757568
41 43 0 8  0.6105557084083557
41 44 0 8  0.907202959060669
41 45 0 8  0.9331392049789429
41 46 0 8  0.3974231481552124
42 44 0 8  0.8677322268486023
42 45 0 8  0.863369882106781
42 46 0 8  0.5017027854919434
43 45 0 8  0.78211909532547
43 46 0 8  0.4338788390159607
44 46 0 8  0.2806101441383362
