9	12	0	8	0.99946
6	9	0	8	0.99833
7	10	0	8	0.99818
8	11	0	8	0.99687
10	13	0	8	0.99686
12	15	0	8	0.99258
16	26	0	8	0.99198
27	30	0	8	0.99193
8	12	0	8	0.99108
23	26	0	8	0.99082
9	13	0	8	0.99032
4	9	0	8	0.98818
7	11	0	8	0.98478
6	10	0	8	0.98436
14	17	0	8	0.98338
26	30	0	8	0.97991
12	30	0	8	0.97986
13	16	0	8	0.97965
26	29	0	8	0.97912
27	32	0	8	0.97888
11	14	0	8	0.97853
24	27	0	8	0.97442
4	10	0	8	0.97341
23	27	0	8	0.96869
9	30	0	8	0.95670
25	28	0	8	0.95648
4	13	0	8	0.94938
22	25	0	8	0.94788
41	44	0	8	0.94507
22	26	0	8	0.93949
21	25	0	8	0.93687
13	30	0	8	0.93295
27	31	0	8	0.93271
5	9	0	8	0.92647
10	14	0	8	0.90964
11	15	0	8	0.90455
24	28	0	8	0.90235
21	26	0	8	0.90022
12	16	0	8	0.89477
26	32	0	8	0.88464
9	31	0	8	0.87550
13	26	0	8	0.87461
15	18	0	8	0.87182
12	29	0	8	0.87089
25	29	0	8	0.85935
28	31	0	8	0.85898
40	44	0	8	0.81570
4	32	0	8	0.81474
12	26	0	8	0.80841
16	21	0	8	0.80718
27	34	0	8	0.80547
3	32	0	8	0.79660
27	33	0	8	0.78613
23	34	0	8	0.78192
13	32	0	8	0.77434
16	30	0	8	0.76426
13	17	0	8	0.75555
3	33	0	8	0.74243
4	31	0	8	0.71751
16	25	0	8	0.69247
14	18	0	8	0.69139
5	31	0	8	0.66427
16	29	0	8	0.65512
4	30	0	8	0.63425
16	19	0	8	0.62813
3	34	0	8	0.61248
3	40	0	8	0.60149
9	32	0	8	0.59776
15	26	0	8	0.58558
2	34	0	8	0.58490
3	35	0	8	0.57650
35	40	0	8	0.57508
4	12	0	8	0.52534
2	35	0	8	0.51976
35	39	0	8	0.51793
18	21	0	8	0.51027
16	23	0	8	0.50149
15	19	0	8	0.49532
2	13	0	8	0.49140
13	27	0	8	0.49013
16	27	0	8	0.48693
2	33	0	8	0.48542
2	10	0	8	0.48390
40	45	0	8	0.48038
15	29	0	8	0.45874
2	32	0	8	0.45060
1	35	0	8	0.44698
17	26	0	8	0.44079
17	21	0	8	0.43960
1	34	0	8	0.43902
4	7	0	8	0.42862
35	38	0	8	0.42430
4	33	0	8	0.42400
8	30	0	8	0.41227
42	45	0	8	0.39439
16	20	0	8	0.39409
10	30	0	8	0.39248
15	21	0	8	0.38678
3	44	0	8	0.38089
33	41	0	8	0.37942
33	40	0	8	0.37917
16	22	0	8	0.37329
3	41	0	8	0.37276
5	32	0	8	0.36835
32	40	0	8	0.36587
3	13	0	8	0.34350
24	34	0	8	0.32974
26	34	0	8	0.30773
1	33	0	8	0.29904
35	41	0	8	0.29577
33	44	0	8	0.29438
3	27	0	8	0.29180
17	20	0	8	0.27996
36	39	0	8	0.27893
3	10	0	8	0.27891
26	31	0	8	0.26702
5	44	0	8	0.26645
16	32	0	8	0.25798
32	41	0	8	0.25732
41	45	0	8	0.25696
21	29	0	8	0.25281
3	39	0	8	0.25107
9	29	0	8	0.25000
15	30	0	8	0.24662
5	30	0	8	0.23545
1	36	0	8	0.23544
28	32	0	8	0.23465
12	27	0	8	0.22927
3	31	0	8	0.22822
43	46	0	8	0.22317
12	32	0	8	0.21706
1	39	0	8	0.20956
1	37	0	8	0.20496
1	38	0	8	0.20386
12	31	0	8	0.20378
4	27	0	8	0.19784
3	9	0	8	0.19717
34	40	0	8	0.19694
10	32	0	8	0.19593
17	23	0	8	0.19541
6	31	0	8	0.19252
12	25	0	8	0.18659
1	41	0	8	0.18324
40	46	0	8	0.18190
5	33	0	8	0.18150
1	40	0	8	0.17899
4	40	0	8	0.17820
2	40	0	8	0.17795
2	27	0	8	0.17733
6	30	0	8	0.17605
2	5	0	8	0.17500
18	26	0	8	0.17243
37	40	0	8	0.16981
34	41	0	8	0.16683
13	29	0	8	0.16666
2	23	0	8	0.16505
16	34	0	8	0.16489
32	44	0	8	0.16430
5	40	0	8	0.16378
5	41	0	8	0.16237
2	41	0	8	0.16008
13	23	0	8	0.15788
8	29	0	8	0.15695
40	43	0	8	0.15654
5	10	0	8	0.15002
2	36	0	8	0.14806
8	31	0	8	0.14571
3	45	0	8	0.14558
15	25	0	8	0.14409
34	37	0	8	0.14189
27	40	0	8	0.14111
3	38	0	8	0.14006
13	34	0	8	0.13302
3	30	0	8	0.13228
19	26	0	8	0.13034
5	45	0	8	0.12975
23	32	0	8	0.12890
34	38	0	8	0.12693
1	32	0	8	0.12583
33	39	0	8	0.12387
2	38	0	8	0.12209
2	14	0	8	0.12171
13	31	0	8	0.11955
4	44	0	8	0.11824
31	41	0	8	0.11679
36	40	0	8	0.11188
2	39	0	8	0.11143
6	44	0	8	0.11012
2	37	0	8	0.11011
4	34	0	8	0.10767
30	40	0	8	0.10487
33	38	0	8	0.10394
5	46	0	8	0.10364
23	35	0	8	0.10291
2	9	0	8	0.10222
42	46	0	8	0.10168
31	40	0	8	0.10156
35	44	0	8	0.10120
9	26	0	8	0.10088
4	41	0	8	0.10004
3	37	0	8	0.09915
33	45	0	8	0.09899
2	31	0	8	0.09856
15	20	0	8	0.09817
5	42	0	8	0.09749
32	35	0	8	0.09642
1	23	0	8	0.09642
3	23	0	8	0.09626
6	32	0	8	0.09616
5	43	0	8	0.09162
1	4	0	8	0.09097
23	36	0	8	0.08943
9	27	0	8	0.08772
31	44	0	8	0.08768
20	26	0	8	0.08713
9	33	0	8	0.08638
17	22	0	8	0.08226
23	33	0	8	0.08211
26	40	0	8	0.08098
34	39	0	8	0.08097
11	30	0	8	0.08081
10	40	0	8	0.07989
30	41	0	8	0.07901
1	13	0	8	0.07871
1	44	0	8	0.07828
3	36	0	8	0.07697
2	30	0	8	0.07674
39	42	0	8	0.07614
1	45	0	8	0.07479
6	46	0	8	0.07469
3	46	0	8	0.07459
2	7	0	8	0.07418
3	26	0	8	0.07371
4	35	0	8	0.07360
27	41	0	8	0.07263
1	10	0	8	0.07230
33	43	0	8	0.07134
34	44	0	8	0.07101
17	34	0	8	0.07097
23	38	0	8	0.06941
26	33	0	8	0.06854
27	35	0	8	0.06839
2	44	0	8	0.06699
14	26	0	8	0.06616
3	42	0	8	0.06597
2	17	0	8	0.06581
30	33	0	8	0.06525
2	26	0	8	0.06421
3	43	0	8	0.06391
18	25	0	8	0.06328
33	46	0	8	0.06324
4	8	0	8	0.06318
4	26	0	8	0.06314
7	46	0	8	0.06270
18	23	0	8	0.06111
28	40	0	8	0.05998
6	45	0	8	0.05938
37	41	0	8	0.05876
36	41	0	8	0.05732
20	23	0	8	0.05706
15	23	0	8	0.05665
33	42	0	8	0.05660
19	25	0	8	0.05624
16	35	0	8	0.05609
31	42	0	8	0.05593
11	29	0	8	0.05586
22	34	0	8	0.05572
20	25	0	8	0.05513
13	35	0	8	0.05476
5	8	0	8	0.05437
33	37	0	8	0.05434
39	45	0	8	0.05174
6	33	0	8	0.05143
21	24	0	8	0.05035
10	44	0	8	0.05008
1	27	0	8	0.04980
32	42	0	8	0.04950
23	37	0	8	0.04933
35	45	0	8	0.04933
21	34	0	8	0.04871
38	41	0	8	0.04866
30	44	0	8	0.04769
1	42	0	8	0.04620
27	44	0	8	0.04608
1	5	0	8	0.04557
17	35	0	8	0.04529
32	39	0	8	0.04511
14	19	0	8	0.04466
19	22	0	8	0.04408
5	35	0	8	0.04399
9	40	0	8	0.04388
31	46	0	8	0.04373
13	40	0	8	0.04372
1	46	0	8	0.04326
9	44	0	8	0.04319
1	17	0	8	0.04255
24	38	0	8	0.04234
33	36	0	8	0.04226
31	43	0	8	0.04187
18	22	0	8	0.04170
4	29	0	8	0.04168
23	28	0	8	0.04108
19	29	0	8	0.04103
32	43	0	8	0.04073
5	38	0	8	0.03984
1	31	0	8	0.03944
12	28	0	8	0.03942
10	46	0	8	0.03923
5	27	0	8	0.03877
14	23	0	8	0.03848
28	39	0	8	0.03824
16	28	0	8	0.03807
27	39	0	8	0.03768
18	29	0	8	0.03757
15	32	0	8	0.03732
2	6	0	8	0.03731
5	39	0	8	0.03707
28	41	0	8	0.03686
2	45	0	8	0.03580
27	38	0	8	0.03550
41	46	0	8	0.03527
26	35	0	8	0.03513
13	21	0	8	0.03504
7	44	0	8	0.03476
8	44	0	8	0.03463
4	45	0	8	0.03386
23	40	0	8	0.03374
8	46	0	8	0.03346
28	33	0	8	0.03271
31	45	0	8	0.03217
25	30	0	8	0.03207
29	32	0	8	0.03188
39	46	0	8	0.03165
28	34	0	8	0.03150
13	33	0	8	0.03143
19	23	0	8	0.03097
18	34	0	8	0.03069
1	14	0	8	0.03045
13	25	0	8	0.02984
30	34	0	8	0.02983
6	41	0	8	0.02937
15	22	0	8	0.02936
17	32	0	8	0.02896
5	29	0	8	0.02891
7	45	0	8	0.02873
6	43	0	8	0.02856
2	46	0	8	0.02831
4	46	0	8	0.02810
10	41	0	8	0.02797
32	38	0	8	0.02792
16	33	0	8	0.02783
10	35	0	8	0.02717
23	39	0	8	0.02668
32	45	0	8	0.02652
29	44	0	8	0.02644
38	42	0	8	0.02545
6	42	0	8	0.02534
2	42	0	8	0.02530
6	29	0	8	0.02487
1	7	0	8	0.02470
8	32	0	8	0.02450
12	21	0	8	0.02443
10	26	0	8	0.02397
16	31	0	8	0.02306
38	45	0	8	0.02248
37	45	0	8	0.02230
28	42	0	8	0.02166
36	45	0	8	0.02153
38	46	0	8	0.02110
8	45	0	8	0.02105
5	37	0	8	0.02078
32	46	0	8	0.02070
6	40	0	8	0.02042
39	44	0	8	0.02027
35	46	0	8	0.02027
25	34	0	8	0.01993
10	31	0	8	0.01991
29	41	0	8	0.01971
29	40	0	8	0.01963
14	21	0	8	0.01950
29	46	0	8	0.01947
9	41	0	8	0.01936
24	35	0	8	0.01924
28	44	0	8	0.01922
17	25	0	8	0.01920
10	27	0	8	0.01915
11	26	0	8	0.01863
35	42	0	8	0.01813
24	39	0	8	0.01802
4	43	0	8	0.01770
24	37	0	8	0.01765
34	46	0	8	0.01743
3	29	0	8	0.01734
1	26	0	8	0.01716
9	46	0	8	0.01710
3	12	0	8	0.01706
13	44	0	8	0.01695
30	42	0	8	0.01691
17	40	0	8	0.01665
1	43	0	8	0.01664
25	40	0	8	0.01661
39	43	0	8	0.01646
13	18	0	8	0.01624
24	33	0	8	0.01624
17	30	0	8	0.01589
10	34	0	8	0.01588
5	34	0	8	0.01580
17	38	0	8	0.01577
5	13	0	8	0.01560
24	36	0	8	0.01548
37	42	0	8	0.01542
9	28	0	8	0.01541
36	44	0	8	0.01539
34	45	0	8	0.01537
19	34	0	8	0.01534
9	45	0	8	0.01507
12	23	0	8	0.01499
4	42	0	8	0.01489
17	29	0	8	0.01486
36	46	0	8	0.01440
17	27	0	8	0.01426
4	39	0	8	0.01419
34	42	0	8	0.01405
26	44	0	8	0.01400
30	43	0	8	0.01385
7	42	0	8	0.01364
24	40	0	8	0.01352
10	23	0	8	0.01351
3	7	0	8	0.01344
4	14	0	8	0.01339
28	46	0	8	0.01339
13	41	0	8	0.01338
26	41	0	8	0.01329
6	38	0	8	0.01313
14	34	0	8	0.01307
9	16	0	8	0.01304
10	33	0	8	0.01298
2	43	0	8	0.01296
18	38	0	8	0.01296
30	46	0	8	0.01294
1	30	0	8	0.01294
36	42	0	8	0.01288
14	30	0	8	0.01287
3	16	0	8	0.01283
2	29	0	8	0.01239
23	44	0	8	0.01226
11	46	0	8	0.01225
37	46	0	8	0.01225
3	6	0	8	0.01212
17	33	0	8	0.01202
23	41	0	8	0.01197
5	28	0	8	0.01188
7	38	0	8	0.01184
10	45	0	8	0.01177
3	28	0	8	0.01166
16	40	0	8	0.01159
1	6	0	8	0.01157
26	38	0	8	0.01150
22	38	0	8	0.01144
2	12	0	8	0.01143
1	16	0	8	0.01141
28	38	0	8	0.01140
4	38	0	8	0.01138
17	41	0	8	0.01117
3	17	0	8	0.01094
22	27	0	8	0.01094
37	44	0	8	0.01093
18	35	0	8	0.01073
25	38	0	8	0.01055
28	43	0	8	0.01053
5	36	0	8	0.01045
16	24	0	8	0.01044
8	43	0	8	0.01043
11	23	0	8	0.01036
27	42	0	8	0.01035
29	42	0	8	0.01027
20	38	0	8	0.01008
7	43	0	8	0.01008
14	35	0	8	0.01006
17	39	0	8	0.01001
11	17	0	8	0.00997
18	40	0	8	0.00995
29	45	0	8	0.00980
32	37	0	8	0.00973
2	16	0	8	0.00971
30	45	0	8	0.00970
24	29	0	8	0.00968
8	26	0	8	0.00959
29	43	0	8	0.00958
28	45	0	8	0.00956
3	14	0	8	0.00949
20	34	0	8	0.00941
14	46	0	8	0.00940
19	37	0	8	0.00928
32	36	0	8	0.00922
35	43	0	8	0.00919
17	46	0	8	0.00911
25	32	0	8	0.00907
21	38	0	8	0.00894
31	34	0	8	0.00876
19	38	0	8	0.00876
1	9	0	8	0.00873
20	37	0	8	0.00867
8	28	0	8	0.00866
20	24	0	8	0.00860
24	32	0	8	0.00860
9	42	0	8	0.00857
23	45	0	8	0.00855
15	34	0	8	0.00846
34	43	0	8	0.00843
25	44	0	8	0.00841
18	37	0	8	0.00838
27	45	0	8	0.00835
14	40	0	8	0.00835
17	44	0	8	0.00829
23	46	0	8	0.00818
17	37	0	8	0.00816
38	44	0	8	0.00795
24	44	0	8	0.00794
12	18	0	8	0.00779
20	29	0	8	0.00778
6	39	0	8	0.00770
8	27	0	8	0.00757
1	28	0	8	0.00754
10	17	0	8	0.00750
18	32	0	8	0.00750
31	39	0	8	0.00744
19	36	0	8	0.00744
27	37	0	8	0.00743
20	36	0	8	0.00743
9	35	0	8	0.00739
4	23	0	8	0.00725
30	35	0	8	0.00712
7	32	0	8	0.00675
13	46	0	8	0.00655
18	39	0	8	0.00655
7	41	0	8	0.00654
27	46	0	8	0.00652
22	37	0	8	0.00652
1	29	0	8	0.00647
14	20	0	8	0.00645
8	42	0	8	0.00638
12	34	0	8	0.00636
28	35	0	8	0.00634
9	34	0	8	0.00628
3	25	0	8	0.00627
8	33	0	8	0.00627
10	38	0	8	0.00623
21	37	0	8	0.00623
19	35	0	8	0.00622
21	27	0	8	0.00619
10	43	0	8	0.00611
15	31	0	8	0.00610
1	24	0	8	0.00603
31	35	0	8	0.00603
16	41	0	8	0.00600
27	43	0	8	0.00598
13	22	0	8	0.00598
9	43	0	8	0.00593
27	36	0	8	0.00588
22	36	0	8	0.00577
14	32	0	8	0.00573
30	39	0	8	0.00572
12	44	0	8	0.00571
7	31	0	8	0.00567
18	44	0	8	0.00564
4	28	0	8	0.00561
20	39	0	8	0.00558
18	41	0	8	0.00552
9	14	0	8	0.00551
4	11	0	8	0.00548
15	27	0	8	0.00545
6	35	0	8	0.00544
25	39	0	8	0.00540
6	27	0	8	0.00537
24	46	0	8	0.00535
4	37	0	8	0.00533
17	36	0	8	0.00529
19	40	0	8	0.00528
26	39	0	8	0.00528
24	41	0	8	0.00521
24	45	0	8	0.00509
19	46	0	8	0.00508
20	46	0	8	0.00500
19	44	0	8	0.00496
25	46	0	8	0.00495
31	38	0	8	0.00494
12	33	0	8	0.00479
7	30	0	8	0.00479
9	15	0	8	0.00473
19	39	0	8	0.00471
30	38	0	8	0.00470
14	41	0	8	0.00470
3	24	0	8	0.00459
21	36	0	8	0.00456
5	12	0	8	0.00455
6	37	0	8	0.00449
11	18	0	8	0.00446
16	44	0	8	0.00444
1	25	0	8	0.00444
9	23	0	8	0.00442
18	36	0	8	0.00440
25	41	0	8	0.00437
23	29	0	8	0.00434
21	35	0	8	0.00432
10	42	0	8	0.00431
18	46	0	8	0.00431
12	17	0	8	0.00430
4	36	0	8	0.00428
12	22	0	8	0.00411
1	21	0	8	0.00404
15	46	0	8	0.00402
4	16	0	8	0.00400
20	40	0	8	0.00399
14	44	0	8	0.00396
25	45	0	8	0.00395
16	38	0	8	0.00388
19	41	0	8	0.00376
22	35	0	8	0.00369
16	36	0	8	0.00366
10	39	0	8	0.00365
21	28	0	8	0.00364
7	39	0	8	0.00362
13	28	0	8	0.00361
2	11	0	8	0.00361
38	43	0	8	0.00361
7	40	0	8	0.00359
12	46	0	8	0.00354
1	22	0	8	0.00354
11	27	0	8	0.00353
7	37	0	8	0.00352
8	41	0	8	0.00351
37	43	0	8	0.00347
26	46	0	8	0.00346
2	25	0	8	0.00345
12	40	0	8	0.00340
8	40	0	8	0.00335
11	31	0	8	0.00335
12	35	0	8	0.00331
13	45	0	8	0.00331
22	46	0	8	0.00326
20	35	0	8	0.00322
15	40	0	8	0.00321
13	38	0	8	0.00317
2	28	0	8	0.00316
29	33	0	8	0.00315
14	45	0	8	0.00312
22	40	0	8	0.00309
4	17	0	8	0.00308
22	44	0	8	0.00305
3	22	0	8	0.00300
11	44	0	8	0.00295
15	41	0	8	0.00292
25	35	0	8	0.00287
15	33	0	8	0.00287
36	43	0	8	0.00287
17	45	0	8	0.00281
13	39	0	8	0.00273
21	40	0	8	0.00273
2	24	0	8	0.00273
6	34	0	8	0.00272
2	22	0	8	0.00272
21	46	0	8	0.00263
15	24	0	8	0.00261
16	39	0	8	0.00260
20	41	0	8	0.00259
20	44	0	8	0.00257
9	25	0	8	0.00257
15	35	0	8	0.00257
6	26	0	8	0.00256
8	23	0	8	0.00255
13	19	0	8	0.00252
22	39	0	8	0.00248
1	18	0	8	0.00247
9	38	0	8	0.00247
6	28	0	8	0.00244
16	46	0	8	0.00242
10	16	0	8	0.00237
21	39	0	8	0.00233
8	25	0	8	0.00229
26	45	0	8	0.00228
15	28	0	8	0.00228
12	41	0	8	0.00226
12	45	0	8	0.00225
26	37	0	8	0.00224
5	26	0	8	0.00224
2	21	0	8	0.00221
15	44	0	8	0.00219
2	18	0	8	0.00219
16	45	0	8	0.00218
11	16	0	8	0.00217
11	45	0	8	0.00217
26	36	0	8	0.00215
8	35	0	8	0.00214
29	34	0	8	0.00212
10	15	0	8	0.00211
2	8	0	8	0.00208
12	24	0	8	0.00208
11	19	0	8	0.00207
22	45	0	8	0.00207
10	29	0	8	0.00206
25	43	0	8	0.00204
14	22	0	8	0.00203
19	45	0	8	0.00201
13	24	0	8	0.00198
16	37	0	8	0.00194
21	44	0	8	0.00192
28	37	0	8	0.00191
6	36	0	8	0.00190
9	17	0	8	0.00189
21	32	0	8	0.00188
7	33	0	8	0.00186
18	45	0	8	0.00185
20	45	0	8	0.00183
11	32	0	8	0.00180
12	19	0	8	0.00176
23	42	0	8	0.00174
29	38	0	8	0.00174
19	24	0	8	0.00170
3	21	0	8	0.00169
8	34	0	8	0.00168
19	30	0	8	0.00168
15	45	0	8	0.00165
23	30	0	8	0.00165
3	8	0	8	0.00163
29	39	0	8	0.00162
9	39	0	8	0.00155
18	33	0	8	0.00154
22	41	0	8	0.00154
11	21	0	8	0.00154
14	38	0	8	0.00153
1	11	0	8	0.00153
18	30	0	8	0.00152
11	25	0	8	0.00151
22	28	0	8	0.00150
14	42	0	8	0.00148
28	36	0	8	0.00146
14	39	0	8	0.00144
13	42	0	8	0.00144
23	43	0	8	0.00142
8	38	0	8	0.00142
21	41	0	8	0.00141
25	42	0	8	0.00141
17	42	0	8	0.00137
5	23	0	8	0.00136
1	19	0	8	0.00133
19	28	0	8	0.00129
14	29	0	8	0.00129
7	17	0	8	0.00127
24	42	0	8	0.00126
21	45	0	8	0.00125
4	25	0	8	0.00125
19	42	0	8	0.00125
22	33	0	8	0.00125
22	29	0	8	0.00124
31	37	0	8	0.00124
1	12	0	8	0.00123
13	37	0	8	0.00123
13	20	0	8	0.00122
10	37	0	8	0.00122
14	43	0	8	0.00120
13	43	0	8	0.00119
7	23	0	8	0.00119
16	43	0	8	0.00119
14	27	0	8	0.00118
22	32	0	8	0.00118
29	35	0	8	0.00116
7	35	0	8	0.00114
21	30	0	8	0.00111
15	42	0	8	0.00111
1	20	0	8	0.00110
19	27	0	8	0.00110
7	27	0	8	0.00109
17	43	0	8	0.00108
11	43	0	8	0.00108
18	27	0	8	0.00106
12	42	0	8	0.00106
20	27	0	8	0.00104
3	18	0	8	0.00102
25	37	0	8	0.00102
19	33	0	8	0.00101
18	42	0	8	0.00100
17	24	0	8	0.00100
19	32	0	8	0.00100
7	12	0	8	0.00100
16	42	0	8	0.00099
25	36	0	8	0.00099
1	8	0	8	0.00099
20	42	0	8	0.00098
30	37	0	8	0.00098
12	20	0	8	0.00097
24	43	0	8	0.00096
13	36	0	8	0.00095
8	18	0	8	0.00093
25	33	0	8	0.00091
20	32	0	8	0.00091
15	39	0	8	0.00091
9	18	0	8	0.00089
26	42	0	8	0.00089
15	38	0	8	0.00089
2	20	0	8	0.00087
9	36	0	8	0.00086
8	22	0	8	0.00085
3	11	0	8	0.00083
12	43	0	8	0.00082
11	28	0	8	0.00082
19	43	0	8	0.00082
3	15	0	8	0.00082
26	43	0	8	0.00081
1	15	0	8	0.00081
7	29	0	8	0.00081
11	42	0	8	0.00080
15	43	0	8	0.00078
2	19	0	8	0.00078
21	33	0	8	0.00078
7	36	0	8	0.00077
20	33	0	8	0.00076
8	13	0	8	0.00076
8	24	0	8	0.00075
10	18	0	8	0.00074
17	31	0	8	0.00073
6	12	0	8	0.00072
8	21	0	8	0.00072
11	41	0	8	0.00071
4	15	0	8	0.00069
23	31	0	8	0.00068
8	17	0	8	0.00066
7	34	0	8	0.00065
31	36	0	8	0.00065
18	43	0	8	0.00064
9	24	0	8	0.00064
22	42	0	8	0.00063
2	15	0	8	0.00063
8	39	0	8	0.00063
4	24	0	8	0.00063
24	30	0	8	0.00062
15	36	0	8	0.00062
10	36	0	8	0.00062
18	24	0	8	0.00062
20	43	0	8	0.00061
8	36	0	8	0.00061
9	37	0	8	0.00060
8	15	0	8	0.00059
6	11	0	8	0.00059
14	25	0	8	0.00059
11	40	0	8	0.00056
5	17	0	8	0.00056
8	19	0	8	0.00054
6	23	0	8	0.00054
20	28	0	8	0.00054
11	24	0	8	0.00053
22	43	0	8	0.00053
14	33	0	8	0.00051
30	36	0	8	0.00051
8	37	0	8	0.00051
7	26	0	8	0.00049
14	37	0	8	0.00049
10	19	0	8	0.00049
12	38	0	8	0.00048
18	28	0	8	0.00048
5	25	0	8	0.00047
21	42	0	8	0.00047
3	19	0	8	0.00047
11	22	0	8	0.00047
3	20	0	8	0.00046
14	24	0	8	0.00045
6	25	0	8	0.00043
11	20	0	8	0.00042
14	31	0	8	0.00041
10	24	0	8	0.00041
6	13	0	8	0.00038
15	37	0	8	0.00038
29	37	0	8	0.00038
7	28	0	8	0.00037
14	36	0	8	0.00037
5	24	0	8	0.00037
25	31	0	8	0.00036
12	39	0	8	0.00035
17	28	0	8	0.00034
12	36	0	8	0.00033
8	16	0	8	0.00032
11	34	0	8	0.00031
21	43	0	8	0.00030
5	16	0	8	0.00030
11	35	0	8	0.00029
4	22	0	8	0.00029
4	18	0	8	0.00029
7	18	0	8	0.00028
7	24	0	8	0.00028
10	21	0	8	0.00026
7	13	0	8	0.00026
29	36	0	8	0.00024
24	31	0	8	0.00023
9	22	0	8	0.00022
6	17	0	8	0.00022
5	14	0	8	0.00022
10	22	0	8	0.00021
8	14	0	8	0.00020
5	11	0	8	0.00020
11	38	0	8	0.00019
5	22	0	8	0.00019
10	28	0	8	0.00019
7	19	0	8	0.00019
11	39	0	8	0.00019
11	33	0	8	0.00018
9	19	0	8	0.00018
6	16	0	8	0.00018
7	14	0	8	0.00018
10	20	0	8	0.00017
20	30	0	8	0.00017
4	21	0	8	0.00017
6	24	0	8	0.00016
8	20	0	8	0.00016
22	30	0	8	0.00016
5	18	0	8	0.00016
9	21	0	8	0.00015
12	37	0	8	0.00015
7	22	0	8	0.00014
10	25	0	8	0.00013
7	20	0	8	0.00013
6	22	0	8	0.00012
7	21	0	8	0.00012
4	19	0	8	0.00012
18	31	0	8	0.00011
5	19	0	8	0.00011
14	28	0	8	0.00011
6	19	0	8	0.00011
7	25	0	8	0.00011
END