1   T C 107.1 -106.1  141.3  119.4   94.4  3.7 13.4 0.917 0.021 0.062
2   T C  58.7 -112.8  141.2  122.6 -145.4 11.2 14.8 0.677 0.022 0.301
3   C C  50.4  -84.0   49.7  106.0 -135.1 14.1 16.6 0.809 0.011 0.180
4   C C  23.6 -118.5  137.7  124.6   50.0 18.7 13.2 0.958 0.001 0.041
5   P C  92.2  -77.0  -14.6   95.4 -147.2  5.3 20.4 0.980 0.013 0.006
6   S C  50.6 -127.7  156.2  133.2   46.2  5.4 18.7 0.969 0.025 0.006
7   I H 118.4  -60.4  -35.8   90.5 -116.4  4.4 15.9 0.103 0.897 0.000
8   V H  87.7  -66.0  -38.6   92.7   52.5  3.2 20.1 0.076 0.923 0.002
9   A H  15.4  -64.4  -41.9   93.2   51.0 17.3 15.7 0.037 0.963 0.001
10  R H  58.9  -62.7  -41.1   93.0   53.6 15.3 18.7 0.018 0.981 0.000
11  S H  58.6  -64.5  -40.0   91.8   51.3  3.9 23.9 0.045 0.954 0.000
12  N H  41.4  -66.8  -40.3   93.6   50.5 10.8 20.9 0.132 0.863 0.004
13  F H  18.0  -65.7  -41.5   94.2   50.7 22.2 17.7 0.164 0.793 0.043
14  N H  63.5  -65.9  -37.4   93.1   52.2 11.1 21.0 0.184 0.781 0.035
15  V H  72.4  -68.1  -37.3   93.2   50.8  6.2 22.4 0.210 0.724 0.067
16  C H  27.3  -72.2  -33.8   95.4   49.8 15.7 17.6 0.358 0.590 0.052
17  R C  64.2  -80.0  -26.5   98.2   49.7 14.9 17.0 0.493 0.413 0.095
18  L C  60.8  -93.8   54.4  106.5   58.5 11.4 15.7 0.903 0.038 0.059
19  P C  85.4  -67.1  122.8  106.6 -125.4  7.5 15.3 0.984 0.004 0.012
20  G C  59.1   83.9    1.0   97.6   14.0  1.7 17.1 0.995 0.002 0.003
21  T C  50.0  -89.9  147.0  121.0  120.6 10.5 12.8 0.996 0.000 0.003
22  P C  66.4  -68.8  149.7  114.2 -104.4  6.1 21.2 0.990 0.009 0.001
23  E H  67.4  -60.5  -35.5   92.4 -114.8 18.0 13.7 0.213 0.787 0.000
24  A H  67.9  -63.7  -38.2   92.2   56.2  4.2 20.1 0.150 0.848 0.002
25  I H  71.2  -66.6  -39.5   93.1   50.6  5.9 20.4 0.092 0.900 0.009
26  C H  10.9  -65.1  -42.4   93.4   49.7 19.5 15.4 0.095 0.896 0.009
27  A H  20.5  -63.7  -40.5   93.2   52.3 16.8 17.2 0.073 0.921 0.005
28  T H  85.1  -67.0  -36.2   92.6   51.2  3.5 21.9 0.125 0.868 0.007
29  Y H 100.7  -81.2  -29.4   97.0   43.4  9.5 19.4 0.281 0.700 0.019
30  T C  19.9  -95.7   -6.7  100.8   40.0 20.0 15.7 0.590 0.353 0.057
31  G C  34.7   83.4   12.6  100.8 -109.5 10.4 23.3 0.930 0.014 0.056
32  C C  19.3  -84.6  136.4  116.4  142.2 20.9 15.5 0.817 0.010 0.173
33  I E  47.1 -105.6  129.3  118.2 -153.5 13.1 22.0 0.323 0.013 0.664
34  I E  53.8  -95.2  123.3  114.4 -140.2 14.2 20.2 0.384 0.016 0.600
35  I C  37.9 -108.9  129.3  119.3 -166.2 17.0 13.7 0.755 0.011 0.234
36  P C  93.6  -78.7  131.9  110.5 -120.8  5.2 17.5 0.915 0.015 0.070
37  G C  53.3   84.5 -100.7  109.4   10.3  2.9 14.4 0.925 0.043 0.032
38  A C  70.9  -87.1   -0.3  103.1  -50.6  7.1 14.7 0.923 0.042 0.035
39  T C  83.1 -113.4  139.3  123.6   89.7  3.2 19.8 0.778 0.023 0.199
40  C C  31.8  -77.7  135.3  114.5 -117.2 19.6 11.0 0.962 0.000 0.037
41  P C  44.2  -69.3  151.3  113.5 -103.9 11.5 15.2 0.984 0.005 0.011
42  G C  54.5  -68.8  -22.6   98.9 -105.9  3.9 16.2 0.973 0.019 0.008
43  D C  99.4  -84.6   -3.0   97.2   46.4  3.3 15.6 0.953 0.036 0.011
44  Y C  64.0  -92.8  109.0  111.2   90.6 16.5  8.1 0.923 0.025 0.052
45  A C  73.2  -83.2    1.2  103.9  158.3  4.7 14.6 0.963 0.014 0.023
46  N C 125.5  -97.1   85.6  109.6   45.1  3.2 10.4 0.993 0.005 0.002
