1   M C 153.8  -95.6  131.1  115.3  174.6  4.0  6.3 0.993 0.004 0.003
2   G C  58.1 -102.7  171.6  115.1  -52.9  3.6  9.3 0.972 0.002 0.026
3   A C  78.0  -84.3  137.2  111.5 -101.2  6.3 10.0 0.931 0.023 0.045
4   S C  75.4  -87.1  128.4  110.8 -122.4  6.6 11.4 0.930 0.021 0.049
5   S C  78.6  -89.3    6.5  104.8 -148.3  5.0 13.7 0.925 0.027 0.048
6   G C  39.9  112.5 -174.6  117.2   11.9  6.6 14.9 0.920 0.026 0.054
7   S C  72.7  -91.7  118.5  111.0  -86.1  6.5 14.4 0.873 0.061 0.066
8   N C  86.1 -100.3  113.6  112.9 -155.6  8.7 15.7 0.875 0.052 0.073
9   I C  51.7 -105.3  133.7  120.4 -175.2 14.7 12.6 0.797 0.091 0.112
10  S C  55.2  -90.6  144.5  118.5 -138.1  7.1 19.3 0.778 0.127 0.095
11  A C  43.5  -68.5  -25.4   95.4 -131.6 15.3 13.2 0.730 0.226 0.044
12  S C  70.3  -75.8  -22.5   97.6   59.3  4.8 14.7 0.704 0.226 0.070
13  N C 105.0  -87.4    3.9   99.7   48.8  3.6 13.1 0.815 0.136 0.049
14  G C  52.3   82.7    4.1  101.7  -99.2  3.9 12.8 0.941 0.031 0.028
15  S C  77.0  -87.6   91.5  108.4  109.8  3.6 11.6 0.901 0.034 0.066
16  S C  69.8  -90.4   73.1  108.1  151.5  6.9 12.3 0.930 0.013 0.057
17  S C  63.9  -99.2  139.8  119.9  127.5  5.6 13.7 0.944 0.005 0.051
18  P C  72.3  -68.1  146.6  111.4  -99.3 10.6 13.6 0.951 0.032 0.017
19  T C  53.7  -99.1  140.6  118.2 -140.7 13.4 14.6 0.773 0.064 0.164
20  T C  80.3  -92.9  130.3  113.8 -134.9  6.6 19.4 0.706 0.050 0.244
21  I C  52.1  -91.0  121.7  112.2 -143.3 16.6 12.6 0.643 0.077 0.280
22  V C  69.1 -105.0  128.9  116.2 -166.0 10.1 16.9 0.617 0.066 0.318
23  A C  57.8  -99.8  132.7  115.8 -151.3  9.7 16.2 0.723 0.058 0.218
24  S C  57.9  -93.3  114.7  111.1 -154.9 10.6 13.3 0.824 0.026 0.150
25  N C  88.5  -99.6  107.6  111.4 -123.5  6.8 16.0 0.936 0.004 0.060
26  P C  71.6  -70.7  144.9  111.7 -120.1 10.1 15.8 0.945 0.011 0.044
27  V C  49.1  -99.4  138.8  118.8 -140.0 15.6 13.4 0.875 0.028 0.096
28  D C  72.5  -85.4  114.1  109.1 -122.3  7.5 20.1 0.935 0.033 0.032
29  L H  73.2  -64.0  -30.7   93.5 -151.2 14.8 13.3 0.209 0.790 0.001
30  N H 110.3  -66.3  -35.0   93.1   57.6  2.0 18.7 0.157 0.842 0.001
31  A H  29.9  -67.0  -38.4   93.5   51.7  9.9 16.7 0.098 0.902 0.001
32  F H  32.9  -65.1  -39.7   93.5   52.7 19.0 15.3 0.082 0.915 0.003
33  D H  75.3  -65.6  -37.1   93.1   54.2  7.8 20.4 0.109 0.888 0.004
34  R H  98.8  -69.1  -33.2   93.6   52.8  8.5 20.5 0.144 0.849 0.007
35  L H  31.4  -78.0  -25.9   96.8   50.1 18.2 18.0 0.257 0.721 0.021
36  N C  44.3  -88.3    7.0  100.3   53.0 15.4 17.9 0.533 0.409 0.058
37  V C  57.5 -104.4  140.6  120.7  112.4  9.9 19.9 0.684 0.161 0.154
38  V C  53.2  -86.8  134.0  116.0 -124.9 14.7 16.6 0.602 0.067 0.331
39  D C  38.4  -88.6  108.8  108.2 -130.9 11.8 16.3 0.936 0.005 0.059
40  P C  55.7  -67.6  -27.7   93.3 -161.0 13.1 12.9 0.624 0.369 0.007
41  A C  85.0  -69.2  -30.5   92.9   54.2  1.7 14.6 0.684 0.312 0.004
42  V C  89.3  -96.3   -4.6   98.3   38.8  4.2 13.0 0.687 0.305 0.008
43  G C  48.3   77.9    8.2   93.7 -112.3  5.8 13.7 0.956 0.038 0.006
44  K C 112.9  -95.5  142.0  120.0  130.0  4.1 17.9 0.836 0.028 0.136
45  F C  55.0  -77.7  132.6  113.4 -112.9 19.1 13.1 0.584 0.020 0.395
46  R C  86.3  -87.1  128.2  112.5 -130.3 10.5 18.2 0.981 0.010 0.008
47  P H  81.7  -62.7  -34.0   94.6 -119.0  8.7 17.6 0.098 0.902 0.000
48  G H  35.7  -67.1  -35.4   93.2   51.8  5.8 20.5 0.076 0.924 0.000
49  E H  24.7  -66.9  -39.2   94.1   51.8 19.4 17.5 0.014 0.986 0.000
50  A H  16.7  -62.3  -42.1   93.0   54.2 18.4 19.7 0.002 0.998 0.000
51  G H  37.0  -64.1  -40.3   92.0   51.8  4.9 25.3 0.002 0.998 0.000
52  A H  19.2  -65.6  -41.9   93.1   50.2 13.5 23.1 0.002 0.998 0.000
53  A H   5.5  -64.4  -43.6   94.0   51.5 23.7 20.3 0.001 0.999 0.000
54  A H  31.7  -63.9  -41.1   93.0   51.6 11.8 23.4 0.001 0.999 0.000
55  E H  82.3  -65.9  -40.1   92.5   50.1  6.2 24.3 0.003 0.997 0.000
56  L H  15.4  -66.5  -42.3   93.9   49.8 18.4 18.2 0.005 0.995 0.000
57  E H  41.1  -65.9  -39.3   93.6   51.2 17.2 17.1 0.008 0.992 0.000
58  N H 103.4  -67.9  -34.3   92.7   51.4  3.3 18.7 0.018 0.982 0.000
59  Y H 121.0  -73.6  -32.8   94.7   47.7  6.1 17.5 0.039 0.961 0.000
60  L H  51.6  -97.4   -5.7   99.8   38.2 13.8 12.2 0.246 0.753 0.001
61  G C  50.8   81.0    9.2   99.5 -107.7  3.2 19.1 0.993 0.004 0.003
62  G C  29.3 -164.9  176.9  125.5  107.4 11.1 16.1 0.923 0.006 0.071
63  T C  71.2 -101.2  132.0  117.0  -93.2  7.8 22.0 0.549 0.009 0.441
64  L E  17.2  -96.4  132.6  118.9 -141.0 23.7 14.6 0.324 0.003 0.673
65  Q E  81.5 -125.2  141.9  127.9 -169.1  6.9 24.5 0.120 0.001 0.879
66  R E  82.3  -85.6  128.3  114.0 -125.4 16.3 17.0 0.245 0.002 0.753
67  A C  25.9  -86.9  144.8  117.2 -135.6 16.3 14.2 0.903 0.001 0.096
68  P C  79.6  -71.8  113.8  105.5 -113.0  7.8 16.6 0.950 0.009 0.041
69  Q C 118.1  -88.3   34.6  104.9   20.3  5.3 14.3 0.959 0.011 0.030
70  G C  51.9   82.0  -39.8  107.1  -64.0  3.4 13.7 0.973 0.011 0.016
71  S C  75.0  -91.0   45.9  107.3   40.0  5.2 15.1 0.944 0.009 0.047
72  S C  56.6  -97.0  135.0  116.1 -176.0  9.2 17.4 0.886 0.015 0.099
73  V C  28.8  -99.0  135.9  119.1 -137.6 19.8 16.4 0.842 0.029 0.129
74  D C  46.6  -87.9  -11.2  104.5 -157.1 14.5 23.5 0.863 0.021 0.116
75  F E  16.7 -145.4  152.8  137.1    0.8 22.1 24.3 0.143 0.003 0.854
76  V E  10.4 -119.3  133.7  124.5 -156.3 22.4 26.3 0.032 0.000 0.968
77  F E  20.3 -108.9  127.0  119.4 -159.4 21.7 23.9 0.051 0.001 0.948
78  S E  24.3 -122.8  148.3  125.2 -177.8 14.8 23.2 0.191 0.003 0.806
79  S E  32.1 -115.6  139.7  120.8 -159.0 14.2 20.4 0.422 0.007 0.571
80  G C  18.3  143.7 -173.3  131.3  138.3 11.2 19.1 0.815 0.009 0.176
81  P C  74.4  -74.6   41.0  104.1  -41.6  8.9 18.5 0.855 0.083 0.062
82  N C  89.8  -87.4   25.4  102.5   40.4  7.7 15.4 0.877 0.084 0.039
83  N C 105.7  -33.6   28.3   99.4  -15.7  5.2 15.6 0.926 0.050 0.024
84  G C  49.3   83.4    2.4   97.5  -63.0  5.0 16.0 0.922 0.012 0.065
85  K C  92.5  -96.7  143.9  122.3  119.8  8.3 16.7 0.635 0.013 0.352
86  T E  36.1 -106.4  135.1  121.4 -136.8 15.1 20.1 0.151 0.002 0.847
87  V E  13.3 -115.7  133.5  122.9 -165.3 22.1 20.8 0.083 0.002 0.915
88  D E  25.7  -99.3  124.0  115.5 -149.7 18.5 26.6 0.178 0.008 0.814
89  F E  18.6 -101.8  115.6  113.7 -160.0 22.7 26.0 0.275 0.025 0.700
90  M E  13.2 -102.5  126.3  115.9 -178.9 23.7 24.7 0.415 0.014 0.572
91  L C  18.1 -118.3  140.9  125.2 -174.2 21.9 23.5 0.546 0.012 0.443
92  T C  34.2 -102.2  133.2  118.7 -139.9 13.0 23.5 0.906 0.002 0.092
93  P C  45.2  -69.7  -23.0   98.5 -134.3 17.3 14.8 0.967 0.022 0.011
94  D C 106.6  -85.9   -4.1   98.9   54.3  3.3 18.0 0.976 0.021 0.004
95  T C  64.4 -118.0  142.2  125.5   56.5  5.5 18.0 0.920 0.069 0.011
96  V H  79.3  -62.2  -33.7   93.5 -126.2 11.4 14.1 0.158 0.841 0.001
97  A H  78.1  -64.6  -37.5   92.2   55.3  1.7 19.2 0.113 0.887 0.001
98  Q H  62.4  -69.0  -36.1   93.4   49.5  9.7 16.8 0.081 0.918 0.000
99  A H  14.6  -62.4  -41.4   92.4   53.3 19.3 14.7 0.046 0.954 0.000
100 A H  61.5  -63.5  -39.8   92.1   52.7  4.5 21.6 0.053 0.947 0.000
101 K H  94.8  -66.2  -39.5   92.9   50.1  5.4 22.0 0.053 0.947 0.000
102 I H  15.6  -65.2  -42.9   93.8   50.3 19.9 17.8 0.032 0.968 0.000
103 N H  34.6  -63.5  -40.7   93.1   52.3 16.1 19.1 0.036 0.964 0.000
104 Q H 101.3  -65.4  -39.4   92.3   50.4  3.4 23.7 0.028 0.972 0.000
105 F H  38.6  -66.3  -41.8   93.6   49.7 13.0 19.4 0.037 0.963 0.000
106 F H  18.1  -65.2  -41.8   93.9   50.3 21.4 16.0 0.062 0.938 0.000
107 D H  78.3  -66.0  -36.8   93.2   51.5  7.3 19.3 0.117 0.883 0.000
108 K H 132.7  -70.3  -32.6   92.6   49.7  2.2 20.2 0.255 0.745 0.000
109 N C  40.3  -97.4   -4.1  100.2   41.9 14.1 14.7 0.575 0.424 0.001
110 L H  21.4  -63.0  -40.5   94.1   88.0 21.7 13.0 0.170 0.829 0.000
111 N H 101.2  -65.2  -36.7   93.2   54.7  3.5 19.9 0.143 0.856 0.000
112 N H  95.6  -70.2  -31.9   93.3   49.4  3.3 19.8 0.155 0.845 0.000
113 F H  28.6  -84.8  -19.7   98.4   45.8 18.2 14.8 0.156 0.843 0.000
114 M H  50.3  -61.4  -41.5   93.1   68.5 16.9 16.8 0.080 0.920 0.000
115 N H 101.9  -64.6  -38.1   91.8   51.5  2.3 22.6 0.110 0.890 0.000
116 T H  54.1  -67.6  -38.9   93.3   50.4  7.5 21.1 0.126 0.874 0.000
117 L H   6.7  -64.8  -43.0   93.8   51.2 24.4 16.4 0.040 0.960 0.000
118 S H  42.2  -63.8  -39.7   92.9   52.4 12.6 20.5 0.012 0.988 0.000
119 D H  89.6  -67.0  -36.9   92.2   50.5  3.0 23.8 0.008 0.992 0.000
120 H H  37.3  -69.2  -37.5   94.5   49.4 15.4 18.4 0.019 0.981 0.000
121 A H   5.9  -64.7  -39.3   93.4   52.8 24.6 17.3 0.048 0.952 0.000
122 A H  64.5  -69.1  -26.4   92.6   57.2  7.4 21.4 0.418 0.581 0.000
123 A C  60.0  -87.4   -6.3   96.6   55.3  7.1 22.2 0.792 0.203 0.005
124 A C   5.0  -80.5  144.3  120.1  106.9 25.4 12.3 0.995 0.000 0.005
125 D C  59.5  -82.1  -23.7   96.9 -150.6 11.2 24.7 0.988 0.001 0.011
126 F E  31.7 -145.2  143.8  136.0   10.7 18.4 25.2 0.223 0.001 0.776
127 V E   7.7 -117.4  124.3  121.0 -165.4 24.5 22.7 0.265 0.000 0.735
128 P E  21.0  -77.2  132.6  112.5 -129.9 19.1 26.3 0.417 0.001 0.583
129 L C  15.0 -115.9  136.1  123.6 -168.5 23.1 20.9 0.613 0.008 0.379
130 A C  27.8  -89.6  116.6  111.2 -136.6 14.2 26.1 0.786 0.008 0.205
131 S C   9.8  -83.1   -4.2   99.8 -164.8 23.8 16.0 0.551 0.414 0.035
132 R C 113.3  -69.7  -27.1   95.0   86.7 10.0 20.0 0.613 0.361 0.026
133 F C  95.0  -96.4    5.4  101.2   45.4  8.4 20.7 0.610 0.375 0.015
134 L C  11.8  -85.8  137.5  118.2  108.6 24.7 10.0 0.979 0.002 0.019
135 S C  45.3  -94.5  167.1  127.7 -144.1  5.2 22.8 0.997 0.001 0.002
136 E H 127.6  -61.7  -36.2   92.9  -99.8  5.2 15.6 0.039 0.961 0.000
137 A H  66.5  -65.4  -38.7   92.3   52.4  2.6 20.0 0.021 0.979 0.000
138 N H  26.0  -67.8  -37.3   93.4   49.7 16.4 15.3 0.016 0.984 0.000
139 K H  44.7  -62.5  -41.1   92.8   53.5 16.8 17.9 0.004 0.996 0.000
140 T H  79.5  -64.4  -39.7   91.9   51.1  3.1 23.1 0.004 0.996 0.000
141 L H  50.3  -66.5  -40.8   93.4   50.1  9.5 21.1 0.002 0.998 0.000
142 L H   6.2  -65.4  -42.9   94.0   50.1 24.4 17.8 0.001 0.999 0.000
143 V H  39.2  -63.6  -40.4   93.0   51.6 15.0 20.3 0.001 0.999 0.000
144 K H 121.3  -65.9  -38.4   91.9   50.2  2.6 23.5 0.002 0.998 0.000
145 A H  17.9  -66.7  -41.3   93.7   49.9 14.2 18.5 0.007 0.993 0.000
146 I H  12.2  -67.1  -38.5   94.3   51.2 23.3 16.1 0.046 0.954 0.000
147 G H  38.2  -66.1  -33.3   93.7   54.5  8.3 19.3 0.340 0.659 0.000
148 N C 102.7  -90.7   -2.8   96.3   50.0  3.6 19.5 0.675 0.319 0.006
149 L C  19.4  -79.1  142.5  120.0  105.9 22.4  6.4 0.997 0.000 0.002
150 P C  67.9  -66.2  152.9  115.4 -104.0  4.6 18.4 0.999 0.001 0.000
151 Q H 130.9  -60.5  -33.9   92.3 -108.6  4.3 12.9 0.063 0.937 0.000
152 K H 152.2  -67.9  -30.8   92.7   54.9  1.1 15.1 0.071 0.929 0.000
153 L H  56.1  -77.8  -20.8   95.6   51.6 10.8 11.5 0.046 0.954 0.000
154 Q H  77.7  -66.0  -33.1   94.0   60.9 11.3 14.3 0.053 0.947 0.000
155 A H  72.9  -73.8  -22.3   95.4   57.0  3.3 18.1 0.178 0.821 0.001
156 K H  95.2  -86.3   -7.8  100.2   56.4  8.4 17.5 0.251 0.736 0.014
157 I H  33.0  -93.4  127.6  115.1   89.4 20.7 14.0 0.284 0.493 0.223
158 I E  54.4 -105.6  125.6  116.5 -164.4 12.2 20.7 0.263 0.356 0.381
159 L E  44.6 -104.6  126.7  117.1 -157.7 15.6 19.0 0.337 0.252 0.412
160 I C  49.8 -104.5  124.9  116.9 -167.4 15.8 16.3 0.549 0.138 0.312
161 K C 122.6 -108.4  136.9  119.9 -168.0  8.7 15.1 0.951 0.003 0.046
