1 3 0 8  0.8736544251441956
1 4 0 8  0.6922042965888977
1 5 0 8  0.5205007791519165
1 6 0 8  0.04277070611715317
1 7 0 8  0.02339034713804722
1 8 0 8  0.007522953674197197
1 9 0 8  0.00889311172068119
1 10 0 8  0.005960977636277676
1 11 0 8  0.0031909490935504436
1 12 0 8  0.003102079499512911
1 13 0 8  0.003089343197643757
1 14 0 8  0.002969610970467329
1 15 0 8  0.0027063116431236267
1 16 0 8  0.0025730039924383163
1 17 0 8  0.002901447471231222
1 18 0 8  0.002635700162500143
1 19 0 8  0.003052452579140663
1 20 0 8  0.0056807659566402435
1 21 0 8  0.005572838708758354
1 22 0 8  0.0037380503490567207
1 23 0 8  0.003577355993911624
1 24 0 8  0.024731826037168503
1 25 0 8  0.009436067193746567
1 26 0 8  0.0042985593900084496
1 27 0 8  0.01453279610723257
1 28 0 8  0.05705279856920242
1 29 0 8  0.014223048463463783
1 30 0 8  0.011761314235627651
1 31 0 8  0.03524933010339737
1 32 0 8  0.0531533882021904
1 33 0 8  0.04784712940454483
1 34 0 8  0.04305033013224602
1 35 0 8  0.02349765971302986
1 36 0 8  0.008440665900707245
1 37 0 8  0.005389980040490627
1 38 0 8  0.003967207856476307
1 39 0 8  0.002984570572152734
1 40 0 8  0.0028367184568196535
1 41 0 8  0.0027034811209887266
1 42 0 8  0.0026901853270828724
1 43 0 8  0.0027867548633366823
1 44 0 8  0.003324519842863083
2 4 0 8  0.8572509288787842
2 5 0 8  0.6847470998764038
2 6 0 8  0.6029202342033386
2 7 0 8  0.03891021013259888
2 8 0 8  0.007333146408200264
2 9 0 8  0.00701988535001874
2 10 0 8  0.007271597161889076
2 11 0 8  0.00365929096005857
2 12 0 8  0.003238491015508771
2 13 0 8  0.002970566041767597
2 14 0 8  0.0029675529804080725
2 15 0 8  0.0027030794881284237
2 16 0 8  0.0025279796682298183
2 17 0 8  0.002652527764439583
2 18 0 8  0.002563934773206711
2 19 0 8  0.0028672527987509966
2 20 0 8  0.004753830377012491
2 21 0 8  0.0062639121897518635
2 22 0 8  0.003539511701092124
2 23 0 8  0.0033032833598554134
2 24 0 8  0.04351884871721268
2 25 0 8  0.009879901073873043
2 26 0 8  0.004327321425080299
2 27 0 8  0.028887754306197166
2 28 0 8  0.06923342496156693
2 29 0 8  0.009447473101317883
2 30 0 8  0.009755040518939495
2 31 0 8  0.041918784379959106
2 32 0 8  0.07272139191627502
2 33 0 8  0.07341182231903076
2 34 0 8  0.060866303741931915
2 35 0 8  0.023424692451953888
2 36 0 8  0.007627562619745731
2 37 0 8  0.00455251382663846
2 38 0 8  0.003602363169193268
2 39 0 8  0.002834973856806755
2 40 0 8  0.002850795164704323
2 41 0 8  0.0028166561387479305
2 42 0 8  0.002680806443095207
2 43 0 8  0.0027641658671200275
2 44 0 8  0.002819986781105399
3 5 0 8  0.8841990828514099
3 6 0 8  0.7413632869720459
3 7 0 8  0.5780823826789856
3 8 0 8  0.010121925733983517
3 9 0 8  0.0095141576603055
3 10 0 8  0.005735704209655523
3 11 0 8  0.003912432584911585
3 12 0 8  0.004019087180495262
3 13 0 8  0.0035894960165023804
3 14 0 8  0.0029657387640327215
3 15 0 8  0.0029114345088601112
3 16 0 8  0.0025871945545077324
3 17 0 8  0.0025701329577714205
3 18 0 8  0.0025244976859539747
3 19 0 8  0.002730347914621234
3 20 0 8  0.0037900127936154604
3 21 0 8  0.004423148930072784
3 22 0 8  0.0033532464876770973
3 23 0 8  0.003680420108139515
3 24 0 8  0.039977431297302246
3 25 0 8  0.017750630155205727
3 26 0 8  0.005375278182327747
3 27 0 8  0.04920319467782974
3 28 0 8  0.14479023218154907
3 29 0 8  0.018101025372743607
3 30 0 8  0.012731088325381279
3 31 0 8  0.04754333943128586
3 32 0 8  0.08239272236824036
3 33 0 8  0.09414142370223999
3 34 0 8  0.063167504966259
3 35 0 8  0.021181613206863403
3 36 0 8  0.006969958543777466
3 37 0 8  0.005019462667405605
3 38 0 8  0.0036773618776351213
3 39 0 8  0.003141469322144985
3 40 0 8  0.0031267954036593437
3 41 0 8  0.00296768918633461
3 42 0 8  0.002808648394420743
3 43 0 8  0.0034758278634399176
3 44 0 8  0.0028370367363095284
4 6 0 8  0.8653393387794495
4 7 0 8  0.6757775545120239
4 8 0 8  0.5969786643981934
4 9 0 8  0.027922429144382477
4 10 0 8  0.007549510337412357
4 11 0 8  0.0030137861613184214
4 12 0 8  0.003647042904049158
4 13 0 8  0.0032579824328422546
4 14 0 8  0.0027465084567666054
4 15 0 8  0.0026295091956853867
4 16 0 8  0.0025817211717367172
4 17 0 8  0.0024591051042079926
4 18 0 8  0.0026127654127776623
4 19 0 8  0.002886613830924034
4 20 0 8  0.00429890863597393
4 21 0 8  0.0065827444195747375
4 22 0 8  0.0033290190622210503
4 23 0 8  0.0034835084807127714
4 24 0 8  0.06685332953929901
4 25 0 8  0.01367163099348545
4 26 0 8  0.004133629612624645
4 27 0 8  0.03800509124994278
4 28 0 8  0.14721637964248657
4 29 0 8  0.006148155778646469
4 30 0 8  0.0061987945809960365
4 31 0 8  0.05114968866109848
4 32 0 8  0.12658895552158356
4 33 0 8  0.09441936016082764
4 34 0 8  0.04845841974020004
4 35 0 8  0.010120217688381672
4 36 0 8  0.00470871664583683
4 37 0 8  0.004116876050829887
4 38 0 8  0.003115961328148842
4 39 0 8  0.0029033301398158073
4 40 0 8  0.003173213452100754
4 41 0 8  0.002606607275083661
4 42 0 8  0.002786023076623678
4 43 0 8  0.0026032733730971813
4 44 0 8  0.0027221874333918095
5 7 0 8  0.8615636825561523
5 8 0 8  0.7607214450836182
5 9 0 8  0.8851779103279114
5 10 0 8  0.7803206443786621
5 11 0 8  0.006323623470962048
5 12 0 8  0.00503966212272644
5 13 0 8  0.03987176716327667
5 14 0 8  0.00376078300178051
5 15 0 8  0.0030769221484661102
5 16 0 8  0.0028310329653322697
5 17 0 8  0.002793974708765745
5 18 0 8  0.002809244906529784
5 19 0 8  0.0030534490942955017
5 20 0 8  0.014757397584617138
5 21 0 8  0.007650655694305897
5 22 0 8  0.004100246354937553
5 23 0 8  0.013563010841608047
5 24 0 8  0.5366841554641724
5 25 0 8  0.05077451840043068
5 26 0 8  0.007288872264325619
5 27 0 8  0.5564848780632019
5 28 0 8  0.3639339208602905
5 29 0 8  0.008115014061331749
5 30 0 8  0.007160137873142958
5 31 0 8  0.04428253695368767
5 32 0 8  0.33357882499694824
5 33 0 8  0.2675303816795349
5 34 0 8  0.25352194905281067
5 35 0 8  0.011186759918928146
5 36 0 8  0.005307822022587061
5 37 0 8  0.008265168406069279
5 38 0 8  0.003714454360306263
5 39 0 8  0.0030619767494499683
5 40 0 8  0.003388847690075636
5 41 0 8  0.0032599898986518383
5 42 0 8  0.0030887627508491278
5 43 0 8  0.002636540215462446
5 44 0 8  0.0026844050735235214
6 8 0 8  0.8752295970916748
6 9 0 8  0.8999444246292114
6 10 0 8  0.8989392518997192
6 11 0 8  0.0070322612300515175
6 12 0 8  0.002735667861998081
6 13 0 8  0.0029228534549474716
6 14 0 8  0.002620382234454155
6 15 0 8  0.0024888254702091217
6 16 0 8  0.0023026615381240845
6 17 0 8  0.002340935170650482
6 18 0 8  0.0026202290318906307
6 19 0 8  0.0023482206743210554
6 20 0 8  0.0052290186285972595
6 21 0 8  0.00286311749368906
6 22 0 8  0.0030679614283144474
6 23 0 8  0.0042009176686406136
6 24 0 8  0.09038502722978592
6 25 0 8  0.00619965884834528
6 26 0 8  0.003608058439567685
6 27 0 8  0.017693158239126205
6 28 0 8  0.008219003677368164
6 29 0 8  0.0029872304294258356
6 30 0 8  0.0033154929988086224
6 31 0 8  0.005816946737468243
6 32 0 8  0.044228583574295044
6 33 0 8  0.07718530297279358
6 34 0 8  0.0480525866150856
6 35 0 8  0.005820021498948336
6 36 0 8  0.004383920691907406
6 37 0 8  0.005268679931759834
6 38 0 8  0.0032317196018993855
6 39 0 8  0.0027934927493333817
6 40 0 8  0.002890673466026783
6 41 0 8  0.0026283827610313892
6 42 0 8  0.002738427836447954
6 43 0 8  0.002321655862033367
6 44 0 8  0.002607577946037054
7 9 0 8  0.9650948643684387
7 10 0 8  0.9802771806716919
7 11 0 8  0.9770606756210327
7 12 0 8  0.004363660700619221
7 13 0 8  0.003096706233918667
7 14 0 8  0.0036099087446928024
7 15 0 8  0.003032530192285776
7 16 0 8  0.0024927696213126183
7 17 0 8  0.0027409244794398546
7 18 0 8  0.003147621639072895
7 19 0 8  0.0032199022825807333
7 20 0 8  0.11670275777578354
7 21 0 8  0.00938667356967926
7 22 0 8  0.0034410012885928154
7 23 0 8  0.006139162927865982
7 24 0 8  0.11006034165620804
7 25 0 8  0.005085291340947151
7 26 0 8  0.003239549696445465
7 27 0 8  0.005808102898299694
7 28 0 8  0.0033996901474893093
7 29 0 8  0.002893807366490364
7 30 0 8  0.0027133929543197155
7 31 0 8  0.0028922141063958406
7 32 0 8  0.00379467336460948
7 33 0 8  0.004410751163959503
7 34 0 8  0.00515811238437891
7 35 0 8  0.003369478043168783
7 36 0 8  0.003320845076814294
7 37 0 8  0.0034491573460400105
7 38 0 8  0.0029584106523543596
7 39 0 8  0.0028511984273791313
7 40 0 8  0.0029615028761327267
7 41 0 8  0.0026238553691655397
7 42 0 8  0.002798333764076233
7 43 0 8  0.002435635309666395
7 44 0 8  0.0025344823952764273
8 10 0 8  0.9399842023849487
8 11 0 8  0.9705121517181396
8 12 0 8  0.8966009616851807
8 13 0 8  0.0028740600682795048
8 14 0 8  0.0025749709457159042
8 15 0 8  0.002484585391357541
8 16 0 8  0.0024554370902478695
8 17 0 8  0.002438201569020748
8 18 0 8  0.00261873472481966
8 19 0 8  0.00241849385201931
8 20 0 8  0.003581695258617401
8 21 0 8  0.002476826310157776
8 22 0 8  0.0027371624018996954
8 23 0 8  0.0028346949256956577
8 24 0 8  0.0032816894818097353
8 25 0 8  0.002700135111808777
8 26 0 8  0.0024035642854869366
8 27 0 8  0.003260448109358549
8 28 0 8  0.0024353361222893
8 29 0 8  0.002501352224498987
8 30 0 8  0.0025552031584084034
8 31 0 8  0.0025917240418493748
8 32 0 8  0.004772302228957415
8 33 0 8  0.006246721372008324
8 34 0 8  0.03293362632393837
8 35 0 8  0.0035317745059728622
8 36 0 8  0.0032248301431536674
8 37 0 8  0.003350537735968828
8 38 0 8  0.0029919969383627176
8 39 0 8  0.0027324515394866467
8 40 0 8  0.002954951487481594
8 41 0 8  0.0027170784305781126
8 42 0 8  0.0029693269170820713
8 43 0 8  0.002361450344324112
8 44 0 8  0.0024014865048229694
9 11 0 8  0.9772390127182007
9 12 0 8  0.9611072540283203
9 13 0 8  0.8846098184585571
9 14 0 8  0.002871816512197256
9 15 0 8  0.0026811608113348484
9 16 0 8  0.002439012285321951
9 17 0 8  0.002567481016740203
9 18 0 8  0.0028721769340336323
9 19 0 8  0.002390326000750065
9 20 0 8  0.005112519022077322
9 21 0 8  0.002460986841470003
9 22 0 8  0.002724741119891405
9 23 0 8  0.01748388446867466
9 24 0 8  0.007305240258574486
9 25 0 8  0.0027283048257231712
9 26 0 8  0.002914726734161377
9 27 0 8  0.10204573720693588
9 28 0 8  0.002999197691679001
9 29 0 8  0.0029235142283141613
9 30 0 8  0.003834455506876111
9 31 0 8  0.003762496169656515
9 32 0 8  0.07705140113830566
9 33 0 8  0.24521338939666748
9 34 0 8  0.9272105693817139
9 35 0 8  0.010663220658898354
9 36 0 8  0.004956204444169998
9 37 0 8  0.09085262566804886
9 38 0 8  0.016914673149585724
9 39 0 8  0.0032530552707612514
9 40 0 8  0.0031151319853961468
9 41 0 8  0.0033899941481649876
9 42 0 8  0.002960439305752516
9 43 0 8  0.0024963263422250748
9 44 0 8  0.0026365253143012524
10 12 0 8  0.9847362637519836
10 13 0 8  0.9874958395957947
10 14 0 8  0.9737776517868042
10 15 0 8  0.0042345765978097916
10 16 0 8  0.0031654126942157745
10 17 0 8  0.0035694774705916643
10 18 0 8  0.02782369777560234
10 19 0 8  0.007795425597578287
10 20 0 8  0.9170153737068176
10 21 0 8  0.009041180834174156
10 22 0 8  0.003206135705113411
10 23 0 8  0.968435525894165
10 24 0 8  0.7931989431381226
10 25 0 8  0.0028128589037805796
10 26 0 8  0.0046366192400455475
10 27 0 8  0.6014585494995117
10 28 0 8  0.002700167242437601
10 29 0 8  0.002646726556122303
10 30 0 8  0.0026255357079207897
10 31 0 8  0.0025179972872138023
10 32 0 8  0.005545850843191147
10 33 0 8  0.004335629753768444
10 34 0 8  0.1015567034482956
10 35 0 8  0.002979003358632326
10 36 0 8  0.0035851281136274338
10 37 0 8  0.029039809480309486
10 38 0 8  0.0049081649631261826
10 39 0 8  0.003359138499945402
10 40 0 8  0.0035653540398925543
10 41 0 8  0.008962253108620644
10 42 0 8  0.003961014561355114
10 43 0 8  0.002479123417288065
10 44 0 8  0.0025798764545470476
11 13 0 8  0.9880515336990356
11 14 0 8  0.9892711043357849
11 15 0 8  0.9827759265899658
11 16 0 8  0.004634106531739235
11 17 0 8  0.004556650295853615
11 18 0 8  0.005814544856548309
11 19 0 8  0.004186614882200956
11 20 0 8  0.23426678776741028
11 21 0 8  0.0024736300110816956
11 22 0 8  0.0026056019123643637
11 23 0 8  0.04881467670202255
11 24 0 8  0.0032648653723299503
11 25 0 8  0.0024709152057766914
11 26 0 8  0.0021422025747597218
11 27 0 8  0.0023912745527923107
11 28 0 8  0.0020245679188519716
11 29 0 8  0.0022515677846968174
11 30 0 8  0.0022912027779966593
11 31 0 8  0.0021697748452425003
11 32 0 8  0.002876587910577655
11 33 0 8  0.002671844093129039
11 34 0 8  0.004027446731925011
11 35 0 8  0.002625764347612858
11 36 0 8  0.0027147498913109303
11 37 0 8  0.003567068837583065
11 38 0 8  0.003454921767115593
11 39 0 8  0.002957080490887165
11 40 0 8  0.0027817613445222378
11 41 0 8  0.0028990297578275204
11 42 0 8  0.0027548056095838547
11 43 0 8  0.0024102902971208096
11 44 0 8  0.002352597191929817
12 14 0 8  0.9898339509963989
12 15 0 8  0.9905374050140381
12 16 0 8  0.9731112718582153
12 17 0 8  0.009911310859024525
12 18 0 8  0.004735514055937529
12 19 0 8  0.0028914662543684244
12 20 0 8  0.0036612791009247303
12 21 0 8  0.002620858373120427
12 22 0 8  0.0024770621675997972
12 23 0 8  0.0031203588005155325
12 24 0 8  0.0024478225968778133
12 25 0 8  0.0025848611257970333
12 26 0 8  0.0023061512038111687
12 27 0 8  0.0033890882041305304
12 28 0 8  0.002084412146359682
12 29 0 8  0.002507148776203394
12 30 0 8  0.0027171080000698566
12 31 0 8  0.0023319744504988194
12 32 0 8  0.005208232440054417
12 33 0 8  0.004255465231835842
12 34 0 8  0.7487292289733887
12 35 0 8  0.00677855871617794
12 36 0 8  0.00320566538721323
12 37 0 8  0.01234605722129345
12 38 0 8  0.2616766095161438
12 39 0 8  0.0027414574287831783
12 40 0 8  0.002800761489197612
12 41 0 8  0.004617187660187483
12 42 0 8  0.004753376357257366
12 43 0 8  0.0026083197444677353
12 44 0 8  0.0027987700887024403
13 15 0 8  0.989051103591919
13 16 0 8  0.9904330968856812
13 17 0 8  0.9653507471084595
13 18 0 8  0.7289878726005554
13 19 0 8  0.00949760153889656
13 20 0 8  0.030972277745604515
13 21 0 8  0.002481278497725725
13 22 0 8  0.02364156022667885
13 23 0 8  0.9442853927612305
13 24 0 8  0.00508749857544899
13 25 0 8  0.0028583237435668707
13 26 0 8  0.125328928232193
13 27 0 8  0.40216970443725586
13 28 0 8  0.002236434491351247
13 29 0 8  0.0024074390530586243
13 30 0 8  0.002438152441754937
13 31 0 8  0.0023071295581758022
13 32 0 8  0.00471420306712389
13 33 0 8  0.00759703665971756
13 34 0 8  0.8744238615036011
13 35 0 8  0.015235825441777706
13 36 0 8  0.0044454848393797874
13 37 0 8  0.8833752870559692
13 38 0 8  0.9118765592575073
13 39 0 8  0.004361492581665516
13 40 0 8  0.010960336774587631
13 41 0 8  0.692870557308197
13 42 0 8  0.009368013590574265
13 43 0 8  0.002880980260670185
13 44 0 8  0.0029571927152574062
14 16 0 8  0.9837563037872314
14 17 0 8  0.9843398332595825
14 18 0 8  0.9949959516525269
14 19 0 8  0.8468468189239502
14 20 0 8  0.9279178380966187
14 21 0 8  0.003202269319444895
14 22 0 8  0.029099058359861374
14 23 0 8  0.9634113311767578
14 24 0 8  0.006942249834537506
14 25 0 8  0.0027377395890653133
14 26 0 8  0.0028105727396905422
14 27 0 8  0.0029738687444478273
14 28 0 8  0.00205783499404788
14 29 0 8  0.002236275002360344
14 30 0 8  0.002253953367471695
14 31 0 8  0.0023813918232917786
14 32 0 8  0.0027742714155465364
14 33 0 8  0.0024842675775289536
14 34 0 8  0.003982324153184891
14 35 0 8  0.0025342642329633236
14 36 0 8  0.0026123770512640476
14 37 0 8  0.006332110613584518
14 38 0 8  0.007288331165909767
14 39 0 8  0.0024300571531057358
14 40 0 8  0.0028440009336918592
14 41 0 8  0.012627675198018551
14 42 0 8  0.00326065206900239
14 43 0 8  0.002874665427953005
14 44 0 8  0.0033194730058312416
15 17 0 8  0.9909104108810425
15 18 0 8  0.9877526760101318
15 19 0 8  0.9092985987663269
15 20 0 8  0.006045275367796421
15 21 0 8  0.002303062006831169
15 22 0 8  0.0024571772664785385
15 23 0 8  0.004628513474017382
15 24 0 8  0.002050343668088317
15 25 0 8  0.0026916605420410633
15 26 0 8  0.002760973060503602
15 27 0 8  0.0023449957370758057
15 28 0 8  0.0021275088656693697
15 29 0 8  0.0021624783985316753
15 30 0 8  0.0020539858378469944
15 31 0 8  0.0022873650304973125
15 32 0 8  0.002558347536250949
15 33 0 8  0.0022782105952501297
15 34 0 8  0.0034485049545764923
15 35 0 8  0.0026665604673326015
15 36 0 8  0.002689084503799677
15 37 0 8  0.0035112123005092144
15 38 0 8  0.006987459491938353
15 39 0 8  0.002722476376220584
15 40 0 8  0.0030299716163426638
15 41 0 8  0.004424602724611759
15 42 0 8  0.00395904341712594
15 43 0 8  0.003642492461949587
15 44 0 8  0.004402481950819492
16 18 0 8  0.993106484413147
16 19 0 8  0.9794468879699707
16 20 0 8  0.7898497581481934
16 21 0 8  0.0029793493449687958
16 22 0 8  0.003033875487744808
16 23 0 8  0.0171182993799448
16 24 0 8  0.0026365360245108604
16 25 0 8  0.002975358162075281
16 26 0 8  0.005319792777299881
16 27 0 8  0.0029693094547837973
16 28 0 8  0.0023900303058326244
16 29 0 8  0.002193800639361143
16 30 0 8  0.002216933062300086
16 31 0 8  0.0024151054676622152
16 32 0 8  0.0033672875724732876
16 33 0 8  0.003588820341974497
16 34 0 8  0.06782522797584534
16 35 0 8  0.006966373883187771
16 36 0 8  0.005920893512666225
16 37 0 8  0.06773049384355545
16 38 0 8  0.8122013807296753
16 39 0 8  0.008655218407511711
16 40 0 8  0.014038082212209702
16 41 0 8  0.6868559122085571
16 42 0 8  0.2604902684688568
16 43 0 8  0.005284000188112259
16 44 0 8  0.009173905476927757
17 19 0 8  0.9925016164779663
17 20 0 8  0.9546289443969727
17 21 0 8  0.6851869225502014
17 22 0 8  0.01876937225461006
17 23 0 8  0.06539229303598404
17 24 0 8  0.002866980619728565
17 25 0 8  0.0032106381841003895
17 26 0 8  0.007154442369937897
17 27 0 8  0.0024068388156592846
17 28 0 8  0.002245670184493065
17 29 0 8  0.002582719549536705
17 30 0 8  0.002313495147973299
17 31 0 8  0.002493153791874647
17 32 0 8  0.0027079996652901173
17 33 0 8  0.0025525339879095554
17 34 0 8  0.006139320321381092
17 35 0 8  0.003237219527363777
17 36 0 8  0.003138152416795492
17 37 0 8  0.011196179315447807
17 38 0 8  0.028318647295236588
17 39 0 8  0.003916215151548386
17 40 0 8  0.004996763542294502
17 41 0 8  0.19043099880218506
17 42 0 8  0.060094788670539856
17 43 0 8  0.009570550173521042
17 44 0 8  0.013848042115569115
18 20 0 8  0.988997220993042
18 21 0 8  0.960687518119812
18 22 0 8  0.980824887752533
18 23 0 8  0.9514457583427429
18 24 0 8  0.010198207572102547
18 25 0 8  0.006739029660820961
18 26 0 8  0.5220524072647095
18 27 0 8  0.006629402749240398
18 28 0 8  0.0027619199827313423
18 29 0 8  0.0025676623918116093
18 30 0 8  0.002403206191956997
18 31 0 8  0.0023960471153259277
18 32 0 8  0.0029539805836975574
18 33 0 8  0.003161252476274967
18 34 0 8  0.017588403075933456
18 35 0 8  0.003306454513221979
18 36 0 8  0.003235645592212677
18 37 0 8  0.06514373421669006
18 38 0 8  0.08770313858985901
18 39 0 8  0.003731181612238288
18 40 0 8  0.006850954610854387
18 41 0 8  0.9162713885307312
18 42 0 8  0.06635382026433945
18 43 0 8  0.005205102264881134
18 44 0 8  0.01754775270819664
19 21 0 8  0.9878549575805664
19 22 0 8  0.9918341636657715
19 23 0 8  0.9452083110809326
19 24 0 8  0.0060033900663256645
19 25 0 8  0.002748678671196103
19 26 0 8  0.004379769787192345
19 27 0 8  0.0024309493601322174
19 28 0 8  0.002207024022936821
19 29 0 8  0.0021783390548080206
19 30 0 8  0.0020999936386942863
19 31 0 8  0.002187310019508004
19 32 0 8  0.0021876355167478323
19 33 0 8  0.002275837119668722
19 34 0 8  0.002559924963861704
19 35 0 8  0.0022350880317389965
19 36 0 8  0.002084595151245594
19 37 0 8  0.0029109627939760685
19 38 0 8  0.002355356002226472
19 39 0 8  0.0025838471483439207
19 40 0 8  0.00278674834407866
19 41 0 8  0.01048267725855112
19 42 0 8  0.006087834015488625
19 43 0 8  0.00406633922830224
19 44 0 8  0.00644412636756897
20 22 0 8  0.9889130592346191
20 23 0 8  0.9763095378875732
20 24 0 8  0.9316322803497314
20 25 0 8  0.005411651451140642
20 26 0 8  0.0045329499989748
20 27 0 8  0.002963935025036335
20 28 0 8  0.002300386084243655
20 29 0 8  0.002286217175424099
20 30 0 8  0.002209342084825039
20 31 0 8  0.002256557811051607
20 32 0 8  0.002356971614062786
20 33 0 8  0.0025055096484720707
20 34 0 8  0.006801816169172525
20 35 0 8  0.0025157183408737183
20 36 0 8  0.0021709995344281197
20 37 0 8  0.0030439160764217377
20 38 0 8  0.002659875201061368
20 39 0 8  0.002697843126952648
20 40 0 8  0.002840182278305292
20 41 0 8  0.003710128366947174
20 42 0 8  0.0034858635626733303
20 43 0 8  0.003025885671377182
20 44 0 8  0.0034411551896482706
21 23 0 8  0.8344238996505737
21 24 0 8  0.8398628234863281
21 25 0 8  0.4534109830856323
21 26 0 8  0.0031117629259824753
21 27 0 8  0.0022589508444070816
21 28 0 8  0.0023142900317907333
21 29 0 8  0.0025664428249001503
21 30 0 8  0.0021209600381553173
21 31 0 8  0.002166920341551304
21 32 0 8  0.0021635722368955612
21 33 0 8  0.002170985098928213
21 34 0 8  0.0023168905172497034
21 35 0 8  0.0022718484979122877
21 36 0 8  0.002287053968757391
21 37 0 8  0.0025451239198446274
21 38 0 8  0.002321375533938408
21 39 0 8  0.0025762892328202724
21 40 0 8  0.0022654845379292965
21 41 0 8  0.0032060465309768915
21 42 0 8  0.003058201167732477
21 43 0 8  0.0026856446638703346
21 44 0 8  0.0040351953357458115
22 24 0 8  0.9043080806732178
22 25 0 8  0.6013215780258179
22 26 0 8  0.293962687253952
22 27 0 8  0.002896231133490801
22 28 0 8  0.0024326560087502003
22 29 0 8  0.0024725114926695824
22 30 0 8  0.0025325422175228596
22 31 0 8  0.0023166746832430363
22 32 0 8  0.002460516057908535
22 33 0 8  0.0021375708747655153
22 34 0 8  0.0030569809023290873
22 35 0 8  0.0022034395951777697
22 36 0 8  0.002162269549444318
22 37 0 8  0.01627231016755104
22 38 0 8  0.003140482120215893
22 39 0 8  0.0026777302846312523
22 40 0 8  0.014700448140501976
22 41 0 8  0.7209131717681885
22 42 0 8  0.01331016980111599
22 43 0 8  0.00503205694258213
22 44 0 8  0.0446176752448082
23 25 0 8  0.7236732244491577
23 26 0 8  0.5736153721809387
23 27 0 8  0.3235147297382355
23 28 0 8  0.0025076312012970448
23 29 0 8  0.0024012564681470394
23 30 0 8  0.0025987555272877216
23 31 0 8  0.0021031838841736317
23 32 0 8  0.003731359727680683
23 33 0 8  0.0041933367028832436
23 34 0 8  0.5195379257202148
23 35 0 8  0.0035921563394367695
23 36 0 8  0.003177151083946228
23 37 0 8  0.9483687877655029
23 38 0 8  0.21954327821731567
23 39 0 8  0.0030453684739768505
23 40 0 8  0.009453476406633854
23 41 0 8  0.7914108037948608
23 42 0 8  0.024404916912317276
23 43 0 8  0.002890179865062237
23 44 0 8  0.0035283747129142284
24 26 0 8  0.5122487545013428
24 27 0 8  0.3910607695579529
24 28 0 8  0.3346055746078491
24 29 0 8  0.00431462936103344
24 30 0 8  0.0071748229674994946
24 31 0 8  0.0038358354941010475
24 32 0 8  0.044911954551935196
24 33 0 8  0.020472032949328423
24 34 0 8  0.10423878580331802
24 35 0 8  0.0026734231505542994
24 36 0 8  0.002645045518875122
24 37 0 8  0.033941783010959625
24 38 0 8  0.002208071295171976
24 39 0 8  0.003046369180083275
24 40 0 8  0.002943418687209487
24 41 0 8  0.0027839033864438534
24 42 0 8  0.00274284603074193
24 43 0 8  0.002581218257546425
24 44 0 8  0.0023214048705995083
25 27 0 8  0.48283863067626953
25 28 0 8  0.326635479927063
25 29 0 8  0.4241473376750946
25 30 0 8  0.0065020909532904625
25 31 0 8  0.003305628430098295
25 32 0 8  0.004272112622857094
25 33 0 8  0.0029912693426012993
25 34 0 8  0.002809714525938034
25 35 0 8  0.002872515469789505
25 36 0 8  0.002568415366113186
25 37 0 8  0.005328746046870947
25 38 0 8  0.0027718294877558947
25 39 0 8  0.003098647575825453
25 40 0 8  0.024674808606505394
25 41 0 8  0.013441076502203941
25 42 0 8  0.002997030969709158
25 43 0 8  0.0026444941759109497
25 44 0 8  0.005063777789473534
26 28 0 8  0.4524088501930237
26 29 0 8  0.5026562213897705
26 30 0 8  0.3800561726093292
26 31 0 8  0.0036763763055205345
26 32 0 8  0.012858604080975056
26 33 0 8  0.011334454640746117
26 34 0 8  0.010395501740276814
26 35 0 8  0.0029552385676652193
26 36 0 8  0.2951141595840454
26 37 0 8  0.9941089153289795
26 38 0 8  0.2302711009979248
26 39 0 8  0.016238633543252945
26 40 0 8  0.9815195798873901
26 41 0 8  0.9680895805358887
26 42 0 8  0.005758686922490597
26 43 0 8  0.004003575071692467
26 44 0 8  0.01260470598936081
27 29 0 8  0.4862182140350342
27 30 0 8  0.6885675191879272
27 31 0 8  0.7700414061546326
27 32 0 8  0.92543625831604
27 33 0 8  0.9002947807312012
27 34 0 8  0.760240912437439
27 35 0 8  0.0029363061767071486
27 36 0 8  0.03672700747847557
27 37 0 8  0.9946415424346924
27 38 0 8  0.00644706329330802
27 39 0 8  0.003039909526705742
27 40 0 8  0.008244095370173454
27 41 0 8  0.010911624878644943
27 42 0 8  0.0032332264818251133
27 43 0 8  0.002225133590400219
27 44 0 8  0.002218484878540039
28 30 0 8  0.9267926216125488
28 31 0 8  0.9249467849731445
28 32 0 8  0.9262224435806274
28 33 0 8  0.07761919498443604
28 34 0 8  0.0032366435043513775
28 35 0 8  0.002592948731034994
28 36 0 8  0.0029236432164907455
28 37 0 8  0.005106082186102867
28 38 0 8  0.0025165677070617676
28 39 0 8  0.002934750635176897
28 40 0 8  0.003050072817131877
28 41 0 8  0.002305180300027132
28 42 0 8  0.002606854075565934
28 43 0 8  0.002426672726869583
28 44 0 8  0.002106260973960161
29 31 0 8  0.8571627140045166
29 32 0 8  0.8012303113937378
29 33 0 8  0.4677871763706207
29 34 0 8  0.0031911940313875675
29 35 0 8  0.002597854007035494
29 36 0 8  0.05170780420303345
29 37 0 8  0.4433853030204773
29 38 0 8  0.0025642099790275097
29 39 0 8  0.004756425507366657
29 40 0 8  0.6795722246170044
29 41 0 8  0.0030855340883135796
29 42 0 8  0.0029390384443104267
29 43 0 8  0.0029206338804215193
29 44 0 8  0.003281783778220415
30 32 0 8  0.9332528114318848
30 33 0 8  0.8938388824462891
30 34 0 8  0.57401043176651
30 35 0 8  0.01320028118789196
30 36 0 8  0.9813851118087769
30 37 0 8  0.9909754991531372
30 38 0 8  0.003910148050636053
30 39 0 8  0.12410184741020203
30 40 0 8  0.9012949466705322
30 41 0 8  0.004443703219294548
30 42 0 8  0.0028232871554791927
30 43 0 8  0.0025432053953409195
30 44 0 8  0.0026525778230279684
31 33 0 8  0.8251856565475464
31 34 0 8  0.5885500907897949
31 35 0 8  0.5039833188056946
31 36 0 8  0.2181747853755951
31 37 0 8  0.011961663141846657
31 38 0 8  0.0024953384418040514
31 39 0 8  0.0032366267405450344
31 40 0 8  0.003930183127522469
31 41 0 8  0.002072353148832917
31 42 0 8  0.002631999086588621
31 43 0 8  0.002357129007577896
31 44 0 8  0.0023221196606755257
32 34 0 8  0.8284181356430054
32 35 0 8  0.7444002628326416
32 36 0 8  0.9132310748100281
32 37 0 8  0.16751745343208313
32 38 0 8  0.0029903666581958532
32 39 0 8  0.003362365998327732
32 40 0 8  0.005776830017566681
32 41 0 8  0.0025028090458363295
32 42 0 8  0.0026136906817555428
32 43 0 8  0.0022609741427004337
32 44 0 8  0.0023109326139092445
33 35 0 8  0.7379441857337952
33 36 0 8  0.8246926069259644
33 37 0 8  0.6640322208404541
33 38 0 8  0.0033295168541371822
33 39 0 8  0.003216240555047989
33 40 0 8  0.00428253598511219
33 41 0 8  0.0024741487577557564
33 42 0 8  0.0027069493662565947
33 43 0 8  0.0023032641038298607
33 44 0 8  0.002508217468857765
34 36 0 8  0.29206472635269165
34 37 0 8  0.3882982134819031
34 38 0 8  0.2384195327758789
34 39 0 8  0.003155778395012021
34 40 0 8  0.003299013478681445
34 41 0 8  0.0027316678315401077
34 42 0 8  0.0031958972103893757
34 43 0 8  0.0025809810031205416
34 44 0 8  0.0027789720334112644
35 37 0 8  0.21959719061851501
35 38 0 8  0.23518049716949463
35 39 0 8  0.24433255195617676
35 40 0 8  0.005176679231226444
35 41 0 8  0.00288362056016922
35 42 0 8  0.003254146780818701
35 43 0 8  0.0034796646796166897
35 44 0 8  0.003587150014936924
36 38 0 8  0.21423228085041046
36 39 0 8  0.23913782835006714
36 40 0 8  0.21254616975784302
36 41 0 8  0.0032475129701197147
36 42 0 8  0.003197108395397663
36 43 0 8  0.003728124313056469
36 44 0 8  0.003960237838327885
37 39 0 8  0.2102540135383606
37 40 0 8  0.20615175366401672
37 41 0 8  0.21334166824817657
37 42 0 8  0.004641656763851643
37 43 0 8  0.003162246197462082
37 44 0 8  0.0034143468365073204
38 40 0 8  0.20999228954315186
38 41 0 8  0.20418156683444977
38 42 0 8  0.20228123664855957
38 43 0 8  0.005734854377806187
38 44 0 8  0.00671119149774313
39 41 0 8  0.2205844223499298
39 42 0 8  0.2496064156293869
39 43 0 8  0.2340249866247177
39 44 0 8  0.027980947867035866
40 42 0 8  0.24683113396167755
40 43 0 8  0.2236829400062561
40 44 0 8  0.20152011513710022
41 43 0 8  0.20244476199150085
41 44 0 8  0.19810988008975983
42 44 0 8  0.19836106896400452
