23	26	0	8	0.99984
10	13	0	8	0.99982
24	27	0	8	0.99981
25	28	0	8	0.99950
22	25	0	8	0.99945
20	23	0	8	0.99925
9	12	0	8	0.99923
26	29	0	8	0.99921
21	24	0	8	0.99907
11	14	0	8	0.99891
23	27	0	8	0.99890
19	22	0	8	0.99878
22	26	0	8	0.99858
37	40	0	8	0.99857
13	23	0	8	0.99801
36	39	0	8	0.99779
38	41	0	8	0.99777
27	37	0	8	0.99750
19	23	0	8	0.99724
26	37	0	8	0.99704
24	28	0	8	0.99677
27	30	0	8	0.99676
13	16	0	8	0.99661
20	24	0	8	0.99614
7	10	0	8	0.99606
30	37	0	8	0.99603
12	15	0	8	0.99582
18	22	0	8	0.99560
34	37	0	8	0.99543
8	11	0	8	0.99539
35	38	0	8	0.99525
25	29	0	8	0.99458
10	14	0	8	0.99457
30	36	0	8	0.99440
33	36	0	8	0.99419
21	25	0	8	0.99419
9	13	0	8	0.99293
18	23	0	8	0.99291
10	23	0	8	0.99225
37	41	0	8	0.99191
39	42	0	8	0.99191
36	40	0	8	0.99030
34	38	0	8	0.98920
26	30	0	8	0.98891
38	42	0	8	0.98822
6	9	0	8	0.98816
26	40	0	8	0.98594
33	37	0	8	0.98483
14	23	0	8	0.98450
8	12	0	8	0.98434
26	41	0	8	0.98180
35	39	0	8	0.98133
7	11	0	8	0.98123
6	10	0	8	0.97763
11	15	0	8	0.97682
30	40	0	8	0.97442
14	17	0	8	0.96949
14	18	0	8	0.96762
13	37	0	8	0.96492
40	43	0	8	0.95791
39	43	0	8	0.95785
18	41	0	8	0.95337
5	9	0	8	0.94592
27	32	0	8	0.94531
12	34	0	8	0.94418
13	34	0	8	0.94394
5	10	0	8	0.94315
30	33	0	8	0.93775
13	18	0	8	0.93689
13	38	0	8	0.93670
14	20	0	8	0.93336
9	34	0	8	0.92799
22	41	0	8	0.91531
12	16	0	8	0.91072
13	26	0	8	0.90084
9	27	0	8	0.88473
27	34	0	8	0.87435
28	31	0	8	0.87055
10	27	0	8	0.85667
23	41	0	8	0.85006
29	40	0	8	0.83622
5	27	0	8	0.83495
23	37	0	8	0.82524
32	37	0	8	0.82293
10	24	0	8	0.82120
13	27	0	8	0.81672
13	41	0	8	0.80831
16	38	0	8	0.79739
40	44	0	8	0.79566
18	26	0	8	0.74651
10	20	0	8	0.72719
14	19	0	8	0.70253
28	32	0	8	0.70174
27	33	0	8	0.69900
9	32	0	8	0.69417
29	37	0	8	0.66165
41	44	0	8	0.65427
5	32	0	8	0.64516
5	24	0	8	0.63835
13	17	0	8	0.58642
27	31	0	8	0.52881
9	33	0	8	0.51172
31	36	0	8	0.50668
16	41	0	8	0.45087
26	38	0	8	0.43823
32	36	0	8	0.42493
16	42	0	8	0.41367
3	28	0	8	0.40331
30	39	0	8	0.35373
5	13	0	8	0.30860
30	34	0	8	0.30486
3	24	0	8	0.29474
3	32	0	8	0.27892
18	38	0	8	0.27188
26	36	0	8	0.26244
18	42	0	8	0.26217
10	34	0	8	0.25184
4	32	0	8	0.24810
39	44	0	8	0.24495
2	28	0	8	0.24113
12	38	0	8	0.23578
3	27	0	8	0.23175
9	37	0	8	0.22617
3	31	0	8	0.22191
31	37	0	8	0.22081
5	34	0	8	0.21707
13	22	0	8	0.21692
5	28	0	8	0.21671
1	28	0	8	0.21543
5	23	0	8	0.20592
1	4	0	8	0.18892
23	38	0	8	0.16970
2	5	0	8	0.16878
2	32	0	8	0.16378
6	27	0	8	0.16374
4	24	0	8	0.16099
23	34	0	8	0.15015
4	28	0	8	0.14596
5	33	0	8	0.14460
2	31	0	8	0.14450
6	32	0	8	0.14199
2	24	0	8	0.13992
22	44	0	8	0.13454
10	37	0	8	0.13190
17	23	0	8	0.12869
25	41	0	8	0.12372
1	31	0	8	0.12297
25	40	0	8	0.12215
4	27	0	8	0.12146
3	6	0	8	0.12093
1	32	0	8	0.11443
9	23	0	8	0.11431
27	36	0	8	0.11041
4	7	0	8	0.11039
16	23	0	8	0.10967
1	5	0	8	0.10574
17	22	0	8	0.10521
2	27	0	8	0.09917
26	44	0	8	0.09882
1	24	0	8	0.09611
14	22	0	8	0.09515
4	31	0	8	0.09503
12	35	0	8	0.09319
11	20	0	8	0.09318
17	42	0	8	0.09140
38	43	0	8	0.09119
3	7	0	8	0.09009
16	34	0	8	0.08763
5	31	0	8	0.08676
29	36	0	8	0.07871
19	41	0	8	0.07512
2	33	0	8	0.07167
18	37	0	8	0.07119
17	41	0	8	0.07118
6	34	0	8	0.06996
2	6	0	8	0.06911
5	8	0	8	0.06860
4	8	0	8	0.06846
3	33	0	8	0.06739
5	37	0	8	0.06688
1	27	0	8	0.06647
11	23	0	8	0.06341
1	33	0	8	0.05990
24	37	0	8	0.05698
30	35	0	8	0.05664
5	20	0	8	0.05628
22	37	0	8	0.05455
4	33	0	8	0.05210
4	9	0	8	0.05081
7	20	0	8	0.04973
9	26	0	8	0.04852
13	20	0	8	0.04562
13	42	0	8	0.04464
3	30	0	8	0.04453
12	37	0	8	0.04434
15	38	0	8	0.04395
4	10	0	8	0.04345
17	38	0	8	0.04261
3	25	0	8	0.04260
25	44	0	8	0.04219
3	10	0	8	0.04180
1	25	0	8	0.04168
6	24	0	8	0.04090
26	32	0	8	0.04077
8	34	0	8	0.03930
1	6	0	8	0.03806
18	44	0	8	0.03605
24	34	0	8	0.03604
7	24	0	8	0.03534
3	34	0	8	0.03510
4	34	0	8	0.03481
22	40	0	8	0.03460
16	37	0	8	0.03443
31	34	0	8	0.03385
2	25	0	8	0.03279
9	31	0	8	0.03154
12	33	0	8	0.03105
2	7	0	8	0.02969
15	18	0	8	0.02956
3	9	0	8	0.02789
29	44	0	8	0.02685
29	32	0	8	0.02637
2	30	0	8	0.02581
1	21	0	8	0.02481
2	34	0	8	0.02457
22	42	0	8	0.02397
1	30	0	8	0.02340
16	26	0	8	0.02320
6	33	0	8	0.02286
25	37	0	8	0.02238
27	40	0	8	0.02220
29	41	0	8	0.02216
1	7	0	8	0.02215
10	32	0	8	0.02189
2	21	0	8	0.02172
2	10	0	8	0.02155
9	30	0	8	0.02075
26	33	0	8	0.01983
13	35	0	8	0.01924
13	24	0	8	0.01886
9	35	0	8	0.01871
10	26	0	8	0.01835
1	34	0	8	0.01760
3	20	0	8	0.01716
26	34	0	8	0.01712
11	34	0	8	0.01683
32	40	0	8	0.01672
28	37	0	8	0.01669
3	21	0	8	0.01665
3	8	0	8	0.01641
30	41	0	8	0.01639
2	9	0	8	0.01629
2	35	0	8	0.01595
1	29	0	8	0.01588
13	19	0	8	0.01506
29	33	0	8	0.01492
1	35	0	8	0.01490
27	41	0	8	0.01483
9	36	0	8	0.01482
31	35	0	8	0.01461
14	41	0	8	0.01432
5	30	0	8	0.01419
2	20	0	8	0.01409
26	39	0	8	0.01369
10	18	0	8	0.01331
23	40	0	8	0.01312
38	44	0	8	0.01311
7	27	0	8	0.01288
4	20	0	8	0.01279
16	39	0	8	0.01279
3	29	0	8	0.01252
9	24	0	8	0.01245
27	38	0	8	0.01218
1	20	0	8	0.01211
28	33	0	8	0.01201
10	41	0	8	0.01184
20	41	0	8	0.01166
8	32	0	8	0.01137
1	36	0	8	0.01083
1	10	0	8	0.01083
12	27	0	8	0.01028
32	35	0	8	0.01016
31	40	0	8	0.00992
16	35	0	8	0.00985
2	29	0	8	0.00974
17	44	0	8	0.00974
1	9	0	8	0.00964
3	35	0	8	0.00963
13	33	0	8	0.00954
13	40	0	8	0.00948
14	42	0	8	0.00945
18	21	0	8	0.00934
9	28	0	8	0.00900
22	38	0	8	0.00857
3	23	0	8	0.00849
4	35	0	8	0.00831
5	26	0	8	0.00808
19	42	0	8	0.00799
2	36	0	8	0.00791
4	30	0	8	0.00763
9	38	0	8	0.00737
12	23	0	8	0.00724
30	38	0	8	0.00716
2	8	0	8	0.00715
19	44	0	8	0.00713
14	38	0	8	0.00712
6	31	0	8	0.00712
3	36	0	8	0.00696
15	34	0	8	0.00695
18	40	0	8	0.00694
16	44	0	8	0.00692
17	26	0	8	0.00635
10	38	0	8	0.00626
6	28	0	8	0.00608
3	37	0	8	0.00604
2	37	0	8	0.00599
37	42	0	8	0.00587
5	25	0	8	0.00577
4	23	0	8	0.00568
5	35	0	8	0.00568
13	32	0	8	0.00555
1	22	0	8	0.00547
14	24	0	8	0.00543
12	32	0	8	0.00530
13	30	0	8	0.00530
6	11	0	8	0.00517
1	8	0	8	0.00514
6	20	0	8	0.00507
23	42	0	8	0.00502
5	36	0	8	0.00487
10	19	0	8	0.00474
4	37	0	8	0.00469
4	25	0	8	0.00469
36	44	0	8	0.00464
21	44	0	8	0.00445
5	38	0	8	0.00437
9	20	0	8	0.00434
26	31	0	8	0.00415
29	39	0	8	0.00404
2	22	0	8	0.00404
4	36	0	8	0.00403
16	43	0	8	0.00397
10	21	0	8	0.00382
6	35	0	8	0.00376
21	41	0	8	0.00373
26	42	0	8	0.00366
26	43	0	8	0.00366
2	23	0	8	0.00361
5	12	0	8	0.00357
30	44	0	8	0.00348
10	33	0	8	0.00346
3	26	0	8	0.00339
12	26	0	8	0.00338
7	23	0	8	0.00333
22	43	0	8	0.00333
7	32	0	8	0.00325
15	42	0	8	0.00318
6	23	0	8	0.00316
1	37	0	8	0.00314
29	43	0	8	0.00307
7	34	0	8	0.00303
15	19	0	8	0.00293
4	21	0	8	0.00290
17	20	0	8	0.00286
23	44	0	8	0.00283
8	33	0	8	0.00265
27	35	0	8	0.00260
13	36	0	8	0.00260
17	43	0	8	0.00257
5	41	0	8	0.00256
18	43	0	8	0.00248
1	23	0	8	0.00246
5	14	0	8	0.00239
18	25	0	8	0.00239
37	44	0	8	0.00239
16	40	0	8	0.00237
4	38	0	8	0.00229
16	22	0	8	0.00225
12	18	0	8	0.00220
16	19	0	8	0.00218
28	34	0	8	0.00210
3	38	0	8	0.00204
3	11	0	8	0.00199
5	21	0	8	0.00197
2	13	0	8	0.00193
17	37	0	8	0.00192
5	11	0	8	0.00192
35	44	0	8	0.00190
1	11	0	8	0.00189
3	13	0	8	0.00187
25	30	0	8	0.00185
7	12	0	8	0.00184
12	17	0	8	0.00181
12	41	0	8	0.00179
2	11	0	8	0.00174
18	34	0	8	0.00169
1	26	0	8	0.00168
8	27	0	8	0.00163
4	29	0	8	0.00158
18	27	0	8	0.00157
15	23	0	8	0.00152
2	26	0	8	0.00150
24	41	0	8	0.00145
6	37	0	8	0.00136
35	40	0	8	0.00135
4	13	0	8	0.00134
1	19	0	8	0.00134
12	39	0	8	0.00133
2	38	0	8	0.00131
13	39	0	8	0.00131
8	35	0	8	0.00130
1	40	0	8	0.00124
36	41	0	8	0.00121
1	13	0	8	0.00119
14	37	0	8	0.00117
6	12	0	8	0.00116
28	40	0	8	0.00114
12	42	0	8	0.00111
14	21	0	8	0.00111
4	11	0	8	0.00106
25	43	0	8	0.00106
4	12	0	8	0.00106
1	39	0	8	0.00104
15	20	0	8	0.00102
5	40	0	8	0.00101
17	21	0	8	0.00098
17	39	0	8	0.00097
3	22	0	8	0.00092
8	31	0	8	0.00091
4	26	0	8	0.00090
2	19	0	8	0.00090
10	28	0	8	0.00089
3	12	0	8	0.00087
2	12	0	8	0.00087
15	41	0	8	0.00085
1	38	0	8	0.00085
3	40	0	8	0.00085
34	39	0	8	0.00084
1	12	0	8	0.00083
14	26	0	8	0.00081
2	40	0	8	0.00080
26	35	0	8	0.00079
1	18	0	8	0.00076
18	39	0	8	0.00075
1	14	0	8	0.00074
10	42	0	8	0.00074
1	43	0	8	0.00073
12	30	0	8	0.00072
14	34	0	8	0.00071
6	30	0	8	0.00071
13	44	0	8	0.00070
17	40	0	8	0.00070
2	39	0	8	0.00069
5	29	0	8	0.00069
2	14	0	8	0.00068
8	13	0	8	0.00068
24	29	0	8	0.00067
8	20	0	8	0.00066
9	41	0	8	0.00066
1	16	0	8	0.00065
8	24	0	8	0.00065
13	25	0	8	0.00064
19	38	0	8	0.00064
6	38	0	8	0.00063
21	26	0	8	0.00063
10	22	0	8	0.00060
6	36	0	8	0.00060
22	34	0	8	0.00059
7	21	0	8	0.00059
20	25	0	8	0.00058
37	43	0	8	0.00057
35	43	0	8	0.00057
36	43	0	8	0.00056
8	37	0	8	0.00056
3	39	0	8	0.00053
12	36	0	8	0.00052
2	43	0	8	0.00051
20	38	0	8	0.00051
32	38	0	8	0.00050
1	44	0	8	0.00050
2	42	0	8	0.00049
19	26	0	8	0.00049
19	43	0	8	0.00047
11	16	0	8	0.00047
7	33	0	8	0.00047
15	44	0	8	0.00046
1	42	0	8	0.00046
20	44	0	8	0.00046
6	14	0	8	0.00046
5	42	0	8	0.00046
24	32	0	8	0.00045
3	41	0	8	0.00045
7	13	0	8	0.00044
2	44	0	8	0.00044
33	38	0	8	0.00044
6	13	0	8	0.00043
14	27	0	8	0.00042
3	14	0	8	0.00042
11	38	0	8	0.00041
3	42	0	8	0.00041
23	33	0	8	0.00041
7	35	0	8	0.00039
2	16	0	8	0.00039
7	14	0	8	0.00039
29	34	0	8	0.00039
18	24	0	8	0.00038
3	19	0	8	0.00038
15	35	0	8	0.00037
4	40	0	8	0.00037
23	35	0	8	0.00036
1	17	0	8	0.00035
11	37	0	8	0.00035
15	37	0	8	0.00035
30	43	0	8	0.00034
4	41	0	8	0.00034
25	42	0	8	0.00034
14	40	0	8	0.00034
7	37	0	8	0.00034
11	24	0	8	0.00034
17	34	0	8	0.00034
34	40	0	8	0.00033
16	20	0	8	0.00032
7	19	0	8	0.00032
3	43	0	8	0.00032
3	44	0	8	0.00031
16	27	0	8	0.00031
15	43	0	8	0.00031
23	36	0	8	0.00030
14	44	0	8	0.00030
33	40	0	8	0.00030
11	19	0	8	0.00030
2	41	0	8	0.00030
10	35	0	8	0.00030
4	14	0	8	0.00029
34	44	0	8	0.00029
7	28	0	8	0.00029
20	42	0	8	0.00029
28	44	0	8	0.00029
11	18	0	8	0.00029
11	17	0	8	0.00028
4	42	0	8	0.00028
2	18	0	8	0.00028
1	15	0	8	0.00028
31	39	0	8	0.00027
23	32	0	8	0.00027
33	39	0	8	0.00027
10	15	0	8	0.00026
29	35	0	8	0.00026
25	34	0	8	0.00026
5	22	0	8	0.00025
4	39	0	8	0.00025
19	24	0	8	0.00025
13	43	0	8	0.00022
13	21	0	8	0.00022
34	42	0	8	0.00022
32	39	0	8	0.00022
24	33	0	8	0.00022
1	41	0	8	0.00021
5	44	0	8	0.00021
25	36	0	8	0.00020
11	42	0	8	0.00020
12	31	0	8	0.00020
8	23	0	8	0.00020
7	15	0	8	0.00020
2	15	0	8	0.00019
10	40	0	8	0.00019
23	39	0	8	0.00019
4	43	0	8	0.00018
9	40	0	8	0.00018
7	36	0	8	0.00018
10	44	0	8	0.00018
10	16	0	8	0.00018
6	15	0	8	0.00018
9	29	0	8	0.00018
16	36	0	8	0.00018
9	42	0	8	0.00018
11	35	0	8	0.00018
29	38	0	8	0.00017
4	44	0	8	0.00017
8	28	0	8	0.00017
19	25	0	8	0.00017
13	29	0	8	0.00017
6	25	0	8	0.00017
7	40	0	8	0.00017
9	14	0	8	0.00016
5	39	0	8	0.00016
23	28	0	8	0.00016
2	17	0	8	0.00016
15	39	0	8	0.00016
36	42	0	8	0.00016
31	44	0	8	0.00016
28	36	0	8	0.00016
35	42	0	8	0.00016
7	44	0	8	0.00015
8	36	0	8	0.00015
29	42	0	8	0.00015
6	26	0	8	0.00015
10	17	0	8	0.00015
4	22	0	8	0.00015
5	18	0	8	0.00015
12	40	0	8	0.00015
5	43	0	8	0.00014
10	36	0	8	0.00014
22	27	0	8	0.00014
25	31	0	8	0.00014
20	34	0	8	0.00014
24	44	0	8	0.00014
19	40	0	8	0.00014
6	21	0	8	0.00014
21	42	0	8	0.00014
12	20	0	8	0.00014
8	38	0	8	0.00014
27	44	0	8	0.00014
30	42	0	8	0.00014
7	41	0	8	0.00013
4	19	0	8	0.00013
6	41	0	8	0.00013
5	15	0	8	0.00013
5	19	0	8	0.00013
14	43	0	8	0.00012
7	31	0	8	0.00012
10	30	0	8	0.00012
5	16	0	8	0.00012
3	15	0	8	0.00011
19	37	0	8	0.00011
11	41	0	8	0.00011
4	15	0	8	0.00011
28	41	0	8	0.00011
6	42	0	8	0.00010
10	31	0	8	0.00010
32	44	0	8	0.00010
10	25	0	8	0.00010
END