12 34 0.220 0.000 0.058 0.162 0.062 0.044 0.025 0.045 0.108 0.186 0.310
14 20 0.207 0.001 0.130 0.076 0.026 0.027 0.031 0.073 0.141 0.179 0.317
29 40 0.192 0.002 0.039 0.152 0.087 0.079 0.048 0.081 0.100 0.112 0.301
30 40 0.186 0.004 0.081 0.102 0.095 0.052 0.036 0.069 0.097 0.113 0.352
18 41 0.163 0.007 0.095 0.061 0.057 0.063 0.058 0.061 0.080 0.111 0.407
9 34 0.162 0.006 0.083 0.073 0.093 0.080 0.078 0.097 0.113 0.112 0.266
10 23 0.152 0.004 0.124 0.024 0.042 0.064 0.077 0.089 0.100 0.086 0.389
26 40 0.125 0.002 0.043 0.079 0.091 0.076 0.071 0.089 0.097 0.104 0.345
18 42 0.105 0.004 0.019 0.082 0.085 0.065 0.050 0.055 0.081 0.139 0.420
5 32 0.105 0.009 0.052 0.045 0.068 0.072 0.094 0.129 0.146 0.127 0.259
30 36 0.098 0.003 0.045 0.050 0.068 0.066 0.065 0.092 0.123 0.128 0.359
14 23 0.096 0.002 0.045 0.050 0.090 0.114 0.121 0.140 0.121 0.091 0.226
10 34 0.085 0.001 0.023 0.062 0.130 0.121 0.082 0.105 0.111 0.107 0.259
5 28 0.084 0.001 0.017 0.066 0.093 0.096 0.063 0.073 0.084 0.095 0.412
7 24 0.081 0.002 0.037 0.042 0.045 0.062 0.068 0.099 0.115 0.102 0.427
13 20 0.079 0.000 0.014 0.065 0.058 0.057 0.064 0.099 0.168 0.170 0.305
27 40 0.074 0.001 0.023 0.051 0.103 0.113 0.084 0.082 0.077 0.081 0.387
28 40 0.071 0.000 0.022 0.049 0.092 0.096 0.085 0.081 0.090 0.117 0.367
9 32 0.071 0.002 0.017 0.052 0.069 0.086 0.080 0.086 0.096 0.135 0.377
13 23 0.069 0.001 0.022 0.046 0.068 0.095 0.102 0.113 0.131 0.118 0.303
14 21 0.062 0.000 0.025 0.038 0.051 0.058 0.063 0.134 0.153 0.187 0.292
18 40 0.061 0.001 0.018 0.043 0.084 0.076 0.069 0.078 0.094 0.118 0.420
11 34 0.060 0.000 0.011 0.048 0.082 0.091 0.061 0.076 0.121 0.139 0.371
12 33 0.058 0.000 0.016 0.042 0.088 0.105 0.064 0.076 0.106 0.135 0.368
30 37 0.056 0.001 0.019 0.036 0.083 0.092 0.094 0.121 0.117 0.109 0.328
5 24 0.055 0.001 0.017 0.038 0.070 0.096 0.083 0.107 0.096 0.074 0.419
25 40 0.055 0.001 0.019 0.035 0.056 0.072 0.081 0.104 0.124 0.125 0.383
22 41 0.054 0.001 0.016 0.037 0.068 0.081 0.084 0.097 0.106 0.103 0.407
6 32 0.054 0.005 0.021 0.028 0.036 0.043 0.056 0.090 0.136 0.184 0.400
14 22 0.052 0.000 0.015 0.037 0.067 0.099 0.109 0.136 0.140 0.137 0.261
10 20 0.049 0.000 0.012 0.036 0.095 0.172 0.169 0.124 0.087 0.056 0.249
11 20 0.048 0.000 0.009 0.039 0.099 0.129 0.121 0.110 0.090 0.072 0.331
17 41 0.047 0.001 0.012 0.035 0.067 0.065 0.074 0.089 0.101 0.129 0.427
9 33 0.047 0.000 0.010 0.037 0.071 0.079 0.071 0.090 0.104 0.133 0.406
26 41 0.046 0.001 0.017 0.028 0.066 0.067 0.073 0.088 0.098 0.103 0.458
30 39 0.046 0.000 0.009 0.037 0.099 0.104 0.086 0.095 0.112 0.117 0.341
7 32 0.044 0.002 0.018 0.025 0.049 0.079 0.090 0.115 0.131 0.149 0.342
18 24 0.044 0.000 0.007 0.037 0.101 0.121 0.095 0.100 0.100 0.091 0.347
7 20 0.044 0.000 0.008 0.035 0.058 0.074 0.079 0.108 0.119 0.118 0.400
10 24 0.043 0.000 0.011 0.032 0.052 0.067 0.057 0.094 0.113 0.127 0.447
12 20 0.040 0.000 0.010 0.030 0.095 0.124 0.107 0.115 0.125 0.124 0.269
16 42 0.039 0.001 0.010 0.029 0.059 0.077 0.082 0.094 0.097 0.102 0.448
30 38 0.038 0.000 0.010 0.028 0.077 0.120 0.097 0.098 0.101 0.099 0.369
13 34 0.038 0.000 0.010 0.028 0.070 0.095 0.079 0.117 0.143 0.156 0.302
11 23 0.037 0.000 0.009 0.028 0.054 0.069 0.079 0.125 0.112 0.104 0.420
5 25 0.037 0.000 0.008 0.029 0.055 0.080 0.094 0.100 0.088 0.077 0.470
5 30 0.037 0.001 0.013 0.023 0.043 0.075 0.116 0.157 0.152 0.123 0.297
22 44 0.037 0.001 0.011 0.026 0.035 0.047 0.051 0.074 0.097 0.125 0.534
17 42 0.035 0.000 0.009 0.025 0.067 0.090 0.087 0.083 0.088 0.108 0.442
6 12 0.035 0.000 0.008 0.027 0.036 0.059 0.086 0.112 0.103 0.098 0.472
8 34 0.035 0.000 0.010 0.024 0.073 0.117 0.117 0.129 0.127 0.117 0.285
7 23 0.034 0.000 0.008 0.026 0.059 0.102 0.099 0.107 0.096 0.078 0.424
5 34 0.034 0.000 0.010 0.024 0.051 0.086 0.117 0.153 0.168 0.141 0.252
16 41 0.034 0.001 0.008 0.024 0.069 0.089 0.082 0.085 0.105 0.120 0.416
12 35 0.033 0.000 0.009 0.024 0.070 0.088 0.062 0.088 0.120 0.153 0.385
19 41 0.032 0.000 0.010 0.022 0.053 0.059 0.062 0.086 0.101 0.123 0.484
6 24 0.032 0.000 0.008 0.024 0.043 0.064 0.080 0.110 0.098 0.085 0.489
5 11 0.032 0.000 0.006 0.025 0.072 0.118 0.105 0.101 0.091 0.093 0.389
12 23 0.031 0.000 0.007 0.024 0.072 0.101 0.094 0.108 0.130 0.117 0.345
5 31 0.031 0.001 0.008 0.021 0.044 0.077 0.103 0.129 0.142 0.145 0.330
37 43 0.030 0.000 0.006 0.024 0.072 0.092 0.058 0.079 0.118 0.168 0.384
8 32 0.030 0.001 0.008 0.021 0.056 0.096 0.102 0.117 0.121 0.130 0.349
3 28 0.029 0.000 0.010 0.019 0.037 0.063 0.063 0.082 0.092 0.098 0.535
5 33 0.029 0.001 0.009 0.019 0.041 0.059 0.085 0.129 0.150 0.156 0.352
12 32 0.029 0.000 0.006 0.022 0.094 0.117 0.104 0.113 0.109 0.111 0.324
18 43 0.028 0.000 0.007 0.021 0.049 0.070 0.071 0.084 0.091 0.114 0.493
29 39 0.027 0.000 0.008 0.019 0.083 0.124 0.109 0.130 0.096 0.085 0.345
22 43 0.027 0.000 0.008 0.018 0.043 0.065 0.069 0.083 0.101 0.124 0.489
25 44 0.027 0.000 0.008 0.018 0.035 0.054 0.063 0.079 0.099 0.110 0.533
7 34 0.026 0.001 0.009 0.017 0.039 0.078 0.104 0.131 0.147 0.142 0.333
29 41 0.026 0.000 0.011 0.015 0.060 0.078 0.077 0.119 0.136 0.161 0.342
23 41 0.026 0.000 0.008 0.018 0.050 0.079 0.095 0.111 0.114 0.105 0.421
13 22 0.026 0.000 0.005 0.021 0.053 0.072 0.088 0.137 0.167 0.154 0.303
5 23 0.026 0.000 0.007 0.019 0.056 0.119 0.125 0.129 0.101 0.078 0.366
9 23 0.025 0.000 0.006 0.019 0.058 0.063 0.077 0.111 0.129 0.107 0.429
18 44 0.025 0.000 0.008 0.017 0.046 0.074 0.091 0.108 0.106 0.098 0.452
8 24 0.025 0.000 0.008 0.017 0.032 0.057 0.065 0.096 0.112 0.105 0.509
38 44 0.024 0.000 0.011 0.013 0.031 0.054 0.066 0.104 0.129 0.151 0.440
13 21 0.024 0.000 0.008 0.016 0.032 0.039 0.063 0.159 0.201 0.188 0.293
29 38 0.024 0.000 0.004 0.020 0.044 0.081 0.121 0.151 0.120 0.100 0.359
9 24 0.023 0.000 0.007 0.017 0.040 0.081 0.089 0.092 0.105 0.101 0.469
36 43 0.023 0.000 0.007 0.016 0.043 0.087 0.084 0.088 0.103 0.128 0.443
7 25 0.023 0.001 0.010 0.013 0.032 0.049 0.070 0.124 0.129 0.114 0.459
25 41 0.023 0.000 0.006 0.017 0.050 0.067 0.078 0.109 0.109 0.109 0.455
31 37 0.023 0.000 0.007 0.016 0.058 0.079 0.089 0.121 0.134 0.145 0.351
31 40 0.023 0.000 0.005 0.018 0.089 0.131 0.115 0.132 0.128 0.116 0.266
22 42 0.023 0.000 0.006 0.017 0.050 0.075 0.069 0.084 0.097 0.121 0.482
4 32 0.022 0.001 0.007 0.015 0.042 0.060 0.088 0.110 0.129 0.160 0.389
5 42 0.022 0.002 0.008 0.012 0.019 0.032 0.053 0.079 0.117 0.157 0.521
4 24 0.022 0.000 0.005 0.016 0.037 0.067 0.069 0.073 0.084 0.099 0.550
27 41 0.021 0.000 0.008 0.013 0.035 0.051 0.080 0.127 0.132 0.116 0.439
5 26 0.021 0.000 0.006 0.015 0.044 0.076 0.097 0.109 0.086 0.069 0.499
10 32 0.020 0.001 0.006 0.014 0.055 0.092 0.118 0.153 0.146 0.128 0.287
8 23 0.020 0.000 0.004 0.016 0.036 0.081 0.100 0.127 0.123 0.100 0.412
12 21 0.020 0.000 0.004 0.016 0.049 0.089 0.092 0.121 0.136 0.131 0.361
6 28 0.020 0.001 0.005 0.014 0.042 0.097 0.133 0.130 0.103 0.095 0.379
5 35 0.019 0.000 0.005 0.015 0.037 0.071 0.098 0.130 0.138 0.146 0.362
26 44 0.019 0.000 0.006 0.013 0.026 0.040 0.054 0.083 0.112 0.135 0.531
5 12 0.019 0.000 0.004 0.015 0.052 0.089 0.085 0.113 0.114 0.106 0.423
23 44 0.019 0.000 0.007 0.012 0.028 0.052 0.065 0.089 0.106 0.115 0.527
30 41 0.019 0.001 0.005 0.012 0.058 0.057 0.063 0.098 0.133 0.146 0.427
7 28 0.019 0.000 0.005 0.014 0.046 0.099 0.113 0.138 0.134 0.106 0.345
29 36 0.019 0.000 0.004 0.014 0.053 0.089 0.111 0.133 0.139 0.133 0.323
32 40 0.019 0.000 0.004 0.015 0.054 0.100 0.146 0.158 0.127 0.102 0.296
5 20 0.019 0.000 0.004 0.014 0.045 0.081 0.112 0.127 0.113 0.098 0.406
18 25 0.018 0.000 0.003 0.015 0.062 0.116 0.099 0.118 0.118 0.102 0.368
3 32 0.018 0.000 0.005 0.012 0.036 0.060 0.083 0.112 0.134 0.140 0.417
4 25 0.018 0.000 0.005 0.012 0.030 0.055 0.071 0.084 0.074 0.075 0.592
16 38 0.017 0.000 0.006 0.011 0.018 0.028 0.042 0.074 0.119 0.170 0.532
10 33 0.017 0.000 0.004 0.013 0.040 0.062 0.097 0.124 0.139 0.138 0.383
12 36 0.017 0.000 0.004 0.014 0.037 0.072 0.101 0.131 0.118 0.112 0.411
16 23 0.017 0.000 0.003 0.014 0.052 0.110 0.126 0.137 0.123 0.102 0.333
14 34 0.017 0.000 0.005 0.012 0.042 0.085 0.098 0.126 0.130 0.124 0.377
26 43 0.017 0.000 0.005 0.012 0.028 0.041 0.059 0.092 0.116 0.133 0.514
9 35 0.017 0.000 0.004 0.013 0.047 0.101 0.101 0.121 0.109 0.106 0.398
10 22 0.017 0.000 0.004 0.013 0.042 0.063 0.085 0.123 0.134 0.119 0.417
8 15 0.016 0.000 0.003 0.013 0.033 0.067 0.083 0.106 0.109 0.104 0.481
21 44 0.016 0.000 0.005 0.011 0.027 0.052 0.064 0.087 0.109 0.115 0.530
8 33 0.016 0.000 0.003 0.012 0.033 0.067 0.089 0.124 0.134 0.148 0.390
5 27 0.016 0.000 0.003 0.013 0.060 0.134 0.119 0.104 0.083 0.070 0.414
4 28 0.016 0.000 0.003 0.013 0.042 0.087 0.076 0.073 0.081 0.100 0.525
18 38 0.016 0.000 0.003 0.013 0.032 0.047 0.066 0.094 0.118 0.122 0.503
33 40 0.016 0.000 0.003 0.012 0.062 0.124 0.137 0.146 0.126 0.101 0.288
9 31 0.016 0.000 0.004 0.012 0.043 0.085 0.102 0.113 0.118 0.119 0.404
37 44 0.016 0.000 0.005 0.010 0.029 0.053 0.071 0.100 0.114 0.131 0.487
5 13 0.016 0.000 0.004 0.012 0.029 0.055 0.080 0.115 0.142 0.139 0.424
21 41 0.016 0.000 0.003 0.012 0.048 0.083 0.102 0.112 0.106 0.104 0.430
25 43 0.016 0.000 0.004 0.011 0.032 0.051 0.062 0.081 0.094 0.120 0.545
6 23 0.015 0.000 0.004 0.011 0.032 0.067 0.107 0.141 0.101 0.071 0.466
22 40 0.015 0.000 0.004 0.011 0.034 0.065 0.088 0.106 0.105 0.111 0.475
10 21 0.015 0.000 0.003 0.012 0.049 0.102 0.115 0.144 0.130 0.095 0.350
10 25 0.015 0.000 0.004 0.011 0.032 0.050 0.064 0.086 0.091 0.106 0.556
13 38 0.015 0.000 0.004 0.011 0.027 0.048 0.058 0.078 0.100 0.114 0.561
23 40 0.015 0.000 0.003 0.011 0.035 0.063 0.073 0.098 0.116 0.117 0.482
26 39 0.014 0.000 0.003 0.011 0.039 0.054 0.074 0.105 0.119 0.117 0.479
17 23 0.014 0.000 0.003 0.011 0.057 0.113 0.094 0.120 0.113 0.099 0.390
5 29 0.014 0.000 0.003 0.011 0.042 0.107 0.129 0.132 0.121 0.116 0.339
6 33 0.014 0.001 0.005 0.008 0.026 0.041 0.057 0.088 0.118 0.157 0.498
9 20 0.014 0.000 0.003 0.011 0.040 0.102 0.145 0.160 0.125 0.097 0.317
27 37 0.014 0.000 0.006 0.008 0.028 0.049 0.074 0.124 0.164 0.152 0.394
27 42 0.014 0.000 0.003 0.011 0.020 0.034 0.060 0.105 0.153 0.152 0.461
14 24 0.014 0.000 0.003 0.011 0.043 0.084 0.119 0.181 0.167 0.124 0.267
18 39 0.014 0.000 0.004 0.010 0.032 0.059 0.067 0.077 0.100 0.134 0.517
10 35 0.014 0.000 0.003 0.011 0.040 0.071 0.081 0.117 0.132 0.129 0.417
6 34 0.014 0.000 0.003 0.011 0.040 0.071 0.093 0.137 0.157 0.146 0.342
11 32 0.014 0.000 0.003 0.010 0.034 0.061 0.099 0.140 0.162 0.146 0.345
4 34 0.014 0.000 0.003 0.010 0.032 0.055 0.062 0.088 0.130 0.170 0.448
11 21 0.014 0.000 0.003 0.011 0.049 0.096 0.107 0.131 0.115 0.093 0.395
13 24 0.014 0.000 0.003 0.010 0.034 0.065 0.090 0.128 0.151 0.153 0.365
6 13 0.014 0.000 0.003 0.010 0.030 0.060 0.074 0.115 0.145 0.130 0.432
13 35 0.014 0.000 0.005 0.008 0.027 0.028 0.054 0.134 0.171 0.174 0.398
29 37 0.014 0.000 0.003 0.011 0.045 0.096 0.129 0.146 0.134 0.112 0.325
23 43 0.014 0.000 0.003 0.011 0.028 0.043 0.066 0.108 0.118 0.119 0.504
16 34 0.014 0.000 0.004 0.009 0.031 0.072 0.117 0.138 0.132 0.122 0.375
12 22 0.014 0.000 0.002 0.011 0.032 0.067 0.097 0.123 0.150 0.144 0.372
5 41 0.013 0.000 0.005 0.008 0.017 0.033 0.052 0.092 0.134 0.159 0.499
26 42 0.013 0.000 0.003 0.010 0.033 0.054 0.078 0.108 0.108 0.107 0.499
17 24 0.013 0.000 0.002 0.011 0.047 0.098 0.123 0.131 0.123 0.101 0.364
13 19 0.013 0.000 0.008 0.006 0.013 0.026 0.053 0.112 0.129 0.170 0.483
12 37 0.013 0.000 0.004 0.010 0.040 0.091 0.124 0.133 0.106 0.093 0.401
4 42 0.013 0.000 0.003 0.010 0.016 0.025 0.036 0.059 0.096 0.148 0.607
7 22 0.013 0.000 0.002 0.011 0.036 0.079 0.099 0.124 0.106 0.080 0.463
33 39 0.013 0.000 0.003 0.010 0.044 0.092 0.116 0.134 0.124 0.107 0.371
6 31 0.013 0.000 0.004 0.009 0.029 0.054 0.075 0.107 0.144 0.166 0.412
28 39 0.013 0.000 0.003 0.010 0.038 0.060 0.089 0.121 0.118 0.129 0.432
11 33 0.013 0.000 0.004 0.009 0.034 0.055 0.077 0.150 0.127 0.131 0.414
16 40 0.013 0.000 0.003 0.009 0.028 0.049 0.067 0.092 0.113 0.145 0.493
27 39 0.013 0.000 0.004 0.009 0.040 0.063 0.083 0.120 0.110 0.112 0.460
20 44 0.012 0.000 0.004 0.009 0.020 0.040 0.055 0.080 0.101 0.114 0.578
13 33 0.012 0.000 0.002 0.010 0.029 0.063 0.084 0.133 0.125 0.130 0.424
3 34 0.012 0.000 0.003 0.009 0.030 0.045 0.060 0.084 0.120 0.154 0.494
4 23 0.012 0.000 0.003 0.009 0.034 0.070 0.080 0.100 0.103 0.104 0.497
8 35 0.012 0.000 0.003 0.009 0.026 0.067 0.100 0.119 0.118 0.119 0.439
31 38 0.012 0.000 0.002 0.010 0.031 0.062 0.100 0.124 0.146 0.145 0.380
4 35 0.012 0.000 0.003 0.008 0.023 0.044 0.054 0.075 0.105 0.155 0.532
29 42 0.012 0.000 0.002 0.010 0.030 0.061 0.101 0.147 0.146 0.135 0.367
5 22 0.012 0.000 0.003 0.009 0.026 0.063 0.085 0.116 0.123 0.109 0.467
5 43 0.012 0.000 0.003 0.008 0.013 0.024 0.034 0.064 0.097 0.144 0.613
13 37 0.011 0.000 0.002 0.009 0.027 0.054 0.080 0.107 0.115 0.117 0.489
8 20 0.011 0.000 0.002 0.009 0.039 0.103 0.128 0.140 0.121 0.105 0.354
24 44 0.011 0.000 0.003 0.009 0.023 0.046 0.066 0.089 0.097 0.104 0.564
16 25 0.011 0.000 0.002 0.009 0.031 0.070 0.094 0.114 0.123 0.131 0.425
11 22 0.011 0.000 0.002 0.009 0.025 0.062 0.100 0.133 0.136 0.114 0.419
19 42 0.011 0.000 0.003 0.008 0.025 0.053 0.072 0.095 0.105 0.139 0.499
2 28 0.011 0.000 0.003 0.008 0.026 0.048 0.069 0.083 0.087 0.088 0.589
36 44 0.011 0.000 0.003 0.008 0.023 0.055 0.072 0.095 0.107 0.114 0.522
31 39 0.011 0.000 0.002 0.008 0.040 0.095 0.121 0.156 0.140 0.125 0.313
24 41 0.011 0.000 0.002 0.008 0.030 0.063 0.083 0.106 0.113 0.107 0.487
17 40 0.011 0.000 0.003 0.007 0.026 0.042 0.062 0.092 0.121 0.151 0.497
18 26 0.011 0.000 0.001 0.009 0.028 0.059 0.076 0.108 0.144 0.149 0.427
23 42 0.011 0.000 0.002 0.008 0.022 0.053 0.074 0.106 0.134 0.127 0.473
8 25 0.010 0.000 0.003 0.007 0.019 0.039 0.064 0.098 0.122 0.122 0.526
19 40 0.010 0.000 0.002 0.008 0.030 0.056 0.069 0.088 0.099 0.109 0.539
16 44 0.010 0.000 0.003 0.007 0.018 0.036 0.061 0.093 0.110 0.114 0.557
13 26 0.010 0.000 0.002 0.008 0.023 0.046 0.078 0.112 0.133 0.132 0.465
4 11 0.010 0.000 0.003 0.007 0.026 0.063 0.103 0.129 0.133 0.123 0.413
4 31 0.010 0.000 0.003 0.007 0.023 0.048 0.080 0.117 0.131 0.145 0.446
6 20 0.010 0.000 0.002 0.008 0.032 0.082 0.105 0.118 0.121 0.111 0.420
5 44 0.010 0.000 0.004 0.006 0.012 0.024 0.044 0.074 0.101 0.126 0.607
15 23 0.010 0.000 0.002 0.008 0.039 0.094 0.117 0.121 0.119 0.122 0.378
24 40 0.010 0.000 0.003 0.007 0.027 0.048 0.067 0.107 0.129 0.135 0.476
15 21 0.010 0.000 0.004 0.007 0.021 0.024 0.039 0.092 0.152 0.196 0.465
6 25 0.010 0.000 0.002 0.008 0.022 0.041 0.066 0.113 0.128 0.103 0.517
12 38 0.010 0.000 0.003 0.007 0.031 0.070 0.105 0.114 0.112 0.110 0.449
13 27 0.010 0.000 0.003 0.007 0.022 0.051 0.085 0.116 0.142 0.137 0.436
4 41 0.010 0.000 0.003 0.007 0.015 0.025 0.036 0.060 0.097 0.138 0.619
4 33 0.010 0.000 0.003 0.007 0.025 0.050 0.065 0.086 0.112 0.146 0.507
7 31 0.010 0.000 0.003 0.007 0.020 0.041 0.073 0.125 0.153 0.169 0.409
16 43 0.010 0.000 0.002 0.007 0.023 0.049 0.071 0.095 0.105 0.111 0.535
13 25 0.010 0.000 0.002 0.007 0.029 0.064 0.091 0.108 0.115 0.115 0.468
32 39 0.010 0.000 0.002 0.008 0.039 0.074 0.111 0.147 0.147 0.121 0.352
3 33 0.010 0.000 0.003 0.007 0.023 0.044 0.068 0.092 0.112 0.133 0.519
36 42 0.010 0.000 0.003 0.007 0.030 0.067 0.075 0.102 0.109 0.130 0.476
7 35 0.010 0.000 0.002 0.008 0.031 0.064 0.086 0.110 0.120 0.129 0.451
4 10 0.010 0.000 0.002 0.007 0.033 0.084 0.104 0.132 0.122 0.105 0.409
28 41 0.010 0.000 0.002 0.007 0.026 0.043 0.057 0.109 0.136 0.144 0.474
7 13 0.010 0.000 0.003 0.006 0.017 0.057 0.082 0.122 0.128 0.130 0.454
13 32 0.009 0.000 0.002 0.008 0.031 0.072 0.095 0.134 0.147 0.135 0.378
12 24 0.009 0.000 0.003 0.007 0.024 0.053 0.083 0.117 0.122 0.115 0.477
25 42 0.009 0.000 0.002 0.007 0.025 0.050 0.073 0.105 0.115 0.117 0.506
21 42 0.009 0.000 0.002 0.007 0.026 0.053 0.072 0.097 0.123 0.135 0.484
3 35 0.009 0.000 0.002 0.006 0.018 0.032 0.048 0.072 0.103 0.146 0.572
9 15 0.009 0.000 0.002 0.007 0.018 0.046 0.050 0.083 0.109 0.128 0.557
6 35 0.009 0.000 0.002 0.007 0.022 0.053 0.083 0.115 0.125 0.133 0.461
7 15 0.009 0.000 0.002 0.007 0.032 0.086 0.122 0.139 0.130 0.112 0.371
16 37 0.009 0.000 0.002 0.007 0.021 0.043 0.067 0.094 0.129 0.155 0.482
3 24 0.009 0.000 0.003 0.006 0.019 0.046 0.073 0.097 0.098 0.098 0.560
7 33 0.009 0.000 0.002 0.006 0.024 0.048 0.070 0.098 0.118 0.147 0.486
3 31 0.009 0.000 0.002 0.006 0.017 0.034 0.061 0.094 0.124 0.152 0.508
17 25 0.009 0.000 0.002 0.007 0.034 0.077 0.101 0.133 0.133 0.123 0.392
8 22 0.009 0.000 0.002 0.007 0.022 0.057 0.081 0.118 0.129 0.124 0.461
19 44 0.009 0.000 0.002 0.006 0.014 0.028 0.052 0.085 0.112 0.118 0.582
9 28 0.009 0.000 0.002 0.007 0.030 0.072 0.104 0.123 0.133 0.124 0.405
8 16 0.009 0.000 0.002 0.007 0.028 0.060 0.089 0.119 0.123 0.121 0.451
27 38 0.009 0.000 0.002 0.006 0.017 0.032 0.058 0.100 0.134 0.154 0.496
9 30 0.008 0.000 0.002 0.007 0.027 0.062 0.091 0.117 0.124 0.120 0.451
6 30 0.008 0.000 0.002 0.006 0.018 0.036 0.067 0.138 0.193 0.183 0.357
16 24 0.008 0.000 0.002 0.007 0.037 0.099 0.156 0.169 0.143 0.102 0.286
30 42 0.008 0.000 0.002 0.006 0.019 0.043 0.093 0.135 0.131 0.136 0.433
5 39 0.008 0.000 0.002 0.006 0.016 0.033 0.050 0.074 0.100 0.129 0.589
34 40 0.008 0.000 0.002 0.006 0.025 0.059 0.068 0.117 0.148 0.158 0.419
15 22 0.008 0.000 0.002 0.006 0.020 0.046 0.085 0.126 0.149 0.152 0.415
9 25 0.008 0.000 0.002 0.006 0.028 0.061 0.065 0.080 0.088 0.092 0.577
5 40 0.008 0.000 0.002 0.006 0.017 0.034 0.049 0.078 0.113 0.142 0.558
29 44 0.008 0.000 0.002 0.006 0.018 0.039 0.061 0.098 0.123 0.132 0.520
12 31 0.008 0.000 0.002 0.006 0.031 0.066 0.100 0.119 0.119 0.124 0.432
5 21 0.008 0.000 0.002 0.007 0.024 0.058 0.079 0.105 0.119 0.127 0.480
21 40 0.008 0.000 0.002 0.007 0.026 0.064 0.098 0.115 0.115 0.116 0.459
1 28 0.008 0.000 0.002 0.006 0.018 0.037 0.058 0.076 0.078 0.071 0.652
20 41 0.008 0.000 0.002 0.006 0.026 0.057 0.081 0.109 0.114 0.113 0.492
11 24 0.008 0.000 0.002 0.006 0.021 0.045 0.075 0.110 0.119 0.131 0.491
13 41 0.008 0.000 0.002 0.006 0.020 0.038 0.058 0.080 0.110 0.131 0.554
12 27 0.008 0.000 0.002 0.006 0.023 0.050 0.071 0.102 0.126 0.135 0.484
26 37 0.008 0.000 0.002 0.006 0.017 0.027 0.048 0.076 0.111 0.144 0.569
4 44 0.008 0.000 0.002 0.005 0.011 0.022 0.034 0.058 0.086 0.114 0.666
9 27 0.008 0.000 0.002 0.005 0.021 0.044 0.064 0.102 0.130 0.132 0.500
27 44 0.008 0.000 0.002 0.006 0.015 0.029 0.048 0.082 0.112 0.132 0.574
27 43 0.008 0.000 0.002 0.006 0.017 0.032 0.046 0.082 0.115 0.138 0.561
23 29 0.008 0.000 0.003 0.005 0.016 0.031 0.042 0.086 0.119 0.150 0.549
5 37 0.008 0.000 0.002 0.005 0.017 0.040 0.067 0.106 0.142 0.154 0.467
8 31 0.008 0.000 0.002 0.006 0.020 0.048 0.078 0.109 0.127 0.159 0.451
3 9 0.007 0.000 0.002 0.006 0.024 0.060 0.101 0.133 0.131 0.112 0.432
28 38 0.007 0.000 0.003 0.005 0.016 0.035 0.066 0.113 0.130 0.132 0.500
5 36 0.007 0.000 0.002 0.005 0.020 0.046 0.076 0.117 0.148 0.166 0.420
4 43 0.007 0.000 0.002 0.005 0.010 0.020 0.031 0.049 0.079 0.132 0.671
6 44 0.007 0.001 0.003 0.004 0.008 0.016 0.031 0.058 0.089 0.132 0.659
6 14 0.007 0.000 0.001 0.006 0.024 0.050 0.070 0.114 0.150 0.148 0.437
17 26 0.007 0.000 0.001 0.006 0.024 0.053 0.074 0.104 0.134 0.148 0.455
12 25 0.007 0.000 0.002 0.006 0.030 0.054 0.069 0.085 0.093 0.105 0.556
6 42 0.007 0.000 0.002 0.004 0.009 0.015 0.029 0.067 0.109 0.155 0.608
20 28 0.007 0.000 0.001 0.006 0.024 0.066 0.097 0.121 0.133 0.129 0.422
6 29 0.007 0.000 0.001 0.006 0.018 0.043 0.088 0.166 0.191 0.146 0.341
13 42 0.007 0.000 0.002 0.006 0.020 0.037 0.055 0.077 0.102 0.128 0.574
9 36 0.007 0.000 0.001 0.006 0.028 0.074 0.099 0.105 0.107 0.116 0.463
7 27 0.007 0.000 0.001 0.006 0.027 0.071 0.098 0.117 0.130 0.119 0.431
17 44 0.007 0.000 0.002 0.005 0.016 0.035 0.061 0.093 0.119 0.128 0.540
5 38 0.007 0.000 0.002 0.005 0.016 0.034 0.053 0.083 0.115 0.132 0.559
25 39 0.007 0.000 0.002 0.005 0.015 0.032 0.051 0.081 0.097 0.130 0.587
3 29 0.007 0.000 0.001 0.006 0.019 0.043 0.064 0.101 0.122 0.145 0.498
7 30 0.007 0.000 0.002 0.005 0.019 0.049 0.088 0.134 0.165 0.161 0.377
7 21 0.007 0.000 0.002 0.005 0.024 0.071 0.095 0.127 0.115 0.094 0.467
3 44 0.007 0.000 0.002 0.005 0.011 0.023 0.033 0.048 0.068 0.102 0.709
21 43 0.007 0.000 0.002 0.005 0.015 0.039 0.065 0.098 0.100 0.119 0.558
3 42 0.007 0.000 0.002 0.005 0.013 0.023 0.037 0.064 0.104 0.129 0.623
6 22 0.007 0.000 0.001 0.005 0.019 0.045 0.076 0.107 0.129 0.113 0.503
11 27 0.007 0.000 0.002 0.005 0.014 0.030 0.057 0.091 0.113 0.131 0.557
9 22 0.007 0.000 0.001 0.005 0.019 0.050 0.079 0.120 0.150 0.156 0.419
20 42 0.007 0.000 0.002 0.005 0.021 0.048 0.079 0.110 0.114 0.117 0.503
10 27 0.007 0.000 0.002 0.005 0.019 0.046 0.082 0.118 0.134 0.132 0.463
14 25 0.007 0.000 0.001 0.005 0.022 0.058 0.091 0.119 0.131 0.134 0.438
27 36 0.006 0.000 0.002 0.005 0.018 0.034 0.062 0.104 0.132 0.150 0.494
11 35 0.006 0.000 0.002 0.005 0.019 0.053 0.070 0.129 0.135 0.131 0.457
16 27 0.006 0.000 0.002 0.004 0.015 0.035 0.074 0.104 0.123 0.148 0.494
9 16 0.006 0.000 0.001 0.005 0.018 0.042 0.057 0.089 0.113 0.129 0.546
11 25 0.006 0.000 0.002 0.005 0.015 0.034 0.059 0.087 0.102 0.112 0.585
3 43 0.006 0.000 0.002 0.005 0.010 0.020 0.033 0.049 0.082 0.134 0.665
4 22 0.006 0.000 0.001 0.005 0.020 0.050 0.058 0.072 0.089 0.109 0.597
7 14 0.006 0.000 0.001 0.005 0.027 0.078 0.106 0.143 0.132 0.100 0.408
28 37 0.006 0.000 0.001 0.005 0.022 0.054 0.088 0.131 0.130 0.132 0.437
9 37 0.006 0.000 0.001 0.005 0.019 0.053 0.087 0.116 0.119 0.118 0.481
3 39 0.006 0.000 0.002 0.004 0.012 0.022 0.038 0.057 0.077 0.103 0.685
16 39 0.006 0.000 0.002 0.005 0.018 0.032 0.050 0.082 0.110 0.144 0.558
4 40 0.006 0.000 0.002 0.004 0.010 0.018 0.030 0.053 0.087 0.128 0.668
15 25 0.006 0.000 0.001 0.005 0.016 0.045 0.080 0.104 0.115 0.140 0.494
6 43 0.006 0.000 0.002 0.004 0.007 0.016 0.027 0.050 0.081 0.135 0.678
3 41 0.006 0.000 0.002 0.004 0.011 0.020 0.037 0.064 0.098 0.135 0.630
3 23 0.006 0.000 0.002 0.004 0.017 0.041 0.066 0.102 0.117 0.123 0.528
19 25 0.006 0.000 0.001 0.005 0.021 0.065 0.113 0.169 0.143 0.120 0.363
17 38 0.006 0.000 0.002 0.004 0.015 0.029 0.046 0.080 0.110 0.146 0.568
7 44 0.006 0.000 0.002 0.004 0.009 0.016 0.030 0.053 0.084 0.121 0.681
24 43 0.006 0.000 0.001 0.005 0.017 0.048 0.067 0.079 0.095 0.111 0.577
30 44 0.006 0.000 0.002 0.004 0.013 0.026 0.046 0.076 0.109 0.138 0.586
7 16 0.006 0.000 0.002 0.004 0.019 0.052 0.100 0.152 0.155 0.137 0.379
32 38 0.006 0.000 0.001 0.005 0.022 0.057 0.087 0.131 0.151 0.136 0.409
35 43 0.006 0.000 0.001 0.005 0.022 0.045 0.061 0.082 0.104 0.124 0.556
4 30 0.006 0.000 0.002 0.004 0.016 0.038 0.061 0.113 0.155 0.165 0.446
18 27 0.006 0.000 0.001 0.005 0.023 0.066 0.101 0.127 0.149 0.146 0.382
24 42 0.006 0.000 0.001 0.005 0.012 0.035 0.055 0.091 0.121 0.118 0.562
4 20 0.006 0.000 0.001 0.005 0.018 0.046 0.068 0.091 0.106 0.125 0.541
4 27 0.006 0.000 0.001 0.004 0.023 0.062 0.083 0.127 0.107 0.089 0.505
3 25 0.006 0.000 0.002 0.004 0.017 0.043 0.070 0.086 0.082 0.081 0.614
6 26 0.006 0.000 0.001 0.005 0.017 0.038 0.059 0.095 0.126 0.114 0.546
18 37 0.006 0.000 0.001 0.004 0.017 0.039 0.062 0.094 0.125 0.145 0.512
4 12 0.006 0.000 0.001 0.004 0.017 0.049 0.080 0.101 0.129 0.148 0.470
28 44 0.006 0.000 0.001 0.004 0.012 0.026 0.047 0.084 0.114 0.135 0.577
33 41 0.006 0.000 0.001 0.004 0.019 0.044 0.086 0.142 0.163 0.149 0.391
4 26 0.006 0.000 0.001 0.005 0.019 0.050 0.063 0.083 0.085 0.080 0.615
17 43 0.006 0.000 0.002 0.004 0.016 0.037 0.059 0.096 0.113 0.118 0.555
26 38 0.006 0.000 0.002 0.004 0.016 0.030 0.047 0.080 0.108 0.139 0.575
13 36 0.006 0.000 0.001 0.004 0.016 0.032 0.052 0.094 0.144 0.161 0.495
7 29 0.006 0.000 0.001 0.004 0.016 0.041 0.075 0.140 0.181 0.166 0.375
15 34 0.006 0.000 0.001 0.004 0.024 0.069 0.111 0.130 0.121 0.112 0.427
5 15 0.006 0.000 0.001 0.004 0.010 0.026 0.051 0.101 0.147 0.180 0.479
16 22 0.006 0.000 0.001 0.004 0.026 0.070 0.095 0.126 0.120 0.109 0.448
29 43 0.005 0.000 0.001 0.004 0.019 0.050 0.074 0.101 0.114 0.129 0.508
23 37 0.005 0.000 0.001 0.004 0.011 0.020 0.044 0.086 0.123 0.145 0.565
6 27 0.005 0.000 0.001 0.004 0.022 0.060 0.085 0.135 0.132 0.101 0.460
10 41 0.005 0.000 0.002 0.004 0.012 0.024 0.039 0.064 0.102 0.128 0.626
6 16 0.005 0.000 0.002 0.004 0.013 0.031 0.061 0.110 0.154 0.170 0.456
1 44 0.005 0.000 0.002 0.003 0.009 0.018 0.040 0.058 0.069 0.090 0.710
3 27 0.005 0.000 0.001 0.004 0.021 0.049 0.071 0.090 0.098 0.100 0.566
4 39 0.005 0.000 0.002 0.004 0.009 0.021 0.032 0.050 0.077 0.116 0.689
14 37 0.005 0.000 0.002 0.003 0.013 0.031 0.053 0.091 0.123 0.145 0.539
13 44 0.005 0.000 0.002 0.003 0.009 0.018 0.035 0.055 0.078 0.107 0.694
12 30 0.005 0.000 0.001 0.004 0.022 0.061 0.100 0.137 0.145 0.130 0.400
13 31 0.005 0.000 0.001 0.004 0.021 0.046 0.069 0.113 0.145 0.154 0.447
20 43 0.005 0.000 0.001 0.004 0.013 0.028 0.053 0.085 0.105 0.121 0.588
13 28 0.005 0.000 0.001 0.004 0.015 0.033 0.061 0.087 0.110 0.134 0.554
20 40 0.005 0.000 0.001 0.004 0.021 0.052 0.072 0.098 0.111 0.112 0.529
28 36 0.005 0.000 0.001 0.004 0.015 0.037 0.058 0.099 0.138 0.155 0.493
23 30 0.005 0.000 0.001 0.004 0.012 0.023 0.037 0.075 0.119 0.151 0.579
17 39 0.005 0.000 0.001 0.004 0.013 0.026 0.048 0.085 0.125 0.161 0.538
25 32 0.005 0.000 0.001 0.004 0.013 0.027 0.041 0.069 0.098 0.136 0.611
31 41 0.005 0.000 0.001 0.003 0.014 0.025 0.062 0.137 0.180 0.179 0.399
16 26 0.005 0.000 0.001 0.004 0.015 0.042 0.077 0.115 0.135 0.152 0.458
5 14 0.005 0.000 0.001 0.004 0.012 0.032 0.057 0.104 0.147 0.165 0.479
14 27 0.005 0.000 0.001 0.004 0.015 0.037 0.064 0.093 0.117 0.140 0.530
7 39 0.005 0.000 0.001 0.004 0.013 0.030 0.051 0.072 0.093 0.125 0.610
13 39 0.005 0.000 0.001 0.004 0.020 0.048 0.061 0.082 0.097 0.107 0.582
22 29 0.005 0.000 0.001 0.004 0.013 0.024 0.033 0.060 0.092 0.143 0.630
10 28 0.005 0.000 0.001 0.004 0.015 0.038 0.076 0.125 0.147 0.145 0.448
6 15 0.005 0.000 0.001 0.004 0.014 0.039 0.073 0.133 0.158 0.161 0.417
8 39 0.005 0.000 0.002 0.003 0.009 0.020 0.037 0.069 0.100 0.135 0.626
13 43 0.005 0.000 0.001 0.004 0.014 0.024 0.033 0.052 0.081 0.113 0.678
7 40 0.005 0.000 0.001 0.003 0.011 0.027 0.045 0.072 0.104 0.136 0.601
5 16 0.005 0.000 0.001 0.003 0.009 0.024 0.057 0.107 0.154 0.176 0.468
12 26 0.005 0.000 0.001 0.004 0.015 0.042 0.072 0.099 0.105 0.109 0.552
2 32 0.005 0.000 0.001 0.004 0.013 0.027 0.054 0.091 0.119 0.131 0.561
3 40 0.005 0.000 0.001 0.003 0.012 0.020 0.033 0.055 0.083 0.116 0.676
12 28 0.005 0.000 0.001 0.004 0.012 0.034 0.056 0.092 0.121 0.145 0.535
9 39 0.005 0.000 0.002 0.003 0.010 0.029 0.058 0.086 0.104 0.121 0.587
7 26 0.005 0.000 0.001 0.004 0.016 0.046 0.069 0.113 0.130 0.114 0.508
10 31 0.005 0.000 0.001 0.003 0.014 0.036 0.069 0.124 0.151 0.148 0.453
8 28 0.005 0.000 0.001 0.004 0.017 0.059 0.098 0.122 0.129 0.132 0.439
6 36 0.005 0.000 0.001 0.003 0.008 0.021 0.041 0.083 0.140 0.188 0.514
8 14 0.004 0.000 0.001 0.004 0.018 0.069 0.073 0.094 0.091 0.092 0.559
1 32 0.004 0.000 0.001 0.003 0.010 0.023 0.045 0.076 0.102 0.110 0.630
14 33 0.004 0.000 0.001 0.004 0.015 0.040 0.069 0.101 0.124 0.138 0.509
9 38 0.004 0.000 0.001 0.003 0.012 0.030 0.056 0.092 0.119 0.132 0.555
3 10 0.004 0.000 0.001 0.003 0.014 0.042 0.079 0.122 0.142 0.134 0.463
1 41 0.004 0.000 0.001 0.003 0.007 0.013 0.026 0.044 0.066 0.091 0.748
4 29 0.004 0.000 0.001 0.003 0.015 0.045 0.083 0.131 0.139 0.132 0.453
10 19 0.004 0.000 0.001 0.003 0.019 0.057 0.106 0.156 0.138 0.110 0.410
9 29 0.004 0.000 0.001 0.003 0.014 0.041 0.069 0.110 0.129 0.136 0.496
35 42 0.004 0.000 0.001 0.003 0.014 0.042 0.076 0.097 0.111 0.137 0.518
8 38 0.004 0.000 0.001 0.003 0.009 0.027 0.053 0.084 0.115 0.137 0.571
15 24 0.004 0.000 0.001 0.003 0.017 0.039 0.079 0.134 0.157 0.156 0.414
19 39 0.004 0.000 0.001 0.003 0.014 0.037 0.059 0.078 0.091 0.106 0.610
3 30 0.004 0.000 0.001 0.003 0.013 0.037 0.070 0.112 0.140 0.149 0.476
19 28 0.004 0.000 0.001 0.003 0.013 0.032 0.058 0.095 0.129 0.150 0.519
17 37 0.004 0.000 0.001 0.003 0.012 0.029 0.054 0.088 0.119 0.142 0.552
23 39 0.004 0.000 0.001 0.003 0.012 0.031 0.054 0.090 0.112 0.129 0.568
8 30 0.004 0.000 0.001 0.003 0.015 0.038 0.069 0.112 0.145 0.151 0.466
26 36 0.004 0.000 0.001 0.003 0.010 0.022 0.039 0.073 0.102 0.128 0.622
14 26 0.004 0.000 0.001 0.003 0.014 0.038 0.077 0.118 0.140 0.149 0.460
30 43 0.004 0.000 0.001 0.003 0.012 0.030 0.048 0.076 0.107 0.135 0.588
8 44 0.004 0.000 0.001 0.003 0.007 0.014 0.025 0.045 0.069 0.106 0.730
10 16 0.004 0.000 0.001 0.003 0.013 0.033 0.051 0.103 0.148 0.154 0.495
7 36 0.004 0.000 0.001 0.003 0.009 0.024 0.047 0.084 0.130 0.178 0.524
10 36 0.004 0.000 0.001 0.003 0.016 0.046 0.079 0.114 0.127 0.127 0.486
16 35 0.004 0.000 0.001 0.003 0.014 0.042 0.077 0.102 0.115 0.124 0.522
6 41 0.004 0.000 0.001 0.003 0.009 0.023 0.044 0.073 0.112 0.145 0.589
13 40 0.004 0.000 0.001 0.003 0.016 0.039 0.058 0.080 0.102 0.122 0.578
27 33 0.004 0.000 0.001 0.003 0.010 0.023 0.038 0.075 0.128 0.178 0.543
3 38 0.004 0.000 0.001 0.003 0.010 0.021 0.036 0.055 0.079 0.108 0.688
14 38 0.004 0.000 0.001 0.003 0.010 0.023 0.039 0.066 0.096 0.123 0.640
32 41 0.004 0.000 0.001 0.003 0.013 0.027 0.063 0.125 0.176 0.176 0.417
1 7 0.004 0.000 0.001 0.003 0.010 0.022 0.042 0.068 0.099 0.121 0.633
11 19 0.004 0.000 0.001 0.003 0.020 0.067 0.113 0.134 0.113 0.094 0.454
15 41 0.004 0.000 0.001 0.003 0.017 0.043 0.068 0.105 0.114 0.116 0.534
28 43 0.004 0.000 0.001 0.003 0.011 0.024 0.040 0.076 0.110 0.137 0.598
7 19 0.004 0.000 0.001 0.003 0.014 0.047 0.088 0.111 0.121 0.130 0.485
26 32 0.004 0.000 0.001 0.003 0.010 0.018 0.032 0.057 0.099 0.147 0.633
6 40 0.004 0.000 0.001 0.003 0.008 0.019 0.040 0.076 0.115 0.148 0.590
4 21 0.004 0.000 0.001 0.003 0.016 0.048 0.067 0.084 0.097 0.119 0.565
7 38 0.004 0.000 0.001 0.003 0.012 0.026 0.044 0.074 0.108 0.146 0.585
31 44 0.004 0.000 0.001 0.003 0.007 0.016 0.028 0.050 0.077 0.116 0.703
8 27 0.004 0.000 0.001 0.003 0.017 0.051 0.079 0.106 0.121 0.120 0.502
20 27 0.004 0.000 0.001 0.003 0.019 0.068 0.113 0.138 0.132 0.119 0.407
7 18 0.004 0.000 0.001 0.003 0.014 0.041 0.084 0.126 0.143 0.142 0.446
13 30 0.004 0.000 0.001 0.003 0.012 0.031 0.067 0.109 0.136 0.150 0.491
1 24 0.004 0.000 0.001 0.003 0.009 0.018 0.038 0.060 0.072 0.078 0.721
19 38 0.004 0.000 0.001 0.003 0.015 0.038 0.059 0.081 0.096 0.113 0.594
9 41 0.004 0.000 0.001 0.003 0.009 0.022 0.041 0.069 0.103 0.124 0.629
7 41 0.004 0.000 0.001 0.003 0.010 0.024 0.046 0.083 0.118 0.143 0.572
22 28 0.004 0.000 0.001 0.003 0.008 0.020 0.028 0.049 0.087 0.145 0.660
12 19 0.004 0.000 0.001 0.003 0.014 0.039 0.063 0.108 0.147 0.158 0.467
14 35 0.004 0.000 0.001 0.003 0.017 0.035 0.046 0.076 0.124 0.162 0.536
17 27 0.004 0.000 0.001 0.003 0.011 0.033 0.079 0.124 0.139 0.155 0.455
8 36 0.004 0.000 0.001 0.003 0.012 0.033 0.058 0.091 0.119 0.140 0.543
34 42 0.004 0.000 0.001 0.003 0.011 0.027 0.052 0.084 0.127 0.159 0.536
7 42 0.004 0.000 0.001 0.003 0.009 0.020 0.035 0.065 0.101 0.136 0.630
29 35 0.004 0.000 0.001 0.003 0.015 0.038 0.073 0.129 0.147 0.153 0.441
10 37 0.004 0.000 0.001 0.003 0.016 0.047 0.087 0.120 0.132 0.128 0.466
1 29 0.004 0.000 0.001 0.003 0.008 0.021 0.039 0.063 0.078 0.084 0.703
19 27 0.004 0.000 0.001 0.003 0.018 0.052 0.092 0.132 0.138 0.121 0.443
19 37 0.004 0.000 0.001 0.003 0.011 0.020 0.035 0.062 0.097 0.139 0.632
9 40 0.004 0.000 0.001 0.002 0.009 0.019 0.036 0.066 0.100 0.131 0.635
1 40 0.004 0.000 0.001 0.002 0.006 0.012 0.025 0.042 0.062 0.081 0.768
19 26 0.003 0.000 0.001 0.003 0.017 0.059 0.101 0.130 0.143 0.124 0.422
10 30 0.003 0.000 0.001 0.003 0.013 0.036 0.066 0.109 0.138 0.139 0.494
1 27 0.003 0.000 0.001 0.002 0.009 0.025 0.053 0.074 0.079 0.075 0.682
34 41 0.003 0.000 0.001 0.003 0.011 0.035 0.063 0.099 0.132 0.151 0.506
11 18 0.003 0.000 0.001 0.003 0.016 0.050 0.096 0.131 0.121 0.109 0.472
18 28 0.003 0.000 0.001 0.003 0.013 0.037 0.066 0.102 0.135 0.161 0.483
4 38 0.003 0.000 0.001 0.002 0.009 0.019 0.033 0.056 0.086 0.123 0.671
7 43 0.003 0.000 0.001 0.002 0.007 0.017 0.024 0.040 0.065 0.113 0.730
20 34 0.003 0.000 0.001 0.003 0.007 0.014 0.028 0.056 0.094 0.152 0.647
12 29 0.003 0.000 0.001 0.003 0.010 0.028 0.058 0.106 0.138 0.160 0.496
5 19 0.003 0.000 0.001 0.003 0.011 0.032 0.063 0.103 0.131 0.143 0.513
3 11 0.003 0.000 0.001 0.002 0.009 0.029 0.065 0.113 0.153 0.158 0.471
14 32 0.003 0.000 0.001 0.003 0.009 0.026 0.056 0.110 0.166 0.189 0.441
33 42 0.003 0.000 0.001 0.002 0.008 0.019 0.042 0.083 0.127 0.176 0.541
16 36 0.003 0.000 0.001 0.003 0.011 0.026 0.046 0.089 0.125 0.143 0.558
12 41 0.003 0.000 0.001 0.003 0.009 0.020 0.041 0.080 0.115 0.132 0.600
11 41 0.003 0.000 0.001 0.003 0.009 0.017 0.032 0.061 0.090 0.116 0.672
22 39 0.003 0.000 0.001 0.003 0.011 0.032 0.054 0.078 0.097 0.116 0.608
28 42 0.003 0.000 0.001 0.003 0.011 0.031 0.056 0.106 0.156 0.150 0.486
8 21 0.003 0.000 0.001 0.003 0.012 0.041 0.079 0.137 0.148 0.116 0.463
6 37 0.003 0.000 0.001 0.002 0.008 0.020 0.045 0.092 0.139 0.180 0.511
11 26 0.003 0.000 0.001 0.003 0.011 0.028 0.052 0.082 0.099 0.114 0.609
6 39 0.003 0.000 0.001 0.002 0.011 0.027 0.047 0.070 0.092 0.121 0.628
9 44 0.003 0.000 0.001 0.002 0.006 0.014 0.026 0.046 0.072 0.099 0.733
25 36 0.003 0.000 0.001 0.002 0.007 0.016 0.033 0.062 0.091 0.127 0.660
12 44 0.003 0.000 0.001 0.002 0.007 0.014 0.026 0.046 0.068 0.096 0.740
25 38 0.003 0.000 0.001 0.002 0.010 0.021 0.037 0.066 0.102 0.137 0.624
15 26 0.003 0.000 0.001 0.003 0.011 0.029 0.060 0.096 0.127 0.156 0.517
16 28 0.003 0.000 0.001 0.002 0.009 0.022 0.046 0.086 0.128 0.165 0.541
1 25 0.003 0.000 0.001 0.002 0.009 0.022 0.039 0.057 0.068 0.072 0.729
16 30 0.003 0.000 0.001 0.002 0.008 0.018 0.039 0.075 0.116 0.157 0.585
15 38 0.003 0.000 0.001 0.002 0.010 0.021 0.039 0.064 0.093 0.130 0.639
10 26 0.003 0.000 0.001 0.003 0.013 0.038 0.067 0.100 0.109 0.111 0.558
11 30 0.003 0.000 0.001 0.003 0.012 0.034 0.063 0.100 0.129 0.151 0.508
3 26 0.003 0.000 0.001 0.002 0.013 0.035 0.053 0.073 0.085 0.094 0.644
35 44 0.003 0.000 0.001 0.002 0.009 0.025 0.045 0.073 0.094 0.116 0.635
16 32 0.003 0.000 0.001 0.002 0.008 0.020 0.048 0.100 0.155 0.190 0.476
23 32 0.003 0.000 0.001 0.002 0.009 0.019 0.041 0.079 0.122 0.169 0.559
8 29 0.003 0.000 0.001 0.002 0.009 0.025 0.055 0.104 0.133 0.148 0.522
3 22 0.003 0.000 0.001 0.002 0.009 0.027 0.053 0.068 0.087 0.117 0.635
33 44 0.003 0.000 0.001 0.002 0.007 0.014 0.029 0.056 0.088 0.130 0.673
4 36 0.003 0.000 0.001 0.002 0.009 0.023 0.039 0.065 0.101 0.150 0.611
1 31 0.003 0.000 0.001 0.002 0.007 0.016 0.034 0.062 0.088 0.109 0.682
1 35 0.003 0.000 0.001 0.002 0.007 0.015 0.030 0.052 0.073 0.086 0.734
9 21 0.003 0.000 0.001 0.003 0.012 0.051 0.101 0.149 0.151 0.131 0.401
4 37 0.003 0.000 0.001 0.002 0.009 0.022 0.039 0.065 0.089 0.128 0.646
20 39 0.003 0.000 0.001 0.002 0.012 0.033 0.065 0.094 0.106 0.118 0.568
16 33 0.003 0.000 0.001 0.002 0.011 0.031 0.063 0.110 0.148 0.168 0.467
8 40 0.003 0.000 0.001 0.002 0.006 0.017 0.035 0.064 0.093 0.125 0.657
32 44 0.003 0.000 0.001 0.002 0.007 0.013 0.026 0.049 0.083 0.128 0.692
11 28 0.003 0.000 0.001 0.002 0.009 0.025 0.049 0.081 0.108 0.150 0.575
15 37 0.003 0.000 0.001 0.002 0.010 0.024 0.050 0.100 0.116 0.139 0.559
6 21 0.003 0.000 0.001 0.002 0.011 0.031 0.061 0.118 0.125 0.113 0.538
17 34 0.003 0.000 0.001 0.002 0.008 0.023 0.055 0.096 0.125 0.157 0.533
18 29 0.003 0.000 0.001 0.002 0.009 0.026 0.056 0.093 0.131 0.163 0.519
27 34 0.003 0.000 0.001 0.002 0.008 0.020 0.042 0.083 0.130 0.176 0.539
4 13 0.003 0.000 0.001 0.002 0.009 0.023 0.044 0.083 0.123 0.165 0.551
6 38 0.003 0.000 0.001 0.002 0.008 0.024 0.046 0.074 0.110 0.146 0.589
19 43 0.003 0.000 0.001 0.002 0.009 0.022 0.042 0.071 0.102 0.130 0.622
1 39 0.003 0.000 0.001 0.002 0.006 0.013 0.025 0.042 0.061 0.078 0.773
3 37 0.003 0.000 0.001 0.002 0.009 0.023 0.044 0.069 0.093 0.121 0.637
25 37 0.003 0.000 0.001 0.002 0.010 0.023 0.039 0.071 0.107 0.139 0.608
10 38 0.003 0.000 0.001 0.002 0.011 0.034 0.070 0.101 0.118 0.127 0.535
10 44 0.003 0.000 0.001 0.002 0.007 0.014 0.025 0.045 0.067 0.096 0.745
32 42 0.003 0.000 0.001 0.002 0.007 0.016 0.037 0.082 0.151 0.184 0.520
23 38 0.003 0.000 0.001 0.002 0.009 0.021 0.047 0.086 0.114 0.131 0.588
23 34 0.003 0.000 0.001 0.002 0.006 0.013 0.030 0.063 0.113 0.159 0.613
2 34 0.003 0.000 0.001 0.002 0.011 0.023 0.042 0.063 0.087 0.117 0.655
1 23 0.003 0.000 0.001 0.002 0.007 0.017 0.037 0.056 0.070 0.082 0.728
23 31 0.003 0.000 0.001 0.002 0.008 0.019 0.038 0.069 0.114 0.154 0.596
3 36 0.003 0.000 0.001 0.002 0.008 0.018 0.035 0.065 0.099 0.140 0.631
7 17 0.003 0.000 0.001 0.002 0.011 0.032 0.070 0.120 0.147 0.151 0.467
7 37 0.003 0.000 0.001 0.002 0.008 0.021 0.048 0.092 0.134 0.171 0.523
25 33 0.003 0.000 0.001 0.002 0.008 0.020 0.039 0.071 0.099 0.135 0.625
8 37 0.003 0.000 0.001 0.002 0.009 0.024 0.051 0.101 0.132 0.159 0.520
11 31 0.003 0.000 0.001 0.002 0.012 0.036 0.068 0.099 0.116 0.134 0.532
1 38 0.003 0.000 0.001 0.002 0.006 0.012 0.026 0.045 0.066 0.080 0.762
4 16 0.003 0.000 0.001 0.002 0.006 0.011 0.022 0.047 0.090 0.154 0.667
15 44 0.003 0.000 0.001 0.002 0.006 0.016 0.031 0.053 0.078 0.111 0.703
4 15 0.003 0.000 0.001 0.002 0.005 0.013 0.025 0.049 0.091 0.159 0.654
2 29 0.003 0.000 0.001 0.002 0.010 0.028 0.048 0.083 0.104 0.107 0.617
1 33 0.003 0.000 0.001 0.002 0.007 0.016 0.035 0.063 0.086 0.097 0.694
14 44 0.003 0.000 0.001 0.002 0.007 0.015 0.028 0.054 0.081 0.108 0.704
10 42 0.003 0.000 0.001 0.002 0.007 0.020 0.036 0.055 0.083 0.113 0.684
3 20 0.003 0.000 0.001 0.002 0.009 0.030 0.058 0.089 0.115 0.134 0.562
16 31 0.003 0.000 0.001 0.002 0.007 0.016 0.036 0.069 0.115 0.165 0.590
1 42 0.003 0.000 0.001 0.002 0.005 0.012 0.024 0.044 0.079 0.106 0.728
20 26 0.003 0.000 0.000 0.002 0.014 0.047 0.084 0.133 0.143 0.125 0.451
2 44 0.003 0.000 0.001 0.002 0.007 0.026 0.036 0.044 0.060 0.092 0.733
31 42 0.003 0.000 0.001 0.002 0.008 0.019 0.047 0.100 0.151 0.164 0.509
10 29 0.003 0.000 0.001 0.002 0.009 0.025 0.060 0.119 0.151 0.160 0.474
18 34 0.003 0.000 0.001 0.002 0.009 0.028 0.065 0.103 0.135 0.167 0.490
11 44 0.003 0.000 0.001 0.002 0.006 0.015 0.026 0.041 0.061 0.090 0.757
2 27 0.003 0.000 0.001 0.002 0.013 0.041 0.071 0.086 0.078 0.077 0.630
21 39 0.003 0.000 0.001 0.002 0.010 0.030 0.060 0.096 0.108 0.119 0.575
21 34 0.003 0.000 0.001 0.002 0.005 0.013 0.027 0.052 0.084 0.128 0.689
14 41 0.003 0.000 0.001 0.002 0.008 0.024 0.054 0.097 0.125 0.132 0.556
17 30 0.003 0.000 0.001 0.002 0.008 0.018 0.036 0.069 0.114 0.159 0.593
1 30 0.003 0.000 0.001 0.002 0.006 0.016 0.034 0.061 0.087 0.105 0.688
15 42 0.003 0.000 0.001 0.002 0.010 0.031 0.059 0.083 0.104 0.122 0.589
1 34 0.003 0.000 0.001 0.002 0.006 0.015 0.034 0.056 0.077 0.092 0.718
8 17 0.003 0.000 0.001 0.002 0.010 0.034 0.072 0.111 0.134 0.143 0.494
10 39 0.003 0.000 0.001 0.002 0.008 0.020 0.045 0.083 0.115 0.138 0.589
34 44 0.003 0.000 0.001 0.002 0.006 0.016 0.033 0.064 0.096 0.132 0.650
15 27 0.003 0.000 0.001 0.002 0.009 0.027 0.052 0.085 0.119 0.149 0.557
16 29 0.003 0.000 0.001 0.002 0.007 0.015 0.034 0.071 0.118 0.167 0.585
1 37 0.003 0.000 0.001 0.002 0.005 0.013 0.027 0.049 0.070 0.081 0.752
33 43 0.003 0.000 0.001 0.002 0.007 0.014 0.029 0.057 0.101 0.150 0.641
12 39 0.003 0.000 0.001 0.002 0.011 0.036 0.060 0.089 0.107 0.119 0.576
19 32 0.003 0.000 0.001 0.002 0.005 0.011 0.026 0.060 0.119 0.191 0.586
23 33 0.003 0.000 0.001 0.002 0.007 0.014 0.029 0.060 0.105 0.153 0.629
20 38 0.003 0.000 0.001 0.002 0.009 0.026 0.053 0.086 0.112 0.127 0.585
17 32 0.003 0.000 0.001 0.002 0.007 0.014 0.037 0.080 0.131 0.191 0.538
2 35 0.003 0.000 0.001 0.002 0.007 0.018 0.040 0.067 0.082 0.104 0.681
24 39 0.003 0.000 0.001 0.002 0.008 0.018 0.035 0.066 0.097 0.137 0.636
18 31 0.003 0.000 0.001 0.002 0.007 0.016 0.036 0.071 0.124 0.182 0.563
22 37 0.003 0.000 0.001 0.002 0.008 0.020 0.035 0.068 0.103 0.135 0.629
34 43 0.003 0.000 0.001 0.002 0.009 0.022 0.044 0.074 0.105 0.147 0.596
11 37 0.003 0.000 0.001 0.002 0.010 0.029 0.064 0.120 0.127 0.121 0.526
17 28 0.002 0.000 0.001 0.002 0.008 0.024 0.051 0.093 0.134 0.168 0.519
1 36 0.002 0.000 0.001 0.002 0.005 0.011 0.025 0.048 0.070 0.086 0.753
3 16 0.002 0.000 0.001 0.002 0.005 0.009 0.018 0.039 0.077 0.133 0.717
14 42 0.002 0.000 0.001 0.002 0.009 0.026 0.044 0.073 0.108 0.131 0.608
8 41 0.002 0.000 0.001 0.002 0.007 0.019 0.038 0.070 0.103 0.122 0.637
11 38 0.002 0.000 0.001 0.002 0.007 0.019 0.047 0.099 0.117 0.123 0.585
21 28 0.002 0.000 0.001 0.002 0.009 0.030 0.051 0.069 0.097 0.135 0.606
3 21 0.002 0.000 0.000 0.002 0.009 0.030 0.043 0.060 0.085 0.115 0.657
31 43 0.002 0.000 0.000 0.002 0.006 0.014 0.025 0.048 0.084 0.135 0.686
11 17 0.002 0.000 0.000 0.002 0.010 0.031 0.055 0.099 0.126 0.134 0.543
2 41 0.002 0.000 0.001 0.002 0.006 0.013 0.029 0.056 0.086 0.108 0.700
20 33 0.002 0.000 0.001 0.002 0.005 0.014 0.029 0.053 0.091 0.144 0.662
3 15 0.002 0.000 0.001 0.002 0.004 0.010 0.019 0.038 0.073 0.134 0.719
3 12 0.002 0.000 0.001 0.002 0.007 0.022 0.045 0.079 0.118 0.154 0.572
35 41 0.002 0.000 0.001 0.002 0.010 0.041 0.059 0.099 0.127 0.151 0.511
17 35 0.002 0.000 0.000 0.002 0.007 0.022 0.046 0.075 0.100 0.135 0.611
19 34 0.002 0.000 0.001 0.002 0.006 0.016 0.038 0.071 0.109 0.157 0.601
18 33 0.002 0.000 0.001 0.002 0.006 0.017 0.043 0.089 0.142 0.188 0.513
2 33 0.002 0.000 0.001 0.002 0.007 0.020 0.043 0.074 0.097 0.113 0.643
2 9 0.002 0.000 0.001 0.002 0.008 0.024 0.057 0.105 0.128 0.121 0.555
26 33 0.002 0.000 0.001 0.002 0.008 0.018 0.039 0.069 0.113 0.161 0.589
6 19 0.002 0.000 0.001 0.002 0.008 0.023 0.055 0.104 0.127 0.152 0.529
20 32 0.002 0.000 0.001 0.002 0.005 0.011 0.026 0.062 0.109 0.175 0.610
22 30 0.002 0.000 0.000 0.002 0.007 0.018 0.035 0.065 0.108 0.149 0.618
1 9 0.002 0.000 0.001 0.002 0.006 0.016 0.038 0.067 0.090 0.098 0.684
5 17 0.002 0.000 0.000 0.002 0.007 0.016 0.036 0.072 0.124 0.174 0.569
15 28 0.002 0.000 0.001 0.002 0.006 0.018 0.037 0.066 0.092 0.136 0.642
18 35 0.002 0.000 0.001 0.002 0.008 0.023 0.049 0.080 0.115 0.154 0.570
2 31 0.002 0.000 0.001 0.002 0.007 0.018 0.039 0.074 0.108 0.133 0.620
2 23 0.002 0.000 0.001 0.002 0.009 0.025 0.041 0.059 0.081 0.109 0.673
1 43 0.002 0.000 0.001 0.001 0.004 0.011 0.033 0.066 0.071 0.088 0.724
15 33 0.002 0.000 0.000 0.002 0.007 0.025 0.060 0.106 0.128 0.141 0.532
2 25 0.002 0.000 0.000 0.002 0.008 0.026 0.053 0.073 0.075 0.079 0.683
10 18 0.002 0.000 0.000 0.002 0.012 0.040 0.090 0.143 0.151 0.120 0.442
21 29 0.002 0.000 0.000 0.002 0.008 0.028 0.052 0.080 0.100 0.130 0.600
10 17 0.002 0.000 0.000 0.002 0.010 0.030 0.057 0.091 0.123 0.137 0.550
32 43 0.002 0.000 0.001 0.002 0.006 0.013 0.029 0.054 0.084 0.137 0.675
1 8 0.002 0.000 0.001 0.002 0.006 0.015 0.033 0.060 0.088 0.108 0.687
21 32 0.002 0.000 0.001 0.001 0.005 0.010 0.023 0.052 0.100 0.162 0.647
13 29 0.002 0.000 0.001 0.002 0.007 0.020 0.045 0.089 0.132 0.152 0.552
8 26 0.002 0.000 0.000 0.002 0.009 0.028 0.061 0.115 0.124 0.128 0.533
17 29 0.002 0.000 0.000 0.002 0.006 0.018 0.039 0.076 0.118 0.166 0.573
12 43 0.002 0.000 0.000 0.002 0.007 0.016 0.027 0.042 0.059 0.094 0.753
22 38 0.002 0.000 0.000 0.002 0.006 0.018 0.036 0.069 0.101 0.133 0.635
17 31 0.002 0.000 0.001 0.001 0.006 0.015 0.036 0.070 0.114 0.168 0.590
24 32 0.002 0.000 0.000 0.002 0.007 0.018 0.033 0.054 0.083 0.125 0.678
12 42 0.002 0.000 0.001 0.001 0.007 0.018 0.039 0.069 0.098 0.126 0.641
11 29 0.002 0.000 0.000 0.002 0.007 0.022 0.047 0.088 0.127 0.157 0.549
15 32 0.002 0.000 0.000 0.002 0.006 0.016 0.039 0.086 0.149 0.192 0.510
10 40 0.002 0.000 0.001 0.001 0.007 0.019 0.035 0.061 0.095 0.129 0.652
2 40 0.002 0.000 0.001 0.001 0.005 0.012 0.023 0.039 0.067 0.101 0.751
26 34 0.002 0.000 0.000 0.001 0.006 0.016 0.034 0.066 0.112 0.159 0.605
22 34 0.002 0.000 0.000 0.001 0.004 0.008 0.017 0.040 0.079 0.139 0.711
19 33 0.002 0.000 0.000 0.001 0.005 0.011 0.027 0.061 0.109 0.175 0.610
25 34 0.002 0.000 0.000 0.001 0.006 0.017 0.033 0.060 0.093 0.136 0.652
2 24 0.002 0.000 0.000 0.002 0.007 0.022 0.045 0.068 0.079 0.088 0.690
1 26 0.002 0.000 0.000 0.001 0.006 0.016 0.035 0.060 0.073 0.078 0.731
14 28 0.002 0.000 0.000 0.002 0.007 0.022 0.043 0.075 0.111 0.148 0.592
11 43 0.002 0.000 0.001 0.001 0.006 0.016 0.028 0.041 0.056 0.084 0.767
8 42 0.002 0.000 0.001 0.001 0.005 0.016 0.031 0.057 0.081 0.110 0.698
14 36 0.002 0.000 0.000 0.001 0.006 0.018 0.034 0.064 0.103 0.143 0.630
8 19 0.002 0.000 0.000 0.001 0.008 0.027 0.072 0.130 0.147 0.154 0.461
9 42 0.002 0.000 0.001 0.001 0.005 0.014 0.027 0.056 0.086 0.116 0.694
20 37 0.002 0.000 0.001 0.001 0.005 0.012 0.029 0.061 0.100 0.143 0.649
25 31 0.002 0.000 0.000 0.001 0.006 0.018 0.034 0.057 0.084 0.129 0.671
20 35 0.002 0.000 0.000 0.001 0.005 0.013 0.024 0.046 0.074 0.120 0.716
4 17 0.002 0.000 0.000 0.001 0.004 0.010 0.021 0.043 0.079 0.136 0.705
5 18 0.002 0.000 0.000 0.001 0.006 0.021 0.049 0.094 0.141 0.169 0.517
9 26 0.002 0.000 0.000 0.002 0.009 0.038 0.071 0.090 0.106 0.117 0.567
19 35 0.002 0.000 0.000 0.001 0.005 0.014 0.028 0.056 0.084 0.124 0.687
3 17 0.002 0.000 0.001 0.001 0.004 0.008 0.018 0.037 0.070 0.124 0.737
15 30 0.002 0.000 0.000 0.001 0.006 0.013 0.028 0.061 0.102 0.151 0.638
4 19 0.002 0.000 0.000 0.001 0.007 0.020 0.039 0.065 0.094 0.139 0.633
18 32 0.002 0.000 0.000 0.001 0.005 0.012 0.032 0.078 0.142 0.207 0.521
18 30 0.002 0.000 0.000 0.001 0.006 0.017 0.040 0.080 0.128 0.176 0.551
17 33 0.002 0.000 0.000 0.001 0.006 0.017 0.044 0.088 0.121 0.160 0.563
18 36 0.002 0.000 0.000 0.001 0.006 0.018 0.041 0.076 0.115 0.154 0.589
9 18 0.002 0.000 0.000 0.002 0.008 0.025 0.063 0.130 0.157 0.137 0.479
4 14 0.002 0.000 0.000 0.001 0.004 0.012 0.027 0.054 0.102 0.165 0.634
8 18 0.002 0.000 0.000 0.001 0.007 0.029 0.067 0.120 0.147 0.153 0.474
14 31 0.002 0.000 0.000 0.001 0.006 0.018 0.042 0.076 0.123 0.174 0.559
24 30 0.002 0.000 0.001 0.001 0.004 0.015 0.031 0.059 0.083 0.134 0.672
22 31 0.002 0.000 0.000 0.001 0.005 0.013 0.028 0.056 0.089 0.131 0.676
9 19 0.002 0.000 0.000 0.001 0.007 0.026 0.072 0.136 0.153 0.142 0.461
11 36 0.002 0.000 0.000 0.001 0.007 0.027 0.064 0.105 0.128 0.141 0.527
21 38 0.002 0.000 0.000 0.001 0.006 0.018 0.040 0.073 0.101 0.121 0.639
14 43 0.002 0.000 0.000 0.001 0.007 0.021 0.034 0.048 0.075 0.107 0.705
10 43 0.002 0.000 0.000 0.001 0.006 0.020 0.029 0.040 0.059 0.092 0.752
3 13 0.002 0.000 0.000 0.001 0.004 0.011 0.027 0.059 0.102 0.140 0.654
11 42 0.002 0.000 0.000 0.001 0.006 0.018 0.035 0.051 0.068 0.096 0.724
20 31 0.002 0.000 0.000 0.001 0.004 0.009 0.020 0.044 0.089 0.160 0.672
9 17 0.002 0.000 0.000 0.001 0.008 0.028 0.059 0.101 0.124 0.134 0.544
27 35 0.002 0.000 0.000 0.001 0.006 0.019 0.045 0.090 0.130 0.156 0.552
1 11 0.002 0.000 0.001 0.001 0.004 0.009 0.021 0.041 0.068 0.092 0.763
12 40 0.002 0.000 0.000 0.001 0.007 0.020 0.044 0.076 0.103 0.138 0.611
19 31 0.002 0.000 0.000 0.001 0.004 0.011 0.024 0.051 0.096 0.168 0.643
2 43 0.002 0.000 0.000 0.001 0.004 0.014 0.032 0.058 0.078 0.108 0.705
19 29 0.002 0.000 0.000 0.001 0.005 0.018 0.048 0.097 0.132 0.155 0.543
1 10 0.002 0.000 0.000 0.001 0.004 0.010 0.023 0.044 0.070 0.092 0.756
24 37 0.002 0.000 0.000 0.001 0.005 0.015 0.032 0.059 0.087 0.127 0.673
20 29 0.002 0.000 0.000 0.001 0.006 0.021 0.058 0.114 0.141 0.152 0.506
15 31 0.002 0.000 0.000 0.001 0.004 0.011 0.027 0.060 0.102 0.156 0.637
2 42 0.002 0.000 0.000 0.001 0.004 0.010 0.025 0.053 0.087 0.120 0.699
1 20 0.002 0.000 0.000 0.001 0.004 0.009 0.022 0.041 0.065 0.087 0.771
21 33 0.002 0.000 0.000 0.001 0.004 0.008 0.018 0.040 0.080 0.136 0.713
1 22 0.002 0.000 0.000 0.001 0.004 0.011 0.026 0.048 0.068 0.088 0.753
17 36 0.002 0.000 0.000 0.001 0.006 0.017 0.035 0.062 0.091 0.126 0.661
19 36 0.002 0.000 0.000 0.001 0.004 0.010 0.020 0.038 0.074 0.134 0.718
2 38 0.002 0.000 0.000 0.001 0.004 0.009 0.022 0.042 0.069 0.095 0.757
15 43 0.002 0.000 0.000 0.001 0.005 0.014 0.028 0.053 0.082 0.117 0.699
24 34 0.002 0.000 0.000 0.001 0.005 0.011 0.022 0.044 0.076 0.117 0.724
24 33 0.002 0.000 0.000 0.001 0.005 0.013 0.026 0.047 0.079 0.124 0.705
2 30 0.002 0.000 0.000 0.001 0.006 0.019 0.046 0.078 0.111 0.132 0.606
2 10 0.002 0.000 0.000 0.001 0.005 0.015 0.039 0.072 0.113 0.137 0.617
15 40 0.002 0.000 0.000 0.001 0.007 0.024 0.045 0.069 0.089 0.118 0.646
2 26 0.002 0.000 0.000 0.001 0.006 0.020 0.042 0.062 0.074 0.081 0.713
22 32 0.001 0.000 0.000 0.001 0.004 0.009 0.022 0.049 0.090 0.146 0.677
14 40 0.001 0.000 0.000 0.001 0.006 0.019 0.036 0.066 0.103 0.130 0.638
2 39 0.001 0.000 0.000 0.001 0.004 0.010 0.021 0.038 0.059 0.084 0.782
8 43 0.001 0.000 0.000 0.001 0.004 0.012 0.020 0.034 0.055 0.093 0.782
28 34 0.001 0.000 0.000 0.001 0.005 0.016 0.035 0.069 0.108 0.151 0.614
15 39 0.001 0.000 0.000 0.001 0.005 0.016 0.034 0.061 0.087 0.117 0.679
15 35 0.001 0.000 0.000 0.001 0.008 0.036 0.060 0.079 0.104 0.129 0.582
1 15 0.001 0.000 0.000 0.001 0.003 0.006 0.014 0.031 0.052 0.076 0.815
24 38 0.001 0.000 0.000 0.001 0.005 0.013 0.029 0.059 0.093 0.130 0.670
21 30 0.001 0.000 0.000 0.001 0.005 0.013 0.030 0.067 0.110 0.159 0.616
6 17 0.001 0.000 0.000 0.001 0.005 0.018 0.042 0.077 0.115 0.157 0.585
12 18 0.001 0.000 0.000 0.001 0.007 0.029 0.061 0.106 0.139 0.146 0.510
19 30 0.001 0.000 0.000 0.001 0.004 0.014 0.034 0.073 0.115 0.163 0.596
1 16 0.001 0.000 0.000 0.001 0.003 0.006 0.015 0.032 0.053 0.076 0.814
21 37 0.001 0.000 0.000 0.001 0.004 0.010 0.026 0.060 0.102 0.135 0.662
22 33 0.001 0.000 0.000 0.001 0.003 0.007 0.015 0.033 0.068 0.126 0.747
28 35 0.001 0.000 0.000 0.001 0.005 0.019 0.044 0.083 0.111 0.142 0.594
21 31 0.001 0.000 0.000 0.001 0.004 0.011 0.023 0.049 0.089 0.146 0.677
25 35 0.001 0.000 0.000 0.001 0.004 0.012 0.027 0.054 0.087 0.125 0.690
23 35 0.001 0.000 0.000 0.001 0.004 0.010 0.022 0.051 0.093 0.139 0.681
1 21 0.001 0.000 0.000 0.001 0.004 0.010 0.022 0.039 0.059 0.083 0.783
4 18 0.001 0.000 0.000 0.001 0.004 0.012 0.029 0.056 0.094 0.146 0.658
14 39 0.001 0.000 0.000 0.001 0.005 0.015 0.033 0.061 0.088 0.113 0.684
26 35 0.001 0.000 0.000 0.001 0.004 0.015 0.032 0.066 0.104 0.142 0.636
20 36 0.001 0.000 0.000 0.001 0.003 0.008 0.016 0.034 0.065 0.122 0.751
11 39 0.001 0.000 0.000 0.001 0.006 0.022 0.048 0.070 0.091 0.117 0.645
11 40 0.001 0.000 0.000 0.001 0.005 0.017 0.033 0.054 0.081 0.118 0.689
2 37 0.001 0.000 0.000 0.001 0.004 0.012 0.026 0.052 0.083 0.107 0.715
14 29 0.001 0.000 0.000 0.001 0.004 0.012 0.032 0.069 0.108 0.150 0.625
20 30 0.001 0.000 0.000 0.001 0.004 0.013 0.036 0.083 0.139 0.182 0.543
2 8 0.001 0.000 0.000 0.001 0.004 0.013 0.033 0.076 0.123 0.150 0.600
6 18 0.001 0.000 0.000 0.001 0.005 0.019 0.050 0.093 0.137 0.171 0.524
1 12 0.001 0.000 0.000 0.001 0.003 0.007 0.018 0.038 0.063 0.086 0.783
15 29 0.001 0.000 0.000 0.001 0.004 0.013 0.029 0.057 0.089 0.129 0.679
23 36 0.001 0.000 0.000 0.001 0.003 0.010 0.021 0.048 0.089 0.140 0.689
2 36 0.001 0.000 0.000 0.001 0.003 0.009 0.023 0.055 0.082 0.108 0.719
21 35 0.001 0.000 0.000 0.001 0.004 0.009 0.020 0.040 0.071 0.110 0.746
9 43 0.001 0.000 0.000 0.001 0.004 0.012 0.021 0.034 0.052 0.091 0.784
1 17 0.001 0.000 0.000 0.001 0.002 0.005 0.012 0.026 0.048 0.071 0.834
1 19 0.001 0.000 0.000 0.001 0.002 0.006 0.013 0.028 0.049 0.074 0.827
3 19 0.001 0.000 0.000 0.001 0.003 0.011 0.027 0.055 0.086 0.131 0.686
3 18 0.001 0.000 0.000 0.001 0.003 0.008 0.019 0.043 0.083 0.139 0.705
3 14 0.001 0.000 0.000 0.001 0.003 0.007 0.019 0.044 0.084 0.135 0.707
14 30 0.001 0.000 0.000 0.001 0.004 0.013 0.036 0.080 0.120 0.149 0.597
24 31 0.001 0.000 0.000 0.001 0.004 0.013 0.028 0.047 0.070 0.116 0.720
24 35 0.001 0.000 0.000 0.001 0.004 0.009 0.016 0.034 0.062 0.104 0.770
1 14 0.001 0.000 0.000 0.001 0.002 0.005 0.012 0.027 0.052 0.080 0.820
1 13 0.001 0.000 0.000 0.001 0.002 0.006 0.014 0.031 0.056 0.086 0.804
21 27 0.001 0.000 0.000 0.001 0.005 0.025 0.054 0.082 0.108 0.137 0.588
15 36 0.001 0.000 0.000 0.001 0.004 0.016 0.046 0.079 0.110 0.143 0.601
2 11 0.001 0.000 0.000 0.001 0.003 0.009 0.024 0.059 0.101 0.133 0.670
1 18 0.001 0.000 0.000 0.001 0.002 0.005 0.012 0.027 0.050 0.076 0.828
2 22 0.001 0.000 0.000 0.001 0.004 0.012 0.028 0.047 0.067 0.100 0.740
22 35 0.001 0.000 0.000 0.001 0.002 0.007 0.016 0.036 0.067 0.114 0.756
2 21 0.001 0.000 0.000 0.001 0.003 0.011 0.023 0.037 0.061 0.097 0.767
2 15 0.001 0.000 0.000 0.000 0.002 0.005 0.012 0.027 0.051 0.092 0.811
2 12 0.001 0.000 0.000 0.000 0.002 0.007 0.020 0.046 0.085 0.120 0.720
2 16 0.001 0.000 0.000 0.000 0.002 0.004 0.011 0.026 0.055 0.097 0.805
2 13 0.001 0.000 0.000 0.000 0.002 0.005 0.015 0.036 0.070 0.111 0.760
2 20 0.001 0.000 0.000 0.000 0.002 0.008 0.021 0.044 0.076 0.108 0.740
21 36 0.001 0.000 0.000 0.000 0.002 0.005 0.013 0.030 0.058 0.105 0.787
24 36 0.001 0.000 0.000 0.000 0.002 0.009 0.019 0.037 0.060 0.097 0.775
22 36 0.001 0.000 0.000 0.000 0.002 0.006 0.015 0.035 0.065 0.121 0.756
2 17 0.000 0.000 0.000 0.000 0.001 0.003 0.009 0.021 0.045 0.087 0.833
2 14 0.000 0.000 0.000 0.000 0.001 0.004 0.011 0.028 0.057 0.096 0.802
2 19 0.000 0.000 0.000 0.000 0.001 0.004 0.011 0.027 0.055 0.100 0.801
2 18 0.000 0.000 0.000 0.000 0.001 0.003 0.009 0.024 0.055 0.099 0.809