1   G C  68.9  100.9 -172.9  113.2   -2.4  0.6  6.6 0.987 0.012 0.001
2   S C  92.7  -87.1  122.5  109.8  -89.4  3.0  7.7 0.923 0.071 0.006
3   A C  82.7  -88.5  113.4  109.5 -149.3  4.3  9.5 0.911 0.081 0.008
4   T C  98.7  -93.3  122.9  112.2 -147.6  3.9 12.7 0.934 0.045 0.022
5   F C  57.1  -94.4  135.9  118.5 -154.1 17.2  9.6 0.988 0.001 0.010
6   P C  69.6  -67.8  152.8  113.7 -105.7  5.3 18.3 0.993 0.007 0.001
7   E H 119.1  -60.9  -34.7   93.0 -115.2  7.2 13.3 0.058 0.942 0.000
8   Q H 127.0  -65.8  -36.0   92.5   55.7  1.5 18.4 0.032 0.968 0.000
9   T H  35.8  -67.6  -38.1   93.7   50.9 11.1 16.4 0.011 0.989 0.000
10  I H  21.4  -62.9  -41.4   92.7   53.1 19.3 15.3 0.002 0.998 0.000
11  K H 114.9  -64.5  -39.1   92.4   52.5  3.9 21.2 0.003 0.997 0.000
12  Q H  88.3  -66.7  -39.1   92.6   49.9  4.5 21.3 0.003 0.997 0.000
13  L H  11.7  -65.7  -42.5   93.4   49.8 20.1 14.8 0.003 0.997 0.000
14  M H  69.2  -64.6  -38.5   92.5   51.9 13.9 16.7 0.014 0.986 0.000
15  D H 117.6  -68.0  -29.8   89.6   51.7  1.0 19.2 0.122 0.878 0.000
16  L C  67.0  -90.4   -1.7   94.0   53.7 10.6 13.2 0.892 0.108 0.000
17  G C  44.9   89.1   10.0   96.8 -101.0  4.7 22.4 0.999 0.000 0.001
18  F C  18.0  -94.9  143.1  122.3  141.5 22.9 10.6 0.999 0.000 0.001
19  P C  64.2  -69.2  152.8  117.5 -108.8  4.4 24.3 0.998 0.001 0.001
20  R H  96.0  -59.6  -37.1   92.0 -109.3 16.5 14.2 0.025 0.975 0.000
21  D H 100.2  -63.6  -38.0   91.6   55.1  2.3 21.4 0.010 0.990 0.000
22  A H  35.5  -66.3  -39.6   93.2   50.9  8.2 19.6 0.002 0.998 0.000
23  V H   5.3  -64.2  -42.8   93.5   51.9 24.9 16.2 0.001 0.999 0.000
24  V H  40.7  -62.1  -41.5   92.5   52.7 14.8 22.1 0.001 0.999 0.000
25  K H 112.4  -64.5  -40.1   91.4   50.1  2.9 26.3 0.001 0.999 0.000
26  A H   9.3  -64.9  -43.3   93.0   49.9 16.2 18.8 0.001 0.999 0.000
27  L H  10.1  -65.0  -41.5   93.7   50.4 23.7 17.0 0.001 0.999 0.000
28  K H 126.1  -65.5  -37.7   92.0   51.2  3.6 20.9 0.006 0.994 0.000
29  Q H  94.7  -69.9  -34.9   92.8   49.3  5.5 19.5 0.034 0.966 0.000
30  T H  29.3 -100.4   -0.5   98.7   39.8 16.0 12.1 0.418 0.582 0.001
31  N C 118.9   60.3   34.7   90.7 -116.6  2.6 21.6 0.993 0.007 0.000
32  G C  29.8   75.5   14.5   95.3  -80.6 13.9 16.2 0.998 0.002 0.000
33  N C  67.9 -100.7   91.3  107.2  141.2  6.9 20.8 0.994 0.005 0.001
34  A H  24.0  -63.7  -35.5   92.9 -172.3 21.0 13.9 0.059 0.941 0.000
35  E H 126.4  -63.0  -38.6   91.2   55.6  2.5 21.0 0.038 0.962 0.000
36  F H  97.9  -66.9  -39.0   93.1   49.8  5.3 21.3 0.020 0.980 0.000
37  A H   7.4  -65.3  -42.5   93.7   50.9 20.8 15.4 0.013 0.987 0.000
38  A H  22.1  -63.5  -41.1   93.3   52.3 16.3 18.6 0.005 0.995 0.000
39  S H  59.3  -65.7  -39.2   92.8   51.4  4.2 22.1 0.015 0.985 0.000
40  L H  57.4  -67.9  -38.0   93.4   50.3  9.8 18.3 0.023 0.977 0.000
41  L H  26.2  -71.2  -32.7   95.0   50.4 19.2 14.2 0.119 0.880 0.000
42  F H  94.6  -84.8  -13.3   99.3   48.7 11.1 15.5 0.391 0.606 0.003
43  Q C 122.4  -86.2   14.1  104.1   69.1  4.4 12.3 0.863 0.129 0.009
44  S C  94.6  -91.8   87.9  108.9   63.4  3.2  8.2 0.999 0.001 0.000
