9	12	0	8	0.99948
7	10	0	8	0.99844
6	9	0	8	0.99836
8	11	0	8	0.99800
10	13	0	8	0.99557
8	12	0	8	0.99285
12	15	0	8	0.99179
23	26	0	8	0.99141
16	26	0	8	0.99080
27	30	0	8	0.99068
7	11	0	8	0.98926
4	9	0	8	0.98843
9	13	0	8	0.98704
6	10	0	8	0.98643
12	30	0	8	0.97976
26	30	0	8	0.97892
14	17	0	8	0.97852
11	14	0	8	0.97729
4	10	0	8	0.97626
13	16	0	8	0.97554
27	32	0	8	0.97528
26	29	0	8	0.97278
24	27	0	8	0.97188
23	27	0	8	0.96758
9	30	0	8	0.95635
25	28	0	8	0.95445
22	25	0	8	0.95003
41	44	0	8	0.94976
4	13	0	8	0.94370
22	26	0	8	0.94187
13	30	0	8	0.94040
21	25	0	8	0.93347
5	9	0	8	0.92319
27	31	0	8	0.91488
10	14	0	8	0.90254
24	28	0	8	0.89801
26	32	0	8	0.89527
11	15	0	8	0.89109
21	26	0	8	0.88545
12	16	0	8	0.88123
15	18	0	8	0.87703
9	31	0	8	0.87568
13	26	0	8	0.87247
12	29	0	8	0.86632
25	29	0	8	0.85546
28	31	0	8	0.83562
4	32	0	8	0.83249
3	32	0	8	0.82929
16	21	0	8	0.80248
12	26	0	8	0.80116
40	44	0	8	0.79495
13	32	0	8	0.78299
27	34	0	8	0.77789
4	31	0	8	0.75740
16	30	0	8	0.75599
27	33	0	8	0.75523
23	34	0	8	0.74074
3	33	0	8	0.73988
13	17	0	8	0.73875
16	25	0	8	0.69277
14	18	0	8	0.68949
5	31	0	8	0.66573
4	30	0	8	0.66385
16	19	0	8	0.62923
16	29	0	8	0.62429
3	34	0	8	0.62272
2	34	0	8	0.61609
3	40	0	8	0.58736
15	26	0	8	0.57976
3	35	0	8	0.57696
2	35	0	8	0.55035
9	32	0	8	0.54445
35	40	0	8	0.53054
2	13	0	8	0.52236
2	10	0	8	0.51826
2	33	0	8	0.51181
4	12	0	8	0.50906
16	23	0	8	0.50480
1	35	0	8	0.49967
2	32	0	8	0.49555
16	27	0	8	0.49269
15	19	0	8	0.49152
13	27	0	8	0.47571
40	45	0	8	0.47430
18	21	0	8	0.47318
1	34	0	8	0.46946
35	39	0	8	0.45180
17	26	0	8	0.44027
4	33	0	8	0.43472
15	29	0	8	0.43099
16	20	0	8	0.42813
10	30	0	8	0.42618
4	7	0	8	0.41114
15	21	0	8	0.40631
17	21	0	8	0.40264
8	30	0	8	0.40211
16	22	0	8	0.40011
35	38	0	8	0.38819
33	41	0	8	0.36744
3	41	0	8	0.36389
42	45	0	8	0.34782
3	44	0	8	0.34639
33	40	0	8	0.34167
5	32	0	8	0.32667
17	20	0	8	0.31702
3	13	0	8	0.31279
32	40	0	8	0.31270
35	41	0	8	0.30700
16	32	0	8	0.30444
24	34	0	8	0.28560
1	33	0	8	0.28295
9	29	0	8	0.27876
3	10	0	8	0.27637
3	27	0	8	0.27031
21	29	0	8	0.26904
26	34	0	8	0.26820
33	44	0	8	0.26592
12	32	0	8	0.26218
41	45	0	8	0.25763
26	31	0	8	0.25285
32	41	0	8	0.24565
1	36	0	8	0.24553
15	30	0	8	0.24402
36	39	0	8	0.24358
3	39	0	8	0.24321
12	31	0	8	0.23993
1	39	0	8	0.23772
5	44	0	8	0.23131
5	30	0	8	0.22959
1	38	0	8	0.22615
12	27	0	8	0.22595
3	31	0	8	0.22379
1	40	0	8	0.21948
1	37	0	8	0.21445
1	41	0	8	0.21375
17	23	0	8	0.20631
28	32	0	8	0.20626
12	25	0	8	0.20433
5	33	0	8	0.20244
40	46	0	8	0.19944
2	40	0	8	0.19781
3	9	0	8	0.19430
6	31	0	8	0.19194
4	27	0	8	0.19123
37	40	0	8	0.18971
43	46	0	8	0.18609
2	27	0	8	0.18393
2	41	0	8	0.17933
13	29	0	8	0.17438
2	23	0	8	0.17410
34	40	0	8	0.16999
13	23	0	8	0.16741
34	41	0	8	0.16537
6	30	0	8	0.16426
18	26	0	8	0.15952
8	29	0	8	0.15580
2	36	0	8	0.15276
10	32	0	8	0.15266
5	10	0	8	0.15237
8	31	0	8	0.15160
2	5	0	8	0.15098
32	44	0	8	0.15021
40	43	0	8	0.15018
16	34	0	8	0.14766
3	38	0	8	0.14688
19	26	0	8	0.14553
2	14	0	8	0.14490
23	32	0	8	0.14433
4	40	0	8	0.14186
34	37	0	8	0.13828
5	41	0	8	0.13725
15	25	0	8	0.13722
5	40	0	8	0.13492
3	45	0	8	0.13472
3	30	0	8	0.13451
2	9	0	8	0.13405
13	31	0	8	0.13289
2	38	0	8	0.12347
5	45	0	8	0.11815
23	35	0	8	0.11587
2	39	0	8	0.11545
2	37	0	8	0.11272
34	38	0	8	0.11242
1	32	0	8	0.11218
15	20	0	8	0.11185
36	40	0	8	0.11094
5	46	0	8	0.10880
13	34	0	8	0.10865
3	37	0	8	0.10709
20	26	0	8	0.10602
9	26	0	8	0.10586
27	40	0	8	0.10202
33	45	0	8	0.09819
31	41	0	8	0.09759
4	44	0	8	0.09521
32	35	0	8	0.09462
35	44	0	8	0.09420
17	22	0	8	0.09380
4	41	0	8	0.09156
39	42	0	8	0.09155
2	26	0	8	0.08959
1	23	0	8	0.08950
23	36	0	8	0.08931
1	44	0	8	0.08813
2	31	0	8	0.08768
33	39	0	8	0.08707
4	34	0	8	0.08664
42	46	0	8	0.08546
3	46	0	8	0.08520
3	36	0	8	0.08429
2	30	0	8	0.08427
6	44	0	8	0.08326
3	23	0	8	0.08102
6	46	0	8	0.07867
11	30	0	8	0.07860
2	7	0	8	0.07826
1	45	0	8	0.07679
4	26	0	8	0.07657
23	33	0	8	0.07590
1	13	0	8	0.07569
1	4	0	8	0.07567
9	27	0	8	0.07536
33	43	0	8	0.07499
5	43	0	8	0.07433
33	38	0	8	0.07401
33	46	0	8	0.07331
27	35	0	8	0.07313
34	39	0	8	0.07281
31	40	0	8	0.07246
5	42	0	8	0.07097
20	23	0	8	0.07085
30	40	0	8	0.07071
6	32	0	8	0.07063
31	44	0	8	0.06935
26	40	0	8	0.06826
9	33	0	8	0.06784
20	25	0	8	0.06760
1	10	0	8	0.06748
18	23	0	8	0.06689
34	44	0	8	0.06558
15	23	0	8	0.06535
19	25	0	8	0.06467
3	26	0	8	0.06463
2	17	0	8	0.06446
2	44	0	8	0.06370
27	41	0	8	0.06304
7	46	0	8	0.06303
14	26	0	8	0.06299
30	41	0	8	0.06276
4	8	0	8	0.06231
33	42	0	8	0.06190
37	41	0	8	0.06055
17	34	0	8	0.06023
18	25	0	8	0.05996
3	42	0	8	0.05941
23	38	0	8	0.05929
26	33	0	8	0.05841
4	35	0	8	0.05840
21	24	0	8	0.05726
1	42	0	8	0.05691
19	22	0	8	0.05507
3	43	0	8	0.05464
6	45	0	8	0.05424
36	41	0	8	0.05416
5	8	0	8	0.05343
22	34	0	8	0.05320
38	41	0	8	0.05308
39	45	0	8	0.05265
35	45	0	8	0.05138
11	29	0	8	0.05084
30	33	0	8	0.04954
14	23	0	8	0.04914
1	46	0	8	0.04843
28	40	0	8	0.04824
18	22	0	8	0.04811
33	37	0	8	0.04786
10	46	0	8	0.04672
32	42	0	8	0.04619
31	46	0	8	0.04522
19	29	0	8	0.04494
1	27	0	8	0.04493
14	19	0	8	0.04414
32	43	0	8	0.04399
21	34	0	8	0.04367
16	28	0	8	0.04292
23	37	0	8	0.04292
13	21	0	8	0.04283
16	35	0	8	0.04256
31	42	0	8	0.04171
5	27	0	8	0.04155
33	36	0	8	0.04142
6	33	0	8	0.04096
32	39	0	8	0.04039
12	28	0	8	0.04029
4	29	0	8	0.04029
28	33	0	8	0.04021
1	17	0	8	0.03970
13	35	0	8	0.03924
10	44	0	8	0.03923
23	28	0	8	0.03918
1	5	0	8	0.03877
28	41	0	8	0.03877
27	44	0	8	0.03838
18	29	0	8	0.03832
30	44	0	8	0.03819
19	23	0	8	0.03802
24	38	0	8	0.03785
2	6	0	8	0.03780
31	43	0	8	0.03773
13	25	0	8	0.03761
41	46	0	8	0.03758
12	21	0	8	0.03734
29	32	0	8	0.03602
15	22	0	8	0.03556
25	30	0	8	0.03527
2	45	0	8	0.03501
39	46	0	8	0.03497
17	35	0	8	0.03443
13	40	0	8	0.03405
8	46	0	8	0.03345
10	41	0	8	0.03341
1	31	0	8	0.03204
1	14	0	8	0.03163
17	32	0	8	0.03123
4	46	0	8	0.03119
2	46	0	8	0.03113
5	35	0	8	0.03095
15	32	0	8	0.03077
38	42	0	8	0.03048
27	39	0	8	0.03034
5	39	0	8	0.02969
7	44	0	8	0.02950
9	44	0	8	0.02935
18	34	0	8	0.02921
10	40	0	8	0.02920
26	35	0	8	0.02912
5	29	0	8	0.02891
28	34	0	8	0.02823
5	38	0	8	0.02817
23	40	0	8	0.02782
10	31	0	8	0.02739
6	29	0	8	0.02727
29	46	0	8	0.02713
27	38	0	8	0.02711
30	34	0	8	0.02710
29	44	0	8	0.02666
32	46	0	8	0.02655
31	45	0	8	0.02630
38	46	0	8	0.02614
10	35	0	8	0.02600
32	45	0	8	0.02590
23	39	0	8	0.02582
7	45	0	8	0.02577
16	33	0	8	0.02575
4	45	0	8	0.02550
10	26	0	8	0.02545
37	45	0	8	0.02509
35	46	0	8	0.02468
28	39	0	8	0.02421
38	45	0	8	0.02417
6	41	0	8	0.02395
36	45	0	8	0.02268
16	31	0	8	0.02233
19	34	0	8	0.02230
13	33	0	8	0.02224
6	43	0	8	0.02202
2	42	0	8	0.02199
28	42	0	8	0.02192
29	41	0	8	0.02182
39	44	0	8	0.02146
8	32	0	8	0.02073
17	25	0	8	0.02059
8	44	0	8	0.02059
32	38	0	8	0.02046
13	41	0	8	0.02025
9	40	0	8	0.02014
17	40	0	8	0.02009
14	21	0	8	0.01995
12	23	0	8	0.01990
11	26	0	8	0.01988
9	41	0	8	0.01986
35	42	0	8	0.01962
1	7	0	8	0.01955
25	34	0	8	0.01945
39	43	0	8	0.01933
3	12	0	8	0.01916
24	35	0	8	0.01916
29	40	0	8	0.01851
3	29	0	8	0.01836
10	23	0	8	0.01816
10	27	0	8	0.01812
2	12	0	8	0.01803
34	46	0	8	0.01786
25	40	0	8	0.01773
28	44	0	8	0.01759
13	44	0	8	0.01756
26	41	0	8	0.01749
6	42	0	8	0.01739
24	39	0	8	0.01730
30	46	0	8	0.01725
8	45	0	8	0.01719
34	42	0	8	0.01707
36	44	0	8	0.01703
9	16	0	8	0.01680
17	27	0	8	0.01670
9	46	0	8	0.01655
37	42	0	8	0.01652
1	26	0	8	0.01645
17	30	0	8	0.01638
36	46	0	8	0.01628
17	41	0	8	0.01618
9	28	0	8	0.01612
1	43	0	8	0.01593
26	44	0	8	0.01592
24	36	0	8	0.01578
13	18	0	8	0.01577
17	29	0	8	0.01538
11	23	0	8	0.01527
24	37	0	8	0.01511
36	42	0	8	0.01503
5	37	0	8	0.01489
16	40	0	8	0.01487
18	35	0	8	0.01467
34	45	0	8	0.01465
23	41	0	8	0.01427
37	46	0	8	0.01413
28	46	0	8	0.01396
6	40	0	8	0.01390
18	40	0	8	0.01388
24	33	0	8	0.01378
14	30	0	8	0.01364
18	38	0	8	0.01340
1	30	0	8	0.01335
2	29	0	8	0.01324
24	40	0	8	0.01317
16	24	0	8	0.01316
9	45	0	8	0.01305
17	38	0	8	0.01304
5	28	0	8	0.01288
30	42	0	8	0.01282
11	46	0	8	0.01269
19	37	0	8	0.01257
3	7	0	8	0.01239
4	14	0	8	0.01212
5	34	0	8	0.01211
25	32	0	8	0.01208
30	43	0	8	0.01208
4	43	0	8	0.01188
4	39	0	8	0.01181
10	45	0	8	0.01172
3	28	0	8	0.01155
3	6	0	8	0.01150
10	34	0	8	0.01139
26	38	0	8	0.01138
37	44	0	8	0.01136
20	34	0	8	0.01126
10	33	0	8	0.01120
1	16	0	8	0.01115
3	16	0	8	0.01115
5	13	0	8	0.01113
19	38	0	8	0.01111
2	43	0	8	0.01106
20	24	0	8	0.01103
11	17	0	8	0.01103
4	42	0	8	0.01099
35	43	0	8	0.01094
7	42	0	8	0.01092
1	6	0	8	0.01085
34	43	0	8	0.01058
17	33	0	8	0.01052
18	41	0	8	0.01051
19	36	0	8	0.01049
24	29	0	8	0.01048
1	9	0	8	0.01039
20	38	0	8	0.01038
23	44	0	8	0.01038
2	16	0	8	0.01032
17	39	0	8	0.01024
18	37	0	8	0.01000
29	45	0	8	0.00998
14	34	0	8	0.00998
19	35	0	8	0.00992
17	46	0	8	0.00985
7	43	0	8	0.00985
5	36	0	8	0.00985
20	37	0	8	0.00981
20	36	0	8	0.00977
22	38	0	8	0.00975
16	41	0	8	0.00974
28	43	0	8	0.00947
22	27	0	8	0.00939
28	38	0	8	0.00937
38	44	0	8	0.00930
20	29	0	8	0.00921
27	42	0	8	0.00920
4	38	0	8	0.00917
7	41	0	8	0.00915
29	43	0	8	0.00915
17	44	0	8	0.00906
24	32	0	8	0.00898
3	17	0	8	0.00898
18	39	0	8	0.00893
25	38	0	8	0.00882
29	42	0	8	0.00877
30	45	0	8	0.00857
32	36	0	8	0.00850
18	32	0	8	0.00848
8	26	0	8	0.00847
3	14	0	8	0.00844
14	46	0	8	0.00843
12	18	0	8	0.00837
19	40	0	8	0.00837
8	43	0	8	0.00826
32	37	0	8	0.00824
14	20	0	8	0.00813
8	28	0	8	0.00811
9	15	0	8	0.00793
27	37	0	8	0.00791
23	46	0	8	0.00789
1	28	0	8	0.00786
28	35	0	8	0.00781
17	37	0	8	0.00780
28	45	0	8	0.00779
18	44	0	8	0.00778
10	17	0	8	0.00778
1	24	0	8	0.00773
9	42	0	8	0.00769
13	46	0	8	0.00764
4	23	0	8	0.00760
6	38	0	8	0.00757
21	38	0	8	0.00731
14	40	0	8	0.00729
30	35	0	8	0.00712
24	44	0	8	0.00700
23	45	0	8	0.00697
19	41	0	8	0.00682
3	25	0	8	0.00680
9	14	0	8	0.00673
19	44	0	8	0.00668
27	46	0	8	0.00667
8	27	0	8	0.00665
31	34	0	8	0.00665
19	39	0	8	0.00664
13	22	0	8	0.00659
27	36	0	8	0.00659
1	29	0	8	0.00649
6	39	0	8	0.00647
20	39	0	8	0.00640
15	34	0	8	0.00640
25	44	0	8	0.00639
31	39	0	8	0.00637
15	27	0	8	0.00632
14	41	0	8	0.00629
16	44	0	8	0.00607
7	38	0	8	0.00605
18	46	0	8	0.00600
14	35	0	8	0.00587
15	31	0	8	0.00577
19	46	0	8	0.00574
10	43	0	8	0.00574
27	45	0	8	0.00569
25	39	0	8	0.00568
20	46	0	8	0.00567
21	27	0	8	0.00566
20	40	0	8	0.00566
4	28	0	8	0.00564
12	44	0	8	0.00562
15	40	0	8	0.00561
22	36	0	8	0.00558
18	36	0	8	0.00555
7	30	0	8	0.00552
21	37	0	8	0.00551
12	22	0	8	0.00547
15	41	0	8	0.00544
7	31	0	8	0.00543
23	29	0	8	0.00542
31	35	0	8	0.00541
25	41	0	8	0.00539
24	46	0	8	0.00538
26	39	0	8	0.00531
25	46	0	8	0.00529
8	33	0	8	0.00528
1	25	0	8	0.00524
9	43	0	8	0.00521
3	24	0	8	0.00514
9	35	0	8	0.00511
22	37	0	8	0.00500
12	34	0	8	0.00485
12	17	0	8	0.00482
11	18	0	8	0.00482
38	43	0	8	0.00481
24	41	0	8	0.00479
4	11	0	8	0.00479
14	32	0	8	0.00468
6	27	0	8	0.00463
21	28	0	8	0.00460
30	39	0	8	0.00454
2	11	0	8	0.00451
9	23	0	8	0.00446
12	46	0	8	0.00446
17	36	0	8	0.00445
27	43	0	8	0.00443
1	22	0	8	0.00438
9	34	0	8	0.00438
12	33	0	8	0.00431
26	46	0	8	0.00431
21	35	0	8	0.00429
21	36	0	8	0.00422
30	38	0	8	0.00420
4	36	0	8	0.00417
20	35	0	8	0.00412
8	42	0	8	0.00409
4	37	0	8	0.00405
15	46	0	8	0.00393
31	38	0	8	0.00391
6	35	0	8	0.00390
20	41	0	8	0.00386
2	25	0	8	0.00386
13	28	0	8	0.00381
24	45	0	8	0.00378
37	43	0	8	0.00376
26	37	0	8	0.00371
29	33	0	8	0.00361
26	36	0	8	0.00361
13	45	0	8	0.00361
25	45	0	8	0.00361
9	25	0	8	0.00360
13	19	0	8	0.00359
2	28	0	8	0.00357
22	46	0	8	0.00354
14	44	0	8	0.00353
16	38	0	8	0.00352
4	16	0	8	0.00347
11	27	0	8	0.00347
36	43	0	8	0.00347
20	44	0	8	0.00337
22	40	0	8	0.00337
7	40	0	8	0.00337
10	42	0	8	0.00329
21	46	0	8	0.00328
21	40	0	8	0.00322
1	21	0	8	0.00321
22	44	0	8	0.00319
7	39	0	8	0.00318
22	35	0	8	0.00318
2	22	0	8	0.00315
29	34	0	8	0.00315
12	19	0	8	0.00311
8	23	0	8	0.00309
15	44	0	8	0.00308
2	24	0	8	0.00308
15	33	0	8	0.00308
5	12	0	8	0.00305
25	35	0	8	0.00305
16	39	0	8	0.00305
15	24	0	8	0.00303
12	41	0	8	0.00302
12	40	0	8	0.00302
11	31	0	8	0.00301
10	39	0	8	0.00300
3	22	0	8	0.00297
12	35	0	8	0.00295
21	39	0	8	0.00294
16	46	0	8	0.00288
2	8	0	8	0.00287
11	44	0	8	0.00287
8	25	0	8	0.00287
7	32	0	8	0.00280
17	45	0	8	0.00279
14	45	0	8	0.00278
22	39	0	8	0.00277
12	24	0	8	0.00277
16	36	0	8	0.00275
9	17	0	8	0.00274
10	29	0	8	0.00271
13	24	0	8	0.00271
8	41	0	8	0.00270
15	28	0	8	0.00261
10	38	0	8	0.00258
16	45	0	8	0.00257
14	22	0	8	0.00254
11	19	0	8	0.00249
5	26	0	8	0.00242
6	26	0	8	0.00242
7	33	0	8	0.00242
1	18	0	8	0.00242
6	28	0	8	0.00242
28	36	0	8	0.00237
11	21	0	8	0.00233
21	32	0	8	0.00233
4	17	0	8	0.00231
19	24	0	8	0.00230
15	35	0	8	0.00230
11	45	0	8	0.00226
15	42	0	8	0.00226
2	18	0	8	0.00224
19	45	0	8	0.00224
28	37	0	8	0.00222
20	45	0	8	0.00221
18	45	0	8	0.00218
21	44	0	8	0.00218
13	20	0	8	0.00217
10	16	0	8	0.00215
10	15	0	8	0.00213
12	45	0	8	0.00212
6	37	0	8	0.00210
11	16	0	8	0.00207
6	34	0	8	0.00201
13	39	0	8	0.00201
25	43	0	8	0.00198
18	33	0	8	0.00197
21	41	0	8	0.00195
22	41	0	8	0.00190
14	27	0	8	0.00190
19	42	0	8	0.00189
15	45	0	8	0.00188
22	45	0	8	0.00187
16	37	0	8	0.00185
26	45	0	8	0.00183
23	42	0	8	0.00182
12	20	0	8	0.00182
17	42	0	8	0.00181
8	40	0	8	0.00180
18	42	0	8	0.00180
13	38	0	8	0.00178
8	35	0	8	0.00178
5	23	0	8	0.00177
29	39	0	8	0.00175
2	21	0	8	0.00174
23	43	0	8	0.00170
16	42	0	8	0.00166
4	25	0	8	0.00166
13	42	0	8	0.00164
6	36	0	8	0.00162
19	28	0	8	0.00162
3	21	0	8	0.00161
29	38	0	8	0.00159
23	30	0	8	0.00158
13	43	0	8	0.00158
22	28	0	8	0.00157
3	8	0	8	0.00157
11	25	0	8	0.00155
29	35	0	8	0.00154
20	42	0	8	0.00150
16	43	0	8	0.00149
25	42	0	8	0.00148
19	32	0	8	0.00146
11	32	0	8	0.00144
19	27	0	8	0.00143
19	30	0	8	0.00142
14	39	0	8	0.00142
1	11	0	8	0.00141
14	42	0	8	0.00140
8	34	0	8	0.00139
30	37	0	8	0.00138
8	22	0	8	0.00136
1	19	0	8	0.00136
22	29	0	8	0.00134
7	37	0	8	0.00133
8	21	0	8	0.00130
1	12	0	8	0.00130
24	42	0	8	0.00130
14	29	0	8	0.00129
14	43	0	8	0.00128
15	43	0	8	0.00126
22	32	0	8	0.00126
11	43	0	8	0.00124
17	24	0	8	0.00124
9	38	0	8	0.00123
19	33	0	8	0.00122
1	20	0	8	0.00120
8	18	0	8	0.00119
12	42	0	8	0.00119
21	45	0	8	0.00119
15	39	0	8	0.00118
25	33	0	8	0.00118
17	43	0	8	0.00115
11	41	0	8	0.00114
18	30	0	8	0.00114
22	33	0	8	0.00112
19	43	0	8	0.00111
7	35	0	8	0.00111
7	23	0	8	0.00110
18	27	0	8	0.00110
12	43	0	8	0.00108
31	37	0	8	0.00107
26	42	0	8	0.00107
11	42	0	8	0.00106
7	29	0	8	0.00105
20	32	0	8	0.00104
9	18	0	8	0.00104
14	38	0	8	0.00102
3	18	0	8	0.00100
25	36	0	8	0.00100
24	43	0	8	0.00099
20	27	0	8	0.00097
2	20	0	8	0.00096
21	30	0	8	0.00093
15	38	0	8	0.00093
13	37	0	8	0.00091
20	43	0	8	0.00091
18	43	0	8	0.00091
8	19	0	8	0.00090
1	8	0	8	0.00089
7	27	0	8	0.00087
26	43	0	8	0.00087
7	12	0	8	0.00086
8	38	0	8	0.00085
25	37	0	8	0.00085
3	11	0	8	0.00083
9	39	0	8	0.00081
4	24	0	8	0.00081
11	28	0	8	0.00081
8	17	0	8	0.00080
7	17	0	8	0.00079
1	15	0	8	0.00079
8	24	0	8	0.00079
2	19	0	8	0.00078
17	31	0	8	0.00077
8	13	0	8	0.00077
2	15	0	8	0.00077
10	18	0	8	0.00076
18	24	0	8	0.00075
9	24	0	8	0.00075
7	34	0	8	0.00073
8	15	0	8	0.00073
30	36	0	8	0.00071
11	40	0	8	0.00071
21	33	0	8	0.00070
14	25	0	8	0.00070
7	36	0	8	0.00070
20	33	0	8	0.00068
31	36	0	8	0.00066
22	42	0	8	0.00066
5	25	0	8	0.00065
13	36	0	8	0.00064
14	24	0	8	0.00064
6	23	0	8	0.00063
4	15	0	8	0.00063
20	28	0	8	0.00062
3	15	0	8	0.00062
11	22	0	8	0.00061
6	25	0	8	0.00061
6	11	0	8	0.00061
9	36	0	8	0.00061
22	43	0	8	0.00060
21	42	0	8	0.00060
6	12	0	8	0.00059
15	36	0	8	0.00059
10	19	0	8	0.00059
11	24	0	8	0.00058
23	31	0	8	0.00055
5	24	0	8	0.00055
5	17	0	8	0.00055
10	37	0	8	0.00054
18	28	0	8	0.00053
24	30	0	8	0.00052
11	20	0	8	0.00052
8	36	0	8	0.00047
3	20	0	8	0.00046
3	19	0	8	0.00046
10	24	0	8	0.00045
7	26	0	8	0.00045
29	37	0	8	0.00045
10	21	0	8	0.00044
10	36	0	8	0.00043
8	39	0	8	0.00043
21	43	0	8	0.00042
14	37	0	8	0.00042
7	28	0	8	0.00040
4	22	0	8	0.00040
17	28	0	8	0.00039
9	37	0	8	0.00037
15	37	0	8	0.00037
29	36	0	8	0.00036
5	16	0	8	0.00035
8	16	0	8	0.00034
14	33	0	8	0.00034
25	31	0	8	0.00032
9	21	0	8	0.00032
12	38	0	8	0.00032
9	22	0	8	0.00031
14	36	0	8	0.00031
12	39	0	8	0.00031
14	31	0	8	0.00030
11	34	0	8	0.00029
6	13	0	8	0.00029
9	19	0	8	0.00029
10	22	0	8	0.00028
5	22	0	8	0.00027
4	18	0	8	0.00026
12	36	0	8	0.00026
7	24	0	8	0.00026
11	35	0	8	0.00026
5	14	0	8	0.00025
4	21	0	8	0.00024
8	37	0	8	0.00024
10	20	0	8	0.00023
10	28	0	8	0.00022
8	14	0	8	0.00022
8	20	0	8	0.00022
7	18	0	8	0.00021
6	24	0	8	0.00021
11	33	0	8	0.00020
5	11	0	8	0.00020
11	39	0	8	0.00020
6	17	0	8	0.00019
6	16	0	8	0.00019
7	19	0	8	0.00018
24	31	0	8	0.00018
5	18	0	8	0.00017
7	22	0	8	0.00016
7	13	0	8	0.00016
10	25	0	8	0.00016
6	22	0	8	0.00016
20	30	0	8	0.00016
4	19	0	8	0.00014
7	14	0	8	0.00014
11	38	0	8	0.00014
22	30	0	8	0.00014
7	21	0	8	0.00013
7	20	0	8	0.00013
5	19	0	8	0.00012
4	20	0	8	0.00012
7	25	0	8	0.00011
18	31	0	8	0.00011
12	37	0	8	0.00011
11	36	0	8	0.00011
14	28	0	8	0.00010
5	15	0	8	0.00010
END