12 30 0.987 0.261 0.680 0.046 0.007 0.002 0.001 0.000 0.000 0.000 0.002
4 10 0.980 0.144 0.741 0.095 0.010 0.002 0.000 0.000 0.000 0.000 0.007
16 26 0.969 0.281 0.627 0.061 0.016 0.006 0.003 0.001 0.001 0.001 0.003
9 30 0.945 0.119 0.693 0.132 0.033 0.010 0.004 0.002 0.001 0.001 0.006
13 26 0.889 0.031 0.545 0.312 0.071 0.021 0.007 0.003 0.002 0.001 0.006
4 32 0.868 0.107 0.628 0.133 0.047 0.033 0.021 0.012 0.006 0.003 0.011
4 13 0.865 0.006 0.305 0.554 0.108 0.013 0.002 0.001 0.000 0.000 0.010
9 32 0.855 0.054 0.512 0.289 0.093 0.027 0.009 0.004 0.002 0.001 0.009
9 31 0.801 0.029 0.401 0.371 0.138 0.030 0.010 0.005 0.003 0.002 0.011
13 30 0.777 0.010 0.286 0.481 0.193 0.018 0.003 0.001 0.001 0.001 0.007
27 34 0.773 0.022 0.406 0.345 0.134 0.042 0.014 0.009 0.007 0.005 0.017
3 32 0.748 0.025 0.298 0.425 0.103 0.060 0.027 0.021 0.014 0.007 0.020
12 29 0.744 0.008 0.231 0.505 0.218 0.021 0.004 0.001 0.001 0.001 0.010
27 33 0.718 0.004 0.162 0.552 0.203 0.040 0.011 0.007 0.005 0.003 0.013
12 26 0.700 0.006 0.176 0.519 0.260 0.025 0.004 0.002 0.001 0.001 0.007
4 30 0.678 0.015 0.270 0.393 0.217 0.062 0.017 0.006 0.003 0.002 0.015
17 26 0.624 0.010 0.212 0.402 0.291 0.053 0.012 0.005 0.003 0.002 0.010
4 31 0.594 0.004 0.129 0.461 0.265 0.082 0.023 0.011 0.006 0.003 0.015
3 33 0.565 0.021 0.367 0.177 0.156 0.107 0.056 0.046 0.024 0.014 0.033
8 30 0.551 0.004 0.138 0.409 0.343 0.071 0.015 0.005 0.003 0.002 0.012
2 32 0.541 0.010 0.215 0.316 0.216 0.107 0.051 0.027 0.018 0.012 0.029
16 29 0.540 0.004 0.110 0.426 0.354 0.078 0.014 0.004 0.001 0.001 0.008
17 23 0.524 0.006 0.173 0.345 0.256 0.124 0.047 0.020 0.009 0.004 0.015
2 34 0.495 0.012 0.312 0.171 0.083 0.096 0.093 0.099 0.055 0.027 0.052
16 25 0.481 0.006 0.098 0.378 0.405 0.071 0.019 0.008 0.004 0.002 0.010
13 27 0.480 0.001 0.073 0.406 0.369 0.105 0.022 0.008 0.004 0.002 0.010
5 31 0.473 0.016 0.205 0.252 0.277 0.144 0.055 0.020 0.009 0.005 0.017
5 32 0.464 0.003 0.086 0.375 0.345 0.103 0.033 0.018 0.012 0.007 0.018
13 32 0.458 0.002 0.075 0.381 0.402 0.107 0.018 0.003 0.001 0.001 0.009
2 13 0.442 0.005 0.116 0.321 0.310 0.142 0.043 0.014 0.005 0.002 0.043
2 33 0.432 0.002 0.061 0.370 0.128 0.155 0.095 0.080 0.045 0.021 0.044
16 23 0.419 0.007 0.123 0.288 0.398 0.123 0.030 0.011 0.005 0.002 0.012
16 30 0.381 0.001 0.043 0.337 0.483 0.109 0.015 0.003 0.001 0.001 0.007
16 22 0.381 0.007 0.112 0.262 0.382 0.159 0.042 0.015 0.006 0.002 0.013
2 35 0.365 0.003 0.062 0.300 0.154 0.097 0.090 0.090 0.071 0.049 0.083
23 34 0.363 0.004 0.107 0.251 0.255 0.165 0.092 0.054 0.027 0.013 0.031
1 35 0.356 0.016 0.202 0.138 0.101 0.089 0.078 0.092 0.081 0.055 0.148
3 40 0.353 0.039 0.201 0.113 0.103 0.092 0.080 0.071 0.062 0.056 0.182
3 35 0.353 0.005 0.096 0.251 0.224 0.131 0.084 0.066 0.052 0.034 0.057
1 34 0.349 0.003 0.070 0.276 0.099 0.097 0.087 0.101 0.087 0.059 0.120
6 31 0.348 0.004 0.069 0.275 0.401 0.148 0.052 0.019 0.009 0.005 0.019
3 34 0.338 0.002 0.042 0.294 0.282 0.128 0.088 0.059 0.038 0.022 0.045
4 33 0.324 0.001 0.029 0.293 0.360 0.155 0.069 0.034 0.020 0.012 0.026
24 34 0.315 0.002 0.079 0.234 0.281 0.191 0.096 0.052 0.026 0.013 0.026
13 23 0.305 0.000 0.034 0.271 0.430 0.184 0.046 0.014 0.006 0.003 0.012
15 26 0.299 0.001 0.023 0.276 0.587 0.085 0.011 0.004 0.003 0.002 0.009
26 32 0.291 0.002 0.037 0.252 0.578 0.080 0.019 0.007 0.004 0.004 0.017
8 31 0.276 0.002 0.038 0.237 0.465 0.172 0.047 0.014 0.006 0.003 0.017
12 32 0.271 0.001 0.029 0.241 0.564 0.135 0.014 0.003 0.001 0.001 0.011
2 23 0.242 0.013 0.109 0.120 0.139 0.145 0.148 0.125 0.080 0.045 0.076
4 12 0.232 0.000 0.011 0.220 0.651 0.086 0.009 0.001 0.000 0.000 0.021
12 31 0.226 0.000 0.012 0.214 0.634 0.108 0.013 0.004 0.002 0.001 0.012
2 27 0.220 0.002 0.051 0.167 0.241 0.258 0.155 0.063 0.023 0.010 0.030
2 10 0.208 0.001 0.038 0.169 0.429 0.253 0.047 0.009 0.004 0.002 0.048
10 30 0.198 0.000 0.010 0.187 0.653 0.115 0.013 0.004 0.003 0.002 0.012
3 41 0.196 0.006 0.065 0.125 0.158 0.117 0.088 0.077 0.069 0.059 0.237
3 44 0.189 0.006 0.073 0.110 0.117 0.106 0.087 0.079 0.071 0.064 0.285
40 46 0.175 0.006 0.062 0.107 0.164 0.160 0.122 0.083 0.050 0.028 0.218
4 27 0.166 0.000 0.021 0.144 0.414 0.290 0.079 0.024 0.008 0.003 0.015
1 36 0.165 0.003 0.041 0.121 0.134 0.111 0.097 0.089 0.082 0.073 0.249
21 29 0.159 0.000 0.008 0.151 0.413 0.240 0.116 0.034 0.009 0.004 0.024
3 13 0.156 0.001 0.025 0.130 0.403 0.332 0.067 0.013 0.004 0.002 0.023
11 30 0.153 0.000 0.006 0.147 0.711 0.103 0.011 0.003 0.003 0.002 0.014
16 27 0.153 0.000 0.009 0.143 0.635 0.160 0.028 0.009 0.004 0.002 0.009
35 41 0.151 0.003 0.043 0.105 0.167 0.197 0.184 0.145 0.072 0.026 0.057
3 10 0.149 0.001 0.017 0.131 0.570 0.218 0.022 0.005 0.002 0.001 0.033
15 21 0.143 0.001 0.025 0.117 0.371 0.276 0.118 0.048 0.019 0.008 0.017
34 40 0.141 0.002 0.037 0.103 0.164 0.234 0.181 0.134 0.069 0.028 0.048
5 33 0.139 0.001 0.021 0.117 0.292 0.270 0.150 0.070 0.033 0.016 0.029
10 32 0.133 0.000 0.014 0.119 0.470 0.289 0.068 0.018 0.006 0.003 0.012
3 27 0.130 0.001 0.025 0.104 0.284 0.338 0.150 0.051 0.018 0.008 0.021
15 29 0.124 0.000 0.012 0.112 0.460 0.300 0.082 0.018 0.004 0.002 0.011
6 30 0.123 0.000 0.009 0.113 0.536 0.247 0.062 0.015 0.004 0.002 0.012
1 40 0.121 0.003 0.038 0.080 0.155 0.157 0.109 0.084 0.067 0.054 0.252
5 30 0.115 0.001 0.016 0.098 0.441 0.301 0.095 0.024 0.007 0.003 0.013
2 40 0.115 0.002 0.028 0.086 0.184 0.174 0.109 0.087 0.071 0.059 0.202
6 32 0.109 0.000 0.011 0.098 0.475 0.302 0.065 0.018 0.008 0.005 0.017
33 40 0.109 0.002 0.029 0.078 0.135 0.200 0.170 0.158 0.098 0.053 0.077
12 27 0.108 0.000 0.007 0.101 0.616 0.229 0.027 0.005 0.002 0.001 0.010
2 26 0.098 0.002 0.018 0.078 0.263 0.280 0.179 0.091 0.039 0.017 0.034
28 34 0.097 0.000 0.013 0.083 0.354 0.343 0.121 0.041 0.016 0.008 0.021
15 30 0.096 0.000 0.006 0.089 0.549 0.290 0.048 0.007 0.002 0.001 0.008
3 30 0.094 0.002 0.024 0.067 0.275 0.432 0.123 0.035 0.013 0.006 0.022
9 27 0.090 0.000 0.004 0.087 0.551 0.281 0.043 0.011 0.005 0.003 0.016
33 41 0.090 0.002 0.026 0.062 0.123 0.157 0.163 0.152 0.115 0.076 0.124
1 38 0.089 0.002 0.028 0.060 0.118 0.138 0.126 0.112 0.089 0.067 0.262
4 40 0.088 0.003 0.032 0.052 0.119 0.146 0.122 0.115 0.104 0.088 0.219
3 9 0.088 0.000 0.008 0.080 0.657 0.208 0.015 0.004 0.001 0.001 0.026
1 33 0.086 0.001 0.023 0.063 0.255 0.173 0.111 0.139 0.090 0.051 0.095
3 39 0.085 0.001 0.019 0.064 0.163 0.173 0.119 0.103 0.083 0.067 0.205
1 37 0.085 0.002 0.024 0.058 0.124 0.135 0.113 0.112 0.095 0.074 0.262
5 44 0.081 0.002 0.027 0.052 0.080 0.102 0.104 0.103 0.096 0.090 0.344
26 34 0.080 0.000 0.010 0.069 0.352 0.338 0.139 0.048 0.016 0.007 0.021
32 40 0.079 0.003 0.033 0.042 0.072 0.126 0.192 0.199 0.139 0.081 0.112
20 26 0.077 0.001 0.013 0.063 0.525 0.322 0.043 0.009 0.004 0.002 0.019
4 44 0.077 0.001 0.023 0.052 0.094 0.122 0.111 0.102 0.091 0.079 0.324
18 26 0.075 0.000 0.009 0.066 0.465 0.371 0.061 0.011 0.004 0.002 0.012
13 29 0.075 0.000 0.007 0.068 0.593 0.284 0.030 0.005 0.002 0.001 0.009
3 26 0.073 0.004 0.029 0.040 0.113 0.226 0.320 0.177 0.053 0.016 0.023
4 26 0.072 0.001 0.013 0.058 0.285 0.403 0.160 0.044 0.014 0.006 0.018
1 39 0.070 0.002 0.020 0.048 0.102 0.168 0.137 0.109 0.080 0.061 0.273
2 14 0.068 0.000 0.009 0.058 0.203 0.299 0.220 0.112 0.042 0.014 0.043
33 39 0.068 0.001 0.021 0.046 0.089 0.163 0.209 0.217 0.140 0.059 0.055
2 17 0.068 0.000 0.008 0.059 0.216 0.301 0.198 0.097 0.044 0.022 0.055
3 31 0.064 0.001 0.011 0.053 0.465 0.282 0.095 0.050 0.016 0.007 0.021
14 26 0.063 0.000 0.003 0.060 0.622 0.264 0.028 0.007 0.004 0.003 0.010
13 34 0.063 0.000 0.008 0.055 0.182 0.319 0.255 0.123 0.034 0.010 0.015
2 44 0.061 0.001 0.018 0.042 0.092 0.130 0.120 0.106 0.089 0.074 0.327
33 44 0.061 0.001 0.016 0.044 0.087 0.123 0.129 0.131 0.115 0.095 0.259
4 34 0.061 0.001 0.015 0.046 0.220 0.441 0.131 0.064 0.034 0.016 0.032
32 41 0.061 0.002 0.021 0.038 0.070 0.116 0.160 0.169 0.140 0.104 0.181
3 45 0.059 0.001 0.019 0.039 0.078 0.105 0.103 0.098 0.088 0.077 0.393
9 33 0.057 0.000 0.006 0.050 0.388 0.391 0.100 0.030 0.012 0.005 0.016
9 29 0.057 0.000 0.004 0.053 0.555 0.290 0.056 0.016 0.006 0.003 0.016
2 36 0.057 0.001 0.016 0.040 0.110 0.241 0.124 0.112 0.099 0.072 0.186
1 23 0.056 0.001 0.013 0.042 0.108 0.153 0.153 0.153 0.131 0.093 0.153
3 46 0.055 0.002 0.020 0.034 0.059 0.082 0.090 0.092 0.087 0.080 0.456
4 41 0.055 0.001 0.013 0.041 0.101 0.138 0.134 0.122 0.103 0.087 0.260
3 38 0.053 0.001 0.012 0.041 0.130 0.189 0.166 0.131 0.094 0.065 0.172
1 41 0.053 0.001 0.016 0.036 0.077 0.137 0.153 0.124 0.092 0.071 0.294
39 46 0.051 0.001 0.015 0.034 0.070 0.117 0.152 0.172 0.118 0.068 0.252
35 44 0.049 0.001 0.010 0.038 0.106 0.154 0.166 0.159 0.124 0.085 0.156
1 13 0.048 0.001 0.011 0.037 0.133 0.293 0.261 0.124 0.042 0.014 0.085
5 43 0.047 0.001 0.015 0.031 0.057 0.076 0.094 0.103 0.103 0.097 0.423
34 41 0.047 0.001 0.011 0.036 0.088 0.185 0.210 0.194 0.128 0.066 0.083
1 32 0.045 0.001 0.013 0.031 0.144 0.400 0.170 0.090 0.051 0.026 0.074
2 39 0.044 0.001 0.011 0.032 0.076 0.165 0.182 0.145 0.093 0.068 0.226
2 30 0.044 0.000 0.006 0.037 0.264 0.401 0.186 0.054 0.015 0.006 0.029
5 41 0.042 0.001 0.009 0.032 0.083 0.119 0.127 0.122 0.110 0.097 0.299
8 32 0.042 0.000 0.004 0.037 0.353 0.429 0.121 0.029 0.008 0.003 0.014
32 44 0.042 0.001 0.012 0.029 0.078 0.120 0.136 0.131 0.111 0.092 0.291
1 44 0.041 0.001 0.013 0.027 0.062 0.103 0.117 0.113 0.098 0.081 0.385
2 41 0.041 0.001 0.009 0.031 0.094 0.180 0.168 0.120 0.086 0.065 0.247
2 9 0.041 0.000 0.004 0.037 0.393 0.431 0.080 0.011 0.003 0.002 0.041
39 45 0.040 0.001 0.010 0.030 0.091 0.170 0.202 0.190 0.110 0.054 0.143
23 36 0.040 0.000 0.008 0.031 0.087 0.160 0.197 0.180 0.131 0.084 0.121
3 43 0.039 0.001 0.010 0.028 0.089 0.137 0.135 0.108 0.086 0.072 0.334
2 38 0.039 0.001 0.010 0.028 0.089 0.166 0.173 0.155 0.103 0.070 0.205
4 11 0.038 0.000 0.001 0.037 0.771 0.163 0.009 0.002 0.001 0.001 0.016
8 29 0.037 0.000 0.004 0.033 0.264 0.420 0.177 0.059 0.018 0.006 0.019
2 24 0.037 0.000 0.007 0.030 0.106 0.157 0.160 0.179 0.153 0.099 0.109
2 46 0.037 0.001 0.013 0.022 0.039 0.059 0.076 0.090 0.094 0.089 0.516
1 46 0.036 0.001 0.013 0.022 0.037 0.053 0.065 0.081 0.089 0.089 0.551
17 25 0.036 0.000 0.005 0.030 0.285 0.428 0.190 0.037 0.009 0.003 0.011
27 35 0.035 0.000 0.006 0.029 0.242 0.483 0.154 0.038 0.014 0.007 0.027
3 23 0.035 0.000 0.006 0.029 0.114 0.201 0.225 0.178 0.116 0.065 0.066
5 40 0.032 0.000 0.006 0.025 0.088 0.143 0.137 0.121 0.108 0.097 0.272
1 10 0.031 0.000 0.007 0.023 0.085 0.259 0.344 0.148 0.031 0.008 0.093
19 26 0.031 0.000 0.005 0.025 0.231 0.460 0.216 0.039 0.006 0.002 0.014
16 24 0.030 0.000 0.003 0.027 0.324 0.463 0.125 0.029 0.011 0.005 0.013
2 45 0.030 0.001 0.009 0.021 0.042 0.069 0.092 0.112 0.106 0.093 0.455
2 37 0.030 0.001 0.007 0.023 0.069 0.178 0.211 0.141 0.100 0.075 0.197
9 26 0.030 0.000 0.001 0.028 0.441 0.438 0.063 0.012 0.004 0.002 0.011
1 45 0.029 0.001 0.009 0.019 0.034 0.057 0.075 0.097 0.104 0.096 0.507
3 42 0.027 0.001 0.007 0.020 0.080 0.154 0.149 0.112 0.089 0.073 0.316
4 35 0.027 0.000 0.005 0.022 0.076 0.295 0.313 0.137 0.070 0.033 0.048
13 21 0.027 0.000 0.003 0.024 0.279 0.432 0.169 0.059 0.016 0.005 0.014
3 36 0.027 0.000 0.006 0.020 0.063 0.229 0.273 0.140 0.088 0.059 0.121
16 32 0.026 0.000 0.003 0.023 0.200 0.489 0.230 0.040 0.006 0.001 0.008
5 45 0.026 0.001 0.007 0.019 0.044 0.071 0.088 0.100 0.102 0.100 0.469
38 46 0.026 0.001 0.008 0.017 0.042 0.078 0.110 0.142 0.152 0.125 0.323
32 39 0.026 0.000 0.007 0.019 0.042 0.085 0.131 0.221 0.225 0.143 0.126
4 46 0.026 0.001 0.008 0.018 0.038 0.062 0.078 0.094 0.099 0.094 0.509
23 35 0.024 0.000 0.005 0.019 0.090 0.254 0.275 0.177 0.089 0.041 0.049
24 33 0.024 0.000 0.003 0.021 0.145 0.433 0.243 0.096 0.032 0.009 0.018
3 37 0.024 0.000 0.006 0.018 0.068 0.173 0.256 0.174 0.096 0.058 0.152
5 46 0.023 0.001 0.007 0.016 0.036 0.060 0.076 0.087 0.091 0.093 0.534
24 36 0.023 0.000 0.004 0.018 0.067 0.150 0.212 0.201 0.143 0.090 0.115
27 40 0.022 0.001 0.006 0.015 0.042 0.087 0.154 0.201 0.178 0.129 0.185
19 25 0.022 0.001 0.007 0.014 0.097 0.358 0.373 0.110 0.019 0.005 0.017
32 38 0.022 0.001 0.005 0.016 0.051 0.114 0.168 0.214 0.208 0.147 0.075
6 44 0.022 0.000 0.006 0.015 0.038 0.065 0.091 0.112 0.119 0.120 0.433
34 44 0.021 0.000 0.005 0.017 0.055 0.131 0.166 0.169 0.139 0.103 0.215
4 43 0.021 0.000 0.006 0.015 0.047 0.085 0.117 0.129 0.114 0.096 0.391
4 45 0.021 0.000 0.006 0.015 0.038 0.073 0.098 0.115 0.108 0.097 0.451
1 27 0.021 0.000 0.005 0.016 0.064 0.180 0.271 0.234 0.121 0.044 0.065
13 31 0.021 0.000 0.002 0.019 0.303 0.526 0.127 0.012 0.002 0.001 0.008
4 14 0.020 0.000 0.001 0.020 0.446 0.460 0.052 0.006 0.001 0.000 0.014
35 46 0.019 0.000 0.005 0.013 0.035 0.070 0.109 0.141 0.143 0.127 0.357
23 32 0.019 0.000 0.001 0.018 0.324 0.502 0.097 0.025 0.010 0.004 0.018
12 25 0.019 0.000 0.002 0.017 0.181 0.482 0.262 0.040 0.006 0.002 0.008
16 28 0.018 0.000 0.001 0.017 0.332 0.499 0.116 0.018 0.005 0.003 0.010
38 44 0.018 0.000 0.004 0.013 0.061 0.181 0.243 0.189 0.120 0.063 0.125
31 41 0.018 0.000 0.005 0.012 0.032 0.058 0.103 0.139 0.154 0.144 0.351
35 42 0.018 0.000 0.004 0.013 0.060 0.145 0.199 0.208 0.165 0.094 0.111
16 34 0.018 0.000 0.003 0.015 0.073 0.209 0.286 0.231 0.118 0.039 0.026
1 17 0.017 0.000 0.004 0.014 0.053 0.141 0.222 0.219 0.149 0.080 0.119
1 26 0.016 0.000 0.004 0.012 0.048 0.122 0.229 0.261 0.168 0.076 0.080
5 42 0.016 0.000 0.004 0.012 0.037 0.074 0.105 0.121 0.122 0.111 0.414
1 43 0.016 0.000 0.005 0.011 0.028 0.054 0.089 0.126 0.144 0.126 0.416
15 22 0.016 0.000 0.004 0.012 0.069 0.201 0.400 0.240 0.046 0.010 0.017
37 46 0.016 0.000 0.004 0.011 0.028 0.055 0.094 0.133 0.157 0.153 0.364
15 25 0.015 0.000 0.002 0.013 0.115 0.369 0.390 0.086 0.013 0.003 0.010
24 35 0.015 0.000 0.003 0.012 0.061 0.211 0.310 0.222 0.100 0.039 0.041
9 34 0.015 0.000 0.003 0.013 0.093 0.360 0.358 0.119 0.028 0.009 0.017
2 31 0.015 0.000 0.004 0.011 0.112 0.425 0.265 0.101 0.037 0.013 0.031
18 25 0.015 0.000 0.003 0.012 0.101 0.362 0.391 0.102 0.013 0.003 0.013
2 16 0.015 0.000 0.002 0.013 0.112 0.284 0.283 0.156 0.069 0.031 0.051
27 41 0.014 0.000 0.003 0.011 0.033 0.071 0.128 0.173 0.174 0.144 0.262
32 43 0.014 0.000 0.003 0.010 0.032 0.061 0.100 0.133 0.140 0.133 0.386
33 43 0.013 0.000 0.003 0.010 0.040 0.082 0.111 0.135 0.141 0.136 0.342
2 43 0.013 0.000 0.004 0.009 0.029 0.061 0.109 0.158 0.148 0.108 0.374
9 44 0.013 0.000 0.004 0.009 0.025 0.055 0.093 0.127 0.145 0.144 0.397
14 21 0.013 0.000 0.003 0.010 0.113 0.475 0.250 0.094 0.030 0.009 0.015
1 42 0.013 0.000 0.004 0.009 0.026 0.056 0.098 0.151 0.159 0.115 0.382
31 44 0.013 0.000 0.003 0.010 0.031 0.065 0.101 0.120 0.123 0.116 0.431
6 45 0.013 0.000 0.004 0.009 0.021 0.035 0.055 0.080 0.101 0.115 0.580
1 14 0.012 0.000 0.003 0.010 0.039 0.117 0.231 0.269 0.169 0.068 0.096
31 40 0.012 0.000 0.003 0.009 0.030 0.054 0.098 0.162 0.189 0.167 0.287
17 30 0.012 0.000 0.002 0.011 0.112 0.449 0.342 0.066 0.009 0.002 0.008
23 33 0.012 0.000 0.002 0.010 0.096 0.350 0.341 0.132 0.036 0.012 0.021
25 34 0.012 0.000 0.002 0.010 0.079 0.329 0.313 0.158 0.060 0.021 0.027
6 46 0.012 0.000 0.004 0.008 0.018 0.032 0.047 0.064 0.082 0.100 0.645
5 34 0.012 0.000 0.003 0.009 0.040 0.188 0.397 0.211 0.080 0.034 0.039
6 43 0.012 0.000 0.003 0.008 0.024 0.045 0.071 0.093 0.107 0.115 0.534
38 45 0.012 0.000 0.003 0.009 0.028 0.076 0.142 0.209 0.185 0.129 0.219
33 46 0.012 0.000 0.003 0.008 0.024 0.055 0.089 0.124 0.134 0.127 0.436
33 42 0.011 0.000 0.003 0.009 0.033 0.082 0.130 0.161 0.168 0.148 0.267
32 42 0.011 0.000 0.003 0.008 0.025 0.049 0.083 0.135 0.168 0.163 0.365
34 46 0.011 0.000 0.003 0.008 0.023 0.052 0.085 0.128 0.147 0.137 0.416
26 33 0.011 0.000 0.002 0.009 0.084 0.451 0.354 0.065 0.012 0.004 0.019
32 46 0.011 0.000 0.003 0.008 0.023 0.050 0.086 0.122 0.134 0.128 0.447
5 35 0.011 0.000 0.003 0.008 0.032 0.114 0.294 0.287 0.137 0.060 0.065
27 36 0.011 0.000 0.002 0.009 0.051 0.217 0.366 0.208 0.073 0.026 0.049
35 45 0.010 0.000 0.002 0.008 0.029 0.078 0.132 0.170 0.164 0.142 0.274
23 37 0.010 0.000 0.002 0.008 0.031 0.088 0.182 0.220 0.182 0.121 0.164
17 27 0.010 0.000 0.001 0.009 0.160 0.461 0.268 0.072 0.014 0.004 0.010
23 38 0.010 0.000 0.003 0.008 0.027 0.070 0.137 0.181 0.177 0.146 0.251
36 46 0.010 0.000 0.003 0.007 0.018 0.040 0.070 0.107 0.136 0.151 0.469
30 44 0.010 0.000 0.003 0.007 0.023 0.048 0.087 0.123 0.141 0.140 0.429
30 41 0.010 0.000 0.002 0.007 0.024 0.044 0.084 0.131 0.162 0.161 0.385
10 31 0.010 0.000 0.001 0.009 0.189 0.487 0.239 0.048 0.011 0.003 0.013
33 45 0.010 0.000 0.002 0.007 0.026 0.066 0.098 0.133 0.141 0.134 0.393
17 29 0.010 0.000 0.001 0.008 0.091 0.382 0.388 0.101 0.016 0.004 0.009
35 43 0.009 0.000 0.002 0.007 0.033 0.096 0.168 0.190 0.175 0.135 0.193
1 24 0.009 0.000 0.002 0.007 0.030 0.080 0.129 0.169 0.171 0.157 0.256
31 43 0.009 0.000 0.003 0.007 0.019 0.035 0.061 0.088 0.112 0.126 0.549
13 25 0.009 0.000 0.001 0.008 0.209 0.563 0.162 0.033 0.009 0.003 0.011
4 42 0.009 0.000 0.002 0.007 0.026 0.068 0.117 0.147 0.142 0.112 0.377
8 44 0.009 0.000 0.003 0.006 0.015 0.030 0.054 0.086 0.117 0.141 0.548
36 42 0.009 0.000 0.002 0.007 0.024 0.050 0.103 0.189 0.271 0.217 0.137
17 34 0.009 0.000 0.002 0.007 0.032 0.096 0.202 0.278 0.212 0.107 0.064
4 23 0.009 0.000 0.001 0.008 0.067 0.254 0.308 0.206 0.085 0.033 0.038
37 44 0.009 0.000 0.002 0.006 0.028 0.084 0.207 0.272 0.181 0.090 0.128
14 30 0.009 0.000 0.001 0.008 0.301 0.573 0.094 0.010 0.003 0.001 0.009
27 44 0.009 0.000 0.002 0.006 0.021 0.052 0.097 0.135 0.148 0.142 0.397
22 34 0.009 0.000 0.001 0.007 0.067 0.244 0.279 0.194 0.106 0.051 0.051
27 39 0.009 0.000 0.002 0.006 0.019 0.048 0.114 0.204 0.230 0.180 0.197
19 29 0.009 0.000 0.002 0.007 0.043 0.175 0.299 0.291 0.131 0.030 0.023
32 45 0.009 0.000 0.002 0.006 0.023 0.057 0.098 0.139 0.145 0.135 0.395
6 41 0.008 0.000 0.002 0.006 0.021 0.055 0.100 0.131 0.142 0.138 0.405
4 39 0.008 0.000 0.002 0.006 0.027 0.085 0.159 0.185 0.150 0.117 0.269
23 40 0.008 0.000 0.002 0.006 0.020 0.047 0.094 0.148 0.174 0.169 0.340
36 44 0.008 0.000 0.002 0.006 0.019 0.056 0.127 0.200 0.210 0.164 0.216
2 22 0.008 0.000 0.001 0.006 0.042 0.110 0.168 0.196 0.180 0.135 0.162
1 9 0.008 0.000 0.002 0.006 0.029 0.096 0.349 0.361 0.063 0.010 0.084
14 23 0.008 0.000 0.001 0.007 0.074 0.383 0.355 0.128 0.032 0.008 0.013
17 24 0.008 0.000 0.001 0.006 0.091 0.388 0.327 0.127 0.034 0.009 0.015
2 42 0.008 0.000 0.002 0.005 0.018 0.049 0.112 0.189 0.169 0.111 0.344
13 33 0.008 0.000 0.001 0.007 0.062 0.379 0.403 0.113 0.020 0.005 0.010
4 29 0.008 0.000 0.001 0.007 0.110 0.432 0.295 0.098 0.027 0.010 0.021
24 38 0.007 0.000 0.002 0.005 0.019 0.046 0.097 0.160 0.188 0.176 0.306
27 38 0.007 0.000 0.002 0.005 0.025 0.075 0.172 0.246 0.213 0.129 0.134
1 30 0.007 0.000 0.002 0.005 0.020 0.066 0.231 0.384 0.183 0.045 0.063
24 40 0.007 0.000 0.002 0.005 0.017 0.037 0.069 0.116 0.154 0.180 0.418
13 22 0.007 0.000 0.001 0.006 0.092 0.495 0.301 0.071 0.017 0.005 0.012
12 34 0.007 0.000 0.001 0.006 0.049 0.204 0.360 0.266 0.082 0.016 0.015
30 40 0.007 0.000 0.002 0.005 0.021 0.046 0.087 0.142 0.183 0.184 0.329
12 28 0.007 0.000 0.000 0.006 0.258 0.590 0.111 0.012 0.004 0.002 0.016
4 38 0.007 0.000 0.002 0.005 0.021 0.068 0.142 0.196 0.179 0.141 0.246
37 45 0.007 0.000 0.002 0.005 0.016 0.042 0.101 0.184 0.219 0.180 0.252
24 41 0.007 0.000 0.002 0.005 0.013 0.028 0.051 0.086 0.121 0.151 0.542
31 42 0.006 0.000 0.002 0.004 0.014 0.027 0.049 0.080 0.119 0.154 0.550
2 12 0.006 0.000 0.001 0.005 0.062 0.272 0.400 0.170 0.035 0.007 0.048
24 37 0.006 0.000 0.001 0.005 0.021 0.063 0.152 0.226 0.208 0.143 0.180
31 46 0.006 0.000 0.002 0.004 0.012 0.024 0.048 0.081 0.112 0.129 0.588
28 41 0.006 0.000 0.002 0.004 0.013 0.031 0.058 0.096 0.136 0.166 0.494
27 46 0.006 0.000 0.002 0.004 0.012 0.028 0.053 0.084 0.112 0.127 0.577
37 43 0.006 0.000 0.002 0.004 0.014 0.035 0.097 0.211 0.325 0.201 0.111
9 41 0.006 0.000 0.001 0.004 0.017 0.049 0.108 0.155 0.166 0.153 0.345
28 40 0.006 0.000 0.002 0.004 0.013 0.029 0.058 0.101 0.149 0.197 0.446
7 44 0.006 0.000 0.002 0.004 0.012 0.029 0.055 0.087 0.113 0.132 0.567
34 42 0.006 0.000 0.001 0.004 0.017 0.049 0.113 0.203 0.223 0.170 0.219
5 27 0.006 0.000 0.000 0.005 0.058 0.303 0.416 0.160 0.034 0.009 0.014
22 28 0.006 0.000 0.001 0.004 0.660 0.288 0.013 0.008 0.003 0.005 0.017
12 21 0.006 0.000 0.001 0.005 0.081 0.364 0.337 0.140 0.043 0.012 0.018
10 34 0.006 0.000 0.001 0.005 0.029 0.096 0.254 0.349 0.185 0.053 0.028
13 40 0.006 0.000 0.001 0.004 0.016 0.050 0.112 0.168 0.179 0.160 0.309
24 32 0.006 0.000 0.001 0.005 0.192 0.586 0.136 0.050 0.011 0.004 0.015
13 44 0.006 0.000 0.002 0.004 0.012 0.032 0.067 0.104 0.131 0.144 0.504
34 45 0.006 0.000 0.001 0.004 0.016 0.045 0.093 0.161 0.176 0.158 0.345
2 25 0.006 0.000 0.001 0.004 0.029 0.102 0.203 0.237 0.206 0.126 0.091
9 46 0.006 0.000 0.002 0.004 0.011 0.025 0.047 0.075 0.101 0.119 0.616
1 31 0.006 0.000 0.002 0.004 0.015 0.040 0.152 0.445 0.188 0.068 0.086
7 46 0.006 0.000 0.002 0.004 0.010 0.019 0.031 0.047 0.067 0.091 0.731
18 29 0.006 0.000 0.001 0.004 0.028 0.161 0.450 0.271 0.059 0.011 0.014
23 41 0.005 0.000 0.001 0.004 0.011 0.029 0.059 0.104 0.146 0.170 0.476
24 39 0.005 0.000 0.001 0.004 0.014 0.032 0.063 0.116 0.165 0.187 0.417
1 22 0.005 0.000 0.001 0.004 0.015 0.045 0.098 0.157 0.174 0.161 0.344
7 30 0.005 0.000 0.001 0.005 0.131 0.589 0.213 0.034 0.010 0.004 0.014
23 44 0.005 0.000 0.002 0.003 0.009 0.021 0.047 0.087 0.130 0.162 0.538
9 40 0.005 0.000 0.001 0.004 0.017 0.057 0.132 0.181 0.172 0.144 0.292
14 20 0.005 0.000 0.001 0.004 0.027 0.187 0.359 0.326 0.062 0.013 0.021
4 36 0.005 0.000 0.001 0.004 0.013 0.037 0.088 0.299 0.307 0.125 0.126
1 7 0.005 0.000 0.001 0.004 0.013 0.032 0.082 0.217 0.371 0.183 0.099
23 39 0.005 0.000 0.001 0.004 0.014 0.039 0.085 0.152 0.191 0.183 0.332
5 38 0.005 0.000 0.001 0.004 0.012 0.033 0.084 0.163 0.192 0.173 0.338
9 43 0.005 0.000 0.001 0.004 0.012 0.030 0.061 0.097 0.129 0.148 0.519
20 29 0.005 0.000 0.001 0.004 0.034 0.165 0.433 0.274 0.056 0.012 0.023
6 33 0.005 0.000 0.001 0.004 0.038 0.267 0.385 0.201 0.062 0.019 0.023
30 43 0.005 0.000 0.001 0.003 0.013 0.026 0.048 0.078 0.110 0.138 0.583
6 40 0.005 0.000 0.001 0.004 0.014 0.046 0.109 0.155 0.159 0.149 0.364
8 46 0.005 0.000 0.001 0.003 0.009 0.019 0.032 0.052 0.075 0.099 0.710
30 46 0.005 0.000 0.001 0.003 0.010 0.022 0.045 0.078 0.112 0.133 0.597
15 23 0.005 0.000 0.001 0.004 0.044 0.271 0.476 0.155 0.028 0.007 0.014
5 39 0.005 0.000 0.001 0.004 0.014 0.046 0.116 0.174 0.166 0.141 0.339
17 32 0.005 0.000 0.001 0.004 0.033 0.169 0.424 0.285 0.062 0.011 0.012
31 39 0.005 0.000 0.001 0.003 0.010 0.024 0.051 0.106 0.173 0.227 0.404
13 41 0.005 0.000 0.001 0.003 0.011 0.032 0.077 0.131 0.167 0.174 0.404
8 45 0.005 0.000 0.001 0.003 0.008 0.018 0.032 0.055 0.081 0.110 0.691
10 44 0.004 0.000 0.001 0.003 0.010 0.027 0.057 0.095 0.128 0.145 0.532
27 37 0.004 0.000 0.001 0.003 0.018 0.075 0.255 0.342 0.176 0.061 0.069
12 44 0.004 0.000 0.001 0.003 0.009 0.023 0.051 0.088 0.120 0.142 0.563
21 27 0.004 0.000 0.001 0.003 0.219 0.633 0.097 0.014 0.007 0.005 0.019
21 34 0.004 0.000 0.001 0.003 0.020 0.087 0.229 0.284 0.194 0.101 0.081
13 46 0.004 0.000 0.001 0.003 0.008 0.018 0.036 0.059 0.085 0.107 0.682
24 44 0.004 0.000 0.001 0.003 0.009 0.021 0.041 0.075 0.111 0.145 0.595
26 40 0.004 0.000 0.001 0.003 0.013 0.031 0.068 0.128 0.187 0.210 0.358
6 42 0.004 0.000 0.001 0.003 0.010 0.024 0.052 0.087 0.117 0.134 0.572
1 16 0.004 0.000 0.001 0.003 0.015 0.050 0.142 0.256 0.251 0.143 0.139
21 28 0.004 0.000 0.000 0.004 0.179 0.504 0.231 0.047 0.007 0.005 0.022
3 24 0.004 0.000 0.001 0.003 0.024 0.084 0.187 0.277 0.225 0.117 0.083
8 43 0.004 0.000 0.001 0.003 0.009 0.019 0.035 0.059 0.086 0.113 0.675
31 45 0.004 0.000 0.001 0.003 0.010 0.024 0.054 0.091 0.118 0.131 0.568
21 30 0.004 0.000 0.000 0.004 0.082 0.383 0.358 0.130 0.020 0.005 0.018
9 45 0.004 0.000 0.001 0.003 0.010 0.024 0.049 0.085 0.118 0.142 0.568
34 43 0.004 0.000 0.001 0.003 0.012 0.036 0.089 0.176 0.202 0.177 0.303
16 44 0.004 0.000 0.001 0.003 0.006 0.014 0.030 0.057 0.093 0.127 0.669
36 45 0.004 0.000 0.001 0.003 0.010 0.026 0.058 0.118 0.177 0.201 0.406
28 44 0.004 0.000 0.001 0.003 0.009 0.021 0.043 0.079 0.118 0.149 0.578
22 29 0.004 0.000 0.000 0.003 0.312 0.629 0.030 0.008 0.002 0.002 0.014
5 13 0.004 0.000 0.000 0.004 0.136 0.629 0.203 0.015 0.002 0.001 0.011
4 37 0.004 0.000 0.001 0.003 0.011 0.033 0.097 0.219 0.287 0.170 0.180
11 29 0.004 0.000 0.000 0.003 0.098 0.487 0.343 0.046 0.006 0.002 0.014
36 43 0.004 0.000 0.001 0.003 0.010 0.025 0.054 0.118 0.198 0.245 0.347
7 45 0.004 0.000 0.001 0.003 0.008 0.017 0.031 0.052 0.077 0.106 0.705
6 12 0.004 0.000 0.001 0.003 0.788 0.187 0.003 0.002 0.000 0.001 0.014
11 32 0.004 0.000 0.000 0.003 0.062 0.452 0.397 0.062 0.009 0.003 0.012
29 44 0.003 0.000 0.001 0.002 0.006 0.015 0.032 0.065 0.105 0.142 0.632
5 36 0.003 0.000 0.001 0.003 0.007 0.017 0.044 0.123 0.279 0.288 0.238
13 35 0.003 0.000 0.001 0.003 0.015 0.080 0.260 0.343 0.196 0.065 0.036
23 46 0.003 0.000 0.001 0.002 0.006 0.014 0.029 0.052 0.082 0.109 0.704
27 43 0.003 0.000 0.001 0.002 0.009 0.022 0.051 0.092 0.132 0.159 0.533
27 42 0.003 0.000 0.001 0.002 0.009 0.024 0.054 0.097 0.140 0.171 0.501
31 38 0.003 0.000 0.001 0.002 0.010 0.027 0.057 0.119 0.178 0.227 0.378
26 44 0.003 0.000 0.001 0.002 0.008 0.023 0.054 0.097 0.138 0.165 0.512
12 46 0.003 0.000 0.001 0.002 0.007 0.016 0.032 0.054 0.079 0.103 0.707
2 28 0.003 0.000 0.001 0.003 0.021 0.116 0.241 0.290 0.196 0.078 0.054
12 23 0.003 0.000 0.000 0.003 0.064 0.406 0.402 0.096 0.015 0.003 0.010
28 39 0.003 0.000 0.001 0.002 0.008 0.017 0.032 0.069 0.126 0.199 0.547
30 45 0.003 0.000 0.001 0.002 0.008 0.021 0.047 0.085 0.119 0.144 0.572
26 41 0.003 0.000 0.001 0.002 0.010 0.025 0.052 0.096 0.148 0.190 0.476
13 19 0.003 0.000 0.001 0.003 0.013 0.191 0.367 0.343 0.053 0.010 0.019
30 42 0.003 0.000 0.001 0.002 0.009 0.019 0.036 0.064 0.104 0.150 0.616
7 31 0.003 0.000 0.000 0.003 0.062 0.376 0.370 0.125 0.033 0.011 0.020
8 41 0.003 0.000 0.001 0.002 0.008 0.020 0.045 0.084 0.126 0.158 0.557
1 25 0.003 0.000 0.001 0.002 0.009 0.027 0.069 0.141 0.212 0.228 0.311
26 35 0.003 0.000 0.001 0.002 0.015 0.064 0.270 0.419 0.160 0.038 0.030
12 18 0.003 0.000 0.001 0.002 0.046 0.596 0.273 0.057 0.008 0.004 0.012
28 35 0.003 0.000 0.001 0.002 0.015 0.077 0.282 0.404 0.146 0.037 0.037
5 37 0.003 0.000 0.001 0.002 0.006 0.016 0.045 0.119 0.228 0.264 0.319
12 33 0.003 0.000 0.000 0.003 0.027 0.237 0.519 0.177 0.021 0.005 0.011
26 46 0.003 0.000 0.001 0.002 0.007 0.015 0.033 0.061 0.095 0.124 0.661
10 41 0.003 0.000 0.001 0.002 0.008 0.022 0.052 0.098 0.139 0.162 0.517
10 46 0.003 0.000 0.001 0.002 0.006 0.014 0.029 0.052 0.078 0.103 0.714
7 43 0.003 0.000 0.001 0.002 0.007 0.017 0.036 0.063 0.089 0.111 0.673
2 21 0.003 0.000 0.001 0.002 0.014 0.067 0.164 0.210 0.204 0.160 0.179
3 25 0.003 0.000 0.000 0.002 0.015 0.038 0.089 0.213 0.338 0.208 0.096
28 46 0.003 0.000 0.001 0.002 0.006 0.013 0.026 0.046 0.073 0.102 0.731
2 11 0.003 0.000 0.001 0.002 0.022 0.132 0.401 0.315 0.069 0.011 0.048
16 46 0.003 0.000 0.001 0.002 0.005 0.011 0.022 0.038 0.061 0.085 0.775
27 45 0.003 0.000 0.001 0.002 0.007 0.019 0.044 0.089 0.130 0.154 0.553
16 33 0.003 0.000 0.001 0.002 0.015 0.078 0.280 0.404 0.170 0.034 0.016
16 31 0.003 0.000 0.000 0.002 0.034 0.280 0.533 0.127 0.013 0.002 0.008
24 46 0.003 0.000 0.001 0.002 0.005 0.012 0.025 0.044 0.072 0.099 0.740
28 43 0.003 0.000 0.001 0.002 0.005 0.011 0.024 0.046 0.076 0.112 0.722
28 42 0.003 0.000 0.001 0.002 0.006 0.012 0.025 0.047 0.075 0.109 0.723
24 43 0.003 0.000 0.001 0.002 0.006 0.012 0.024 0.042 0.066 0.095 0.752
29 41 0.003 0.000 0.001 0.002 0.006 0.017 0.034 0.060 0.100 0.147 0.633
1 12 0.003 0.000 0.001 0.002 0.009 0.027 0.093 0.286 0.359 0.124 0.100
7 32 0.003 0.000 0.000 0.002 0.031 0.311 0.450 0.143 0.034 0.010 0.019
12 41 0.003 0.000 0.001 0.002 0.006 0.017 0.047 0.095 0.143 0.174 0.515
9 35 0.003 0.000 0.001 0.002 0.009 0.051 0.255 0.414 0.186 0.049 0.032
16 40 0.003 0.000 0.001 0.002 0.004 0.011 0.033 0.078 0.137 0.184 0.552
13 24 0.002 0.000 0.000 0.002 0.051 0.461 0.375 0.075 0.018 0.006 0.013
6 34 0.002 0.000 0.001 0.002 0.009 0.033 0.155 0.441 0.253 0.068 0.038
3 14 0.002 0.000 0.000 0.002 0.025 0.170 0.436 0.284 0.053 0.009 0.021
1 21 0.002 0.000 0.001 0.002 0.007 0.021 0.057 0.128 0.187 0.202 0.396
15 44 0.002 0.000 0.001 0.002 0.004 0.008 0.016 0.033 0.061 0.097 0.778
9 42 0.002 0.000 0.001 0.002 0.007 0.018 0.044 0.089 0.136 0.164 0.540
18 24 0.002 0.000 0.001 0.002 0.013 0.055 0.241 0.482 0.164 0.024 0.018
20 34 0.002 0.000 0.001 0.002 0.007 0.023 0.068 0.147 0.224 0.248 0.281
24 42 0.002 0.000 0.001 0.002 0.006 0.014 0.027 0.045 0.070 0.098 0.738
16 41 0.002 0.000 0.001 0.001 0.004 0.009 0.023 0.051 0.097 0.147 0.667
1 11 0.002 0.000 0.001 0.002 0.007 0.022 0.069 0.218 0.374 0.187 0.121
29 43 0.002 0.000 0.001 0.002 0.005 0.009 0.019 0.036 0.061 0.093 0.773
3 17 0.002 0.000 0.000 0.002 0.017 0.111 0.347 0.347 0.119 0.029 0.028
17 44 0.002 0.000 0.001 0.001 0.003 0.008 0.017 0.033 0.059 0.092 0.787
10 43 0.002 0.000 0.001 0.002 0.005 0.013 0.031 0.060 0.095 0.125 0.668
29 46 0.002 0.000 0.001 0.001 0.004 0.010 0.020 0.038 0.066 0.102 0.757
21 36 0.002 0.000 0.001 0.002 0.006 0.017 0.043 0.086 0.143 0.201 0.502
7 41 0.002 0.000 0.001 0.002 0.006 0.016 0.039 0.080 0.122 0.152 0.584
11 44 0.002 0.000 0.001 0.001 0.004 0.011 0.026 0.055 0.091 0.127 0.683
25 44 0.002 0.000 0.001 0.001 0.004 0.011 0.023 0.046 0.081 0.123 0.710
30 39 0.002 0.000 0.001 0.001 0.006 0.017 0.038 0.087 0.157 0.228 0.466
1 18 0.002 0.000 0.000 0.002 0.006 0.020 0.060 0.142 0.221 0.234 0.315
20 36 0.002 0.000 0.001 0.001 0.005 0.011 0.025 0.046 0.074 0.113 0.724
12 40 0.002 0.000 0.000 0.001 0.006 0.021 0.063 0.123 0.167 0.181 0.438
29 40 0.002 0.000 0.001 0.001 0.006 0.015 0.033 0.061 0.103 0.167 0.613
3 29 0.002 0.000 0.000 0.002 0.014 0.063 0.212 0.438 0.184 0.051 0.035
15 46 0.002 0.000 0.001 0.001 0.003 0.007 0.014 0.026 0.043 0.068 0.836
23 43 0.002 0.000 0.001 0.001 0.005 0.011 0.023 0.044 0.074 0.110 0.731
2 29 0.002 0.000 0.000 0.002 0.011 0.064 0.285 0.344 0.187 0.060 0.047
10 40 0.002 0.000 0.000 0.002 0.006 0.021 0.060 0.122 0.163 0.176 0.449
6 35 0.002 0.000 0.001 0.001 0.004 0.014 0.051 0.188 0.384 0.245 0.112
18 34 0.002 0.000 0.000 0.002 0.006 0.017 0.046 0.110 0.209 0.272 0.339
25 41 0.002 0.000 0.001 0.001 0.005 0.012 0.026 0.050 0.083 0.123 0.700
11 46 0.002 0.000 0.001 0.001 0.004 0.009 0.020 0.037 0.060 0.087 0.780
14 44 0.002 0.000 0.001 0.001 0.004 0.010 0.021 0.043 0.076 0.113 0.732
13 45 0.002 0.000 0.000 0.001 0.005 0.012 0.030 0.063 0.100 0.131 0.658
12 45 0.002 0.000 0.001 0.001 0.004 0.010 0.025 0.051 0.084 0.115 0.709
19 34 0.002 0.000 0.000 0.001 0.005 0.015 0.041 0.100 0.184 0.255 0.399
10 33 0.002 0.000 0.000 0.002 0.016 0.114 0.386 0.348 0.095 0.021 0.018
13 38 0.002 0.000 0.000 0.001 0.006 0.024 0.070 0.139 0.190 0.202 0.367
13 20 0.002 0.000 0.000 0.001 0.014 0.128 0.316 0.419 0.096 0.010 0.016
3 12 0.002 0.000 0.000 0.002 0.025 0.194 0.518 0.213 0.020 0.003 0.026
14 32 0.002 0.000 0.000 0.002 0.024 0.222 0.518 0.195 0.025 0.004 0.009
8 40 0.002 0.000 0.000 0.001 0.005 0.013 0.038 0.090 0.148 0.184 0.520
13 43 0.002 0.000 0.000 0.001 0.005 0.012 0.031 0.064 0.105 0.139 0.642
23 42 0.002 0.000 0.001 0.001 0.004 0.011 0.025 0.048 0.081 0.118 0.711
22 36 0.002 0.000 0.000 0.001 0.006 0.023 0.072 0.155 0.212 0.216 0.314
3 28 0.002 0.000 0.000 0.001 0.014 0.078 0.251 0.367 0.196 0.057 0.036
30 38 0.002 0.000 0.000 0.001 0.005 0.015 0.043 0.101 0.176 0.244 0.415
13 28 0.002 0.000 0.000 0.002 0.080 0.529 0.319 0.044 0.010 0.003 0.013
14 46 0.002 0.000 0.001 0.001 0.003 0.007 0.015 0.028 0.048 0.075 0.821
28 38 0.002 0.000 0.000 0.001 0.005 0.014 0.038 0.091 0.163 0.234 0.453
11 26 0.002 0.000 0.000 0.002 0.084 0.607 0.262 0.028 0.006 0.002 0.009
31 37 0.002 0.000 0.000 0.001 0.004 0.011 0.033 0.113 0.335 0.403 0.100
23 45 0.002 0.000 0.000 0.001 0.004 0.010 0.023 0.052 0.092 0.134 0.683
16 35 0.002 0.000 0.000 0.001 0.006 0.023 0.084 0.213 0.295 0.226 0.151
1 20 0.002 0.000 0.000 0.001 0.004 0.011 0.028 0.074 0.150 0.217 0.515
17 36 0.002 0.000 0.000 0.001 0.005 0.015 0.037 0.080 0.136 0.196 0.530
10 45 0.002 0.000 0.000 0.001 0.004 0.012 0.027 0.053 0.086 0.120 0.696
25 46 0.002 0.000 0.000 0.001 0.003 0.008 0.016 0.031 0.054 0.086 0.799
8 42 0.002 0.000 0.000 0.001 0.004 0.011 0.024 0.047 0.079 0.112 0.721
10 26 0.002 0.000 0.000 0.002 0.074 0.564 0.285 0.051 0.011 0.004 0.010
17 46 0.002 0.000 0.000 0.001 0.003 0.007 0.013 0.025 0.042 0.066 0.842
20 38 0.002 0.000 0.000 0.001 0.003 0.007 0.015 0.029 0.050 0.078 0.817
17 40 0.002 0.000 0.000 0.001 0.003 0.009 0.024 0.054 0.102 0.156 0.650
1 28 0.002 0.000 0.000 0.001 0.005 0.015 0.048 0.152 0.284 0.268 0.227
28 36 0.002 0.000 0.000 0.001 0.006 0.021 0.086 0.258 0.315 0.182 0.130
4 28 0.002 0.000 0.000 0.001 0.025 0.244 0.440 0.200 0.053 0.016 0.020
17 35 0.002 0.000 0.000 0.001 0.005 0.018 0.052 0.129 0.224 0.271 0.301
18 30 0.002 0.000 0.000 0.001 0.010 0.078 0.403 0.400 0.082 0.012 0.013
13 39 0.002 0.000 0.000 0.001 0.005 0.017 0.053 0.122 0.180 0.204 0.417
13 36 0.002 0.000 0.000 0.001 0.005 0.021 0.084 0.206 0.267 0.224 0.193
6 38 0.002 0.000 0.000 0.001 0.003 0.009 0.024 0.063 0.127 0.196 0.577
21 38 0.002 0.000 0.000 0.001 0.003 0.008 0.019 0.045 0.087 0.138 0.699
22 38 0.002 0.000 0.000 0.001 0.004 0.011 0.032 0.080 0.139 0.187 0.545
1 8 0.002 0.000 0.000 0.001 0.004 0.009 0.025 0.080 0.349 0.401 0.130
29 42 0.002 0.000 0.000 0.001 0.003 0.008 0.016 0.030 0.051 0.081 0.810
9 38 0.002 0.000 0.000 0.001 0.004 0.015 0.050 0.117 0.180 0.207 0.425
4 16 0.002 0.000 0.000 0.001 0.050 0.438 0.429 0.064 0.005 0.001 0.012
12 43 0.002 0.000 0.000 0.001 0.004 0.009 0.023 0.048 0.084 0.122 0.709
18 44 0.002 0.000 0.000 0.001 0.002 0.004 0.008 0.015 0.029 0.052 0.889
7 42 0.001 0.000 0.000 0.001 0.004 0.009 0.020 0.043 0.075 0.109 0.739
14 22 0.001 0.000 0.000 0.001 0.012 0.086 0.347 0.411 0.107 0.017 0.018
2 18 0.001 0.000 0.000 0.001 0.009 0.049 0.175 0.290 0.236 0.131 0.109
17 41 0.001 0.000 0.000 0.001 0.003 0.007 0.017 0.037 0.071 0.113 0.752
1 29 0.001 0.000 0.000 0.001 0.003 0.009 0.029 0.092 0.265 0.362 0.238
25 33 0.001 0.000 0.000 0.001 0.012 0.097 0.440 0.352 0.065 0.012 0.021
14 41 0.001 0.000 0.000 0.001 0.003 0.008 0.018 0.041 0.078 0.127 0.723
13 42 0.001 0.000 0.000 0.001 0.004 0.010 0.026 0.060 0.106 0.151 0.643
14 34 0.001 0.000 0.000 0.001 0.008 0.041 0.122 0.248 0.301 0.194 0.083
25 40 0.001 0.000 0.000 0.001 0.004 0.012 0.027 0.056 0.100 0.155 0.644
28 45 0.001 0.000 0.000 0.001 0.003 0.008 0.019 0.041 0.072 0.110 0.745
11 31 0.001 0.000 0.000 0.001 0.038 0.397 0.459 0.076 0.012 0.003 0.013
22 44 0.001 0.000 0.000 0.001 0.002 0.005 0.013 0.028 0.057 0.100 0.793
15 41 0.001 0.000 0.000 0.001 0.002 0.005 0.011 0.024 0.052 0.097 0.807
16 45 0.001 0.000 0.000 0.001 0.003 0.007 0.016 0.035 0.062 0.094 0.781
16 43 0.001 0.000 0.000 0.001 0.003 0.006 0.014 0.027 0.049 0.079 0.822
19 30 0.001 0.000 0.000 0.001 0.007 0.042 0.196 0.369 0.270 0.083 0.031
8 34 0.001 0.000 0.000 0.001 0.004 0.015 0.073 0.299 0.393 0.162 0.053
11 17 0.001 0.000 0.000 0.001 0.015 0.884 0.071 0.015 0.003 0.002 0.009
19 36 0.001 0.000 0.000 0.001 0.003 0.008 0.016 0.030 0.050 0.080 0.812
12 22 0.001 0.000 0.000 0.001 0.018 0.131 0.433 0.332 0.060 0.011 0.013
29 45 0.001 0.000 0.000 0.001 0.003 0.007 0.016 0.035 0.066 0.106 0.766
19 44 0.001 0.000 0.000 0.001 0.001 0.003 0.006 0.012 0.023 0.043 0.911
20 37 0.001 0.000 0.000 0.001 0.003 0.007 0.017 0.033 0.058 0.092 0.789
24 45 0.001 0.000 0.000 0.001 0.003 0.008 0.020 0.043 0.074 0.108 0.742
2 20 0.001 0.000 0.000 0.001 0.004 0.016 0.068 0.177 0.250 0.234 0.248
22 40 0.001 0.000 0.000 0.001 0.003 0.009 0.026 0.060 0.105 0.155 0.640
23 29 0.001 0.000 0.000 0.001 0.021 0.933 0.022 0.006 0.001 0.002 0.013
8 33 0.001 0.000 0.000 0.001 0.007 0.054 0.313 0.429 0.143 0.031 0.022
4 17 0.001 0.000 0.000 0.001 0.029 0.334 0.488 0.118 0.014 0.002 0.014
26 36 0.001 0.000 0.000 0.001 0.005 0.024 0.102 0.245 0.306 0.193 0.124
22 46 0.001 0.000 0.000 0.001 0.002 0.005 0.010 0.020 0.040 0.068 0.854
26 38 0.001 0.000 0.000 0.001 0.005 0.015 0.050 0.126 0.208 0.241 0.354
9 36 0.001 0.000 0.000 0.001 0.003 0.008 0.030 0.121 0.297 0.311 0.228
10 27 0.001 0.000 0.000 0.001 0.032 0.352 0.440 0.128 0.026 0.006 0.015
18 46 0.001 0.000 0.000 0.001 0.002 0.004 0.007 0.013 0.024 0.043 0.905
22 41 0.001 0.000 0.000 0.001 0.003 0.007 0.017 0.038 0.071 0.116 0.747
26 43 0.001 0.000 0.000 0.001 0.003 0.008 0.020 0.045 0.080 0.123 0.719
7 40 0.001 0.000 0.000 0.001 0.003 0.010 0.032 0.084 0.138 0.170 0.562
25 35 0.001 0.000 0.000 0.001 0.005 0.016 0.053 0.224 0.424 0.197 0.081
25 31 0.001 0.000 0.000 0.001 0.025 0.840 0.105 0.013 0.002 0.002 0.013
21 37 0.001 0.000 0.000 0.001 0.003 0.008 0.022 0.051 0.099 0.163 0.652
15 32 0.001 0.000 0.000 0.001 0.016 0.157 0.492 0.284 0.038 0.004 0.008
6 39 0.001 0.000 0.000 0.001 0.003 0.009 0.027 0.077 0.149 0.199 0.535
15 45 0.001 0.000 0.000 0.001 0.002 0.005 0.010 0.021 0.039 0.065 0.857
21 44 0.001 0.000 0.000 0.001 0.002 0.004 0.008 0.018 0.037 0.070 0.860
11 43 0.001 0.000 0.000 0.001 0.003 0.006 0.014 0.029 0.052 0.083 0.813
16 36 0.001 0.000 0.000 0.001 0.004 0.013 0.044 0.110 0.191 0.236 0.402
20 27 0.001 0.000 0.000 0.001 0.012 0.057 0.368 0.485 0.049 0.008 0.020
23 30 0.001 0.000 0.000 0.001 0.079 0.857 0.038 0.011 0.002 0.001 0.010
10 42 0.001 0.000 0.000 0.001 0.003 0.008 0.020 0.045 0.082 0.123 0.718
26 45 0.001 0.000 0.000 0.001 0.003 0.008 0.022 0.054 0.101 0.145 0.664
11 41 0.001 0.000 0.000 0.001 0.003 0.008 0.020 0.046 0.086 0.132 0.705
22 37 0.001 0.000 0.000 0.001 0.003 0.009 0.029 0.085 0.170 0.237 0.465
16 38 0.001 0.000 0.000 0.001 0.003 0.009 0.029 0.067 0.120 0.172 0.598
13 37 0.001 0.000 0.000 0.001 0.003 0.013 0.054 0.155 0.249 0.242 0.282
14 40 0.001 0.000 0.000 0.001 0.003 0.008 0.022 0.053 0.103 0.160 0.650
1 19 0.001 0.000 0.000 0.001 0.002 0.007 0.020 0.054 0.129 0.222 0.565
9 39 0.001 0.000 0.000 0.001 0.004 0.012 0.042 0.113 0.186 0.211 0.431
15 40 0.001 0.000 0.000 0.001 0.002 0.005 0.012 0.029 0.069 0.137 0.746
19 46 0.001 0.000 0.000 0.001 0.002 0.003 0.007 0.012 0.022 0.039 0.914
1 15 0.001 0.000 0.000 0.001 0.004 0.012 0.041 0.124 0.271 0.296 0.252
26 39 0.001 0.000 0.000 0.001 0.004 0.012 0.033 0.082 0.155 0.231 0.482
21 46 0.001 0.000 0.000 0.001 0.002 0.003 0.007 0.015 0.029 0.053 0.889
15 43 0.001 0.000 0.000 0.001 0.002 0.004 0.009 0.017 0.031 0.054 0.883
12 42 0.001 0.000 0.000 0.001 0.003 0.007 0.018 0.042 0.080 0.125 0.724
21 40 0.001 0.000 0.000 0.001 0.002 0.005 0.014 0.035 0.071 0.119 0.753
6 37 0.001 0.000 0.000 0.001 0.002 0.005 0.012 0.033 0.086 0.190 0.671
30 36 0.001 0.000 0.000 0.001 0.002 0.008 0.028 0.117 0.364 0.388 0.092
28 37 0.001 0.000 0.000 0.001 0.003 0.010 0.036 0.113 0.255 0.299 0.283
18 27 0.001 0.000 0.000 0.001 0.007 0.037 0.263 0.535 0.130 0.015 0.013
25 32 0.001 0.000 0.000 0.001 0.028 0.659 0.227 0.055 0.009 0.003 0.018
20 44 0.001 0.000 0.000 0.001 0.001 0.003 0.006 0.012 0.025 0.047 0.905
11 45 0.001 0.000 0.000 0.001 0.002 0.006 0.014 0.031 0.054 0.086 0.805
26 42 0.001 0.000 0.000 0.001 0.003 0.007 0.018 0.040 0.076 0.124 0.731
6 36 0.001 0.000 0.000 0.001 0.002 0.005 0.012 0.031 0.084 0.220 0.645
9 15 0.001 0.000 0.000 0.001 0.017 0.954 0.014 0.004 0.001 0.001 0.007
15 34 0.001 0.000 0.000 0.001 0.004 0.022 0.093 0.237 0.318 0.222 0.103
25 43 0.001 0.000 0.000 0.001 0.002 0.005 0.012 0.024 0.043 0.072 0.840
15 27 0.001 0.000 0.000 0.001 0.020 0.259 0.567 0.125 0.014 0.004 0.010
22 35 0.001 0.000 0.000 0.001 0.004 0.016 0.059 0.206 0.318 0.231 0.165
17 33 0.001 0.000 0.000 0.001 0.004 0.020 0.074 0.223 0.357 0.238 0.082
9 37 0.001 0.000 0.000 0.001 0.002 0.008 0.028 0.092 0.210 0.282 0.377
19 41 0.001 0.000 0.000 0.001 0.002 0.003 0.007 0.014 0.025 0.043 0.905
3 16 0.001 0.000 0.000 0.001 0.008 0.064 0.302 0.419 0.153 0.029 0.024
20 46 0.001 0.000 0.000 0.001 0.002 0.003 0.006 0.012 0.024 0.043 0.908
19 38 0.001 0.000 0.000 0.001 0.002 0.004 0.009 0.019 0.035 0.057 0.873
17 43 0.001 0.000 0.000 0.001 0.002 0.004 0.009 0.017 0.032 0.054 0.881
17 38 0.001 0.000 0.000 0.001 0.002 0.007 0.020 0.049 0.091 0.138 0.692
30 37 0.001 0.000 0.000 0.001 0.002 0.007 0.025 0.086 0.229 0.370 0.279
21 41 0.001 0.000 0.000 0.001 0.002 0.004 0.010 0.023 0.046 0.082 0.831
10 17 0.001 0.000 0.000 0.001 0.043 0.841 0.080 0.019 0.005 0.001 0.009
18 41 0.001 0.000 0.000 0.001 0.002 0.004 0.008 0.016 0.030 0.053 0.888
6 29 0.001 0.000 0.000 0.001 0.012 0.120 0.458 0.293 0.081 0.019 0.016
20 41 0.001 0.000 0.000 0.001 0.002 0.003 0.008 0.016 0.031 0.053 0.887
14 45 0.001 0.000 0.000 0.001 0.002 0.005 0.011 0.023 0.044 0.075 0.840
19 40 0.001 0.000 0.000 0.001 0.002 0.004 0.008 0.017 0.032 0.057 0.879
3 22 0.001 0.000 0.000 0.001 0.004 0.021 0.078 0.202 0.272 0.217 0.205
14 43 0.001 0.000 0.000 0.001 0.002 0.004 0.010 0.022 0.042 0.071 0.849
19 43 0.001 0.000 0.000 0.001 0.001 0.002 0.004 0.007 0.013 0.024 0.947
2 15 0.001 0.000 0.000 0.001 0.008 0.062 0.241 0.331 0.213 0.081 0.063
11 18 0.001 0.000 0.000 0.001 0.018 0.396 0.330 0.194 0.037 0.007 0.017
17 45 0.001 0.000 0.000 0.001 0.002 0.004 0.009 0.019 0.038 0.064 0.863
18 36 0.001 0.000 0.000 0.001 0.002 0.006 0.013 0.026 0.045 0.077 0.829
29 39 0.001 0.000 0.000 0.001 0.002 0.006 0.013 0.029 0.059 0.119 0.771
17 37 0.001 0.000 0.000 0.001 0.002 0.007 0.021 0.053 0.105 0.168 0.644
16 37 0.001 0.000 0.000 0.001 0.002 0.007 0.026 0.070 0.142 0.212 0.540
25 36 0.001 0.000 0.000 0.001 0.003 0.014 0.048 0.130 0.236 0.262 0.306
5 29 0.001 0.000 0.000 0.001 0.008 0.056 0.289 0.412 0.171 0.042 0.022
22 39 0.001 0.000 0.000 0.001 0.002 0.006 0.018 0.046 0.090 0.147 0.690
21 35 0.001 0.000 0.000 0.001 0.003 0.009 0.030 0.090 0.204 0.301 0.363
18 40 0.001 0.000 0.000 0.001 0.002 0.004 0.009 0.019 0.038 0.069 0.859
18 43 0.001 0.000 0.000 0.001 0.001 0.002 0.005 0.009 0.016 0.029 0.937
5 12 0.001 0.000 0.000 0.001 0.080 0.542 0.334 0.025 0.001 0.000 0.017
20 40 0.001 0.000 0.000 0.001 0.002 0.004 0.009 0.021 0.041 0.073 0.849
16 42 0.001 0.000 0.000 0.001 0.002 0.004 0.010 0.021 0.041 0.071 0.850
15 42 0.001 0.000 0.000 0.001 0.002 0.003 0.007 0.013 0.024 0.044 0.906
20 30 0.001 0.000 0.000 0.001 0.005 0.023 0.144 0.479 0.278 0.047 0.023
25 38 0.001 0.000 0.000 0.001 0.002 0.007 0.020 0.049 0.102 0.181 0.636
12 19 0.001 0.000 0.000 0.001 0.008 0.075 0.113 0.437 0.303 0.038 0.025
25 42 0.001 0.000 0.000 0.001 0.002 0.005 0.011 0.023 0.040 0.068 0.850
19 37 0.001 0.000 0.000 0.001 0.002 0.004 0.010 0.021 0.039 0.065 0.859
12 35 0.001 0.000 0.000 0.001 0.003 0.011 0.063 0.259 0.390 0.204 0.070
9 28 0.001 0.000 0.000 0.001 0.036 0.511 0.361 0.051 0.013 0.006 0.022
19 27 0.001 0.000 0.000 0.001 0.005 0.022 0.133 0.427 0.332 0.060 0.019
16 39 0.001 0.000 0.000 0.001 0.002 0.005 0.015 0.040 0.091 0.163 0.683
18 45 0.001 0.000 0.000 0.000 0.001 0.003 0.006 0.011 0.021 0.038 0.921
7 13 0.001 0.000 0.000 0.001 0.017 0.956 0.012 0.003 0.001 0.001 0.010
12 38 0.001 0.000 0.000 0.000 0.002 0.007 0.023 0.065 0.126 0.185 0.591
25 45 0.001 0.000 0.000 0.001 0.002 0.004 0.011 0.023 0.045 0.080 0.834
4 24 0.001 0.000 0.000 0.001 0.007 0.049 0.214 0.393 0.216 0.072 0.049
20 28 0.001 0.000 0.000 0.001 0.005 0.024 0.239 0.547 0.143 0.020 0.021
10 35 0.001 0.000 0.000 0.001 0.003 0.015 0.070 0.237 0.342 0.219 0.114
20 35 0.001 0.000 0.000 0.000 0.002 0.005 0.015 0.039 0.084 0.157 0.698
14 27 0.001 0.000 0.000 0.001 0.019 0.224 0.508 0.199 0.030 0.007 0.013
26 37 0.001 0.000 0.000 0.000 0.002 0.009 0.041 0.149 0.292 0.281 0.225
21 39 0.001 0.000 0.000 0.000 0.001 0.004 0.010 0.024 0.053 0.101 0.807
8 38 0.001 0.000 0.000 0.000 0.001 0.004 0.009 0.024 0.054 0.113 0.794
10 16 0.001 0.000 0.000 0.001 0.008 0.937 0.036 0.008 0.002 0.002 0.007
10 38 0.001 0.000 0.000 0.000 0.002 0.007 0.023 0.067 0.128 0.182 0.590
9 16 0.001 0.000 0.000 0.001 0.054 0.898 0.030 0.007 0.002 0.001 0.006
22 43 0.001 0.000 0.000 0.000 0.001 0.003 0.007 0.015 0.030 0.056 0.887
22 30 0.001 0.000 0.000 0.001 0.008 0.244 0.680 0.047 0.007 0.002 0.012
11 40 0.001 0.000 0.000 0.000 0.002 0.006 0.018 0.051 0.105 0.163 0.655
17 28 0.001 0.000 0.000 0.001 0.007 0.067 0.362 0.425 0.114 0.014 0.011
25 39 0.001 0.000 0.000 0.000 0.002 0.006 0.015 0.034 0.067 0.127 0.749
7 34 0.001 0.000 0.000 0.000 0.002 0.005 0.019 0.080 0.313 0.401 0.180
20 39 0.001 0.000 0.000 0.000 0.001 0.003 0.007 0.016 0.033 0.060 0.879
19 28 0.001 0.000 0.000 0.000 0.003 0.011 0.072 0.298 0.392 0.187 0.037
29 35 0.001 0.000 0.000 0.000 0.002 0.006 0.022 0.160 0.549 0.220 0.042
11 34 0.001 0.000 0.000 0.000 0.003 0.016 0.070 0.196 0.364 0.264 0.087
8 26 0.001 0.000 0.000 0.001 0.016 0.229 0.542 0.171 0.024 0.005 0.010
4 25 0.001 0.000 0.000 0.001 0.006 0.037 0.222 0.449 0.198 0.056 0.032
12 39 0.001 0.000 0.000 0.000 0.002 0.006 0.019 0.055 0.116 0.179 0.623
21 43 0.001 0.000 0.000 0.000 0.001 0.002 0.005 0.010 0.020 0.038 0.923
17 42 0.001 0.000 0.000 0.000 0.001 0.003 0.007 0.014 0.028 0.049 0.896
20 43 0.001 0.000 0.000 0.000 0.001 0.002 0.004 0.008 0.014 0.027 0.944
2 8 0.001 0.000 0.000 0.000 0.005 0.028 0.267 0.544 0.109 0.009 0.038
12 20 0.001 0.000 0.000 0.000 0.004 0.024 0.153 0.415 0.318 0.063 0.022
19 45 0.001 0.000 0.000 0.000 0.001 0.002 0.004 0.009 0.017 0.031 0.935
11 42 0.001 0.000 0.000 0.000 0.001 0.004 0.009 0.020 0.040 0.070 0.854
29 38 0.001 0.000 0.000 0.000 0.002 0.004 0.012 0.033 0.078 0.157 0.713
14 29 0.001 0.000 0.000 0.000 0.015 0.273 0.573 0.114 0.012 0.003 0.009
5 26 0.001 0.000 0.000 0.000 0.007 0.057 0.303 0.442 0.145 0.027 0.019
21 45 0.001 0.000 0.000 0.000 0.001 0.002 0.005 0.010 0.022 0.044 0.916
14 42 0.001 0.000 0.000 0.000 0.001 0.004 0.008 0.018 0.036 0.065 0.869
3 11 0.001 0.000 0.000 0.000 0.006 0.042 0.454 0.428 0.037 0.004 0.028
17 39 0.001 0.000 0.000 0.000 0.001 0.004 0.011 0.030 0.067 0.119 0.766
18 42 0.001 0.000 0.000 0.000 0.001 0.002 0.004 0.008 0.014 0.026 0.944
19 42 0.001 0.000 0.000 0.000 0.001 0.002 0.004 0.007 0.013 0.022 0.951
14 25 0.001 0.000 0.000 0.000 0.006 0.056 0.425 0.430 0.063 0.008 0.012
2 19 0.001 0.000 0.000 0.000 0.002 0.008 0.043 0.152 0.282 0.270 0.243
8 35 0.001 0.000 0.000 0.000 0.001 0.003 0.010 0.042 0.181 0.432 0.330
21 32 0.001 0.000 0.000 0.000 0.004 0.031 0.281 0.494 0.140 0.026 0.024
12 36 0.001 0.000 0.000 0.000 0.001 0.005 0.017 0.064 0.178 0.298 0.436
24 30 0.000 0.000 0.000 0.000 0.006 0.885 0.076 0.012 0.002 0.002 0.016
10 39 0.000 0.000 0.000 0.000 0.002 0.005 0.018 0.052 0.110 0.172 0.640
25 37 0.000 0.000 0.000 0.000 0.002 0.005 0.018 0.056 0.148 0.268 0.503
19 39 0.000 0.000 0.000 0.000 0.001 0.002 0.005 0.011 0.022 0.042 0.916
9 23 0.000 0.000 0.000 0.000 0.012 0.164 0.498 0.258 0.047 0.010 0.011
8 14 0.000 0.000 0.000 0.000 0.008 0.958 0.019 0.005 0.001 0.001 0.007
18 35 0.000 0.000 0.000 0.000 0.001 0.004 0.010 0.025 0.056 0.121 0.783
14 38 0.000 0.000 0.000 0.000 0.001 0.004 0.012 0.035 0.071 0.123 0.753
22 42 0.000 0.000 0.000 0.000 0.001 0.003 0.007 0.015 0.031 0.058 0.884
22 45 0.000 0.000 0.000 0.000 0.001 0.002 0.006 0.014 0.031 0.062 0.882
8 39 0.000 0.000 0.000 0.000 0.001 0.003 0.009 0.023 0.059 0.127 0.777
7 38 0.000 0.000 0.000 0.000 0.001 0.003 0.007 0.017 0.039 0.089 0.844
20 45 0.000 0.000 0.000 0.000 0.001 0.002 0.004 0.008 0.017 0.034 0.934
18 32 0.000 0.000 0.000 0.000 0.002 0.009 0.051 0.237 0.443 0.207 0.051
18 38 0.000 0.000 0.000 0.000 0.001 0.003 0.007 0.016 0.033 0.061 0.879
8 37 0.000 0.000 0.000 0.000 0.001 0.002 0.005 0.011 0.028 0.078 0.875
21 33 0.000 0.000 0.000 0.000 0.002 0.008 0.043 0.202 0.389 0.259 0.098
15 24 0.000 0.000 0.000 0.000 0.003 0.018 0.160 0.550 0.227 0.025 0.017
10 36 0.000 0.000 0.000 0.000 0.001 0.004 0.016 0.055 0.142 0.263 0.518
12 37 0.000 0.000 0.000 0.000 0.001 0.004 0.013 0.045 0.126 0.243 0.568
18 28 0.000 0.000 0.000 0.000 0.002 0.008 0.051 0.320 0.497 0.103 0.019
21 42 0.000 0.000 0.000 0.000 0.001 0.002 0.004 0.009 0.019 0.037 0.927
7 35 0.000 0.000 0.000 0.000 0.001 0.003 0.007 0.023 0.086 0.303 0.577
19 32 0.000 0.000 0.000 0.000 0.001 0.006 0.028 0.124 0.320 0.345 0.176
20 42 0.000 0.000 0.000 0.000 0.001 0.002 0.004 0.007 0.014 0.026 0.947
22 32 0.000 0.000 0.000 0.000 0.007 0.064 0.498 0.370 0.037 0.008 0.017
19 35 0.000 0.000 0.000 0.000 0.001 0.004 0.009 0.023 0.050 0.106 0.807
10 37 0.000 0.000 0.000 0.000 0.001 0.004 0.014 0.047 0.124 0.220 0.590
29 36 0.000 0.000 0.000 0.000 0.001 0.003 0.010 0.034 0.137 0.381 0.434
22 33 0.000 0.000 0.000 0.000 0.003 0.021 0.132 0.405 0.320 0.082 0.037
8 15 0.000 0.000 0.000 0.000 0.033 0.920 0.029 0.008 0.002 0.001 0.007
14 39 0.000 0.000 0.000 0.000 0.001 0.003 0.009 0.024 0.055 0.105 0.803
8 36 0.000 0.000 0.000 0.000 0.001 0.002 0.004 0.009 0.024 0.085 0.874
17 31 0.000 0.000 0.000 0.000 0.003 0.016 0.118 0.462 0.335 0.052 0.014
10 29 0.000 0.000 0.000 0.000 0.008 0.150 0.608 0.191 0.021 0.004 0.017
15 38 0.000 0.000 0.000 0.000 0.001 0.002 0.007 0.018 0.044 0.093 0.834
20 32 0.000 0.000 0.000 0.000 0.001 0.005 0.029 0.132 0.348 0.358 0.127
8 27 0.000 0.000 0.000 0.000 0.009 0.151 0.530 0.251 0.036 0.008 0.015
5 28 0.000 0.000 0.000 0.000 0.003 0.025 0.176 0.419 0.272 0.076 0.028
11 21 0.000 0.000 0.000 0.000 0.003 0.020 0.197 0.441 0.224 0.079 0.037
7 33 0.000 0.000 0.000 0.000 0.001 0.007 0.053 0.343 0.393 0.147 0.055
18 37 0.000 0.000 0.000 0.000 0.001 0.002 0.006 0.015 0.033 0.063 0.878
23 31 0.000 0.000 0.000 0.000 0.008 0.184 0.687 0.097 0.009 0.002 0.012
7 39 0.000 0.000 0.000 0.000 0.001 0.002 0.006 0.017 0.044 0.106 0.823
9 17 0.000 0.000 0.000 0.000 0.004 0.110 0.801 0.069 0.007 0.002 0.007
7 37 0.000 0.000 0.000 0.000 0.001 0.002 0.004 0.008 0.019 0.051 0.916
15 31 0.000 0.000 0.000 0.000 0.005 0.073 0.479 0.379 0.051 0.005 0.007
3 21 0.000 0.000 0.000 0.000 0.001 0.006 0.032 0.138 0.286 0.280 0.258
12 24 0.000 0.000 0.000 0.000 0.005 0.091 0.535 0.316 0.038 0.006 0.009
6 13 0.000 0.000 0.000 0.000 0.100 0.852 0.034 0.002 0.000 0.000 0.010
11 19 0.000 0.000 0.000 0.000 0.002 0.012 0.091 0.254 0.392 0.196 0.053
6 27 0.000 0.000 0.000 0.000 0.008 0.113 0.477 0.317 0.060 0.012 0.012
15 39 0.000 0.000 0.000 0.000 0.001 0.002 0.005 0.013 0.030 0.069 0.880
18 39 0.000 0.000 0.000 0.000 0.001 0.002 0.004 0.010 0.022 0.045 0.917
14 36 0.000 0.000 0.000 0.000 0.001 0.003 0.010 0.030 0.074 0.161 0.720
10 18 0.000 0.000 0.000 0.000 0.003 0.038 0.414 0.423 0.091 0.015 0.015
15 28 0.000 0.000 0.000 0.000 0.005 0.081 0.456 0.372 0.067 0.008 0.010
11 38 0.000 0.000 0.000 0.000 0.001 0.002 0.006 0.017 0.042 0.093 0.839
7 14 0.000 0.000 0.000 0.000 0.039 0.913 0.029 0.008 0.002 0.001 0.008
4 22 0.000 0.000 0.000 0.000 0.001 0.011 0.079 0.298 0.351 0.169 0.090
20 33 0.000 0.000 0.000 0.000 0.001 0.003 0.010 0.036 0.111 0.284 0.556
7 36 0.000 0.000 0.000 0.000 0.001 0.001 0.003 0.006 0.015 0.050 0.923
29 37 0.000 0.000 0.000 0.000 0.001 0.002 0.007 0.021 0.071 0.207 0.691
10 23 0.000 0.000 0.000 0.000 0.005 0.069 0.392 0.391 0.107 0.023 0.013
14 35 0.000 0.000 0.000 0.000 0.001 0.004 0.017 0.061 0.172 0.324 0.420
24 31 0.000 0.000 0.000 0.000 0.007 0.625 0.291 0.054 0.008 0.001 0.013
14 37 0.000 0.000 0.000 0.000 0.001 0.002 0.007 0.023 0.063 0.137 0.767
19 33 0.000 0.000 0.000 0.000 0.001 0.002 0.008 0.025 0.073 0.208 0.683
11 20 0.000 0.000 0.000 0.000 0.001 0.004 0.019 0.143 0.412 0.339 0.081
21 31 0.000 0.000 0.000 0.000 0.001 0.010 0.149 0.539 0.240 0.039 0.022
11 39 0.000 0.000 0.000 0.000 0.001 0.002 0.005 0.014 0.034 0.079 0.866
4 21 0.000 0.000 0.000 0.000 0.001 0.007 0.071 0.290 0.347 0.180 0.104
15 36 0.000 0.000 0.000 0.000 0.001 0.002 0.005 0.015 0.044 0.115 0.818
3 20 0.000 0.000 0.000 0.000 0.001 0.002 0.010 0.044 0.138 0.308 0.497
18 33 0.000 0.000 0.000 0.000 0.001 0.002 0.009 0.032 0.099 0.266 0.591
15 37 0.000 0.000 0.000 0.000 0.000 0.001 0.004 0.011 0.033 0.083 0.867
4 15 0.000 0.000 0.000 0.000 0.006 0.193 0.650 0.128 0.008 0.001 0.013
9 21 0.000 0.000 0.000 0.000 0.001 0.009 0.107 0.440 0.293 0.101 0.048
15 33 0.000 0.000 0.000 0.000 0.001 0.004 0.025 0.155 0.460 0.301 0.055
15 35 0.000 0.000 0.000 0.000 0.000 0.002 0.007 0.028 0.103 0.278 0.581
14 33 0.000 0.000 0.000 0.000 0.001 0.005 0.027 0.174 0.477 0.267 0.048
10 21 0.000 0.000 0.000 0.000 0.001 0.007 0.070 0.426 0.337 0.110 0.049
11 33 0.000 0.000 0.000 0.000 0.001 0.005 0.036 0.317 0.505 0.111 0.025
14 24 0.000 0.000 0.000 0.000 0.001 0.008 0.065 0.449 0.392 0.058 0.027
3 18 0.000 0.000 0.000 0.000 0.000 0.003 0.018 0.095 0.304 0.398 0.183
19 31 0.000 0.000 0.000 0.000 0.001 0.002 0.012 0.061 0.219 0.378 0.328
11 35 0.000 0.000 0.000 0.000 0.000 0.002 0.007 0.028 0.117 0.336 0.510
20 31 0.000 0.000 0.000 0.000 0.000 0.002 0.010 0.055 0.249 0.483 0.201
10 19 0.000 0.000 0.000 0.000 0.000 0.003 0.011 0.184 0.391 0.311 0.100
11 37 0.000 0.000 0.000 0.000 0.000 0.001 0.003 0.009 0.028 0.080 0.878
11 36 0.000 0.000 0.000 0.000 0.000 0.001 0.003 0.010 0.029 0.094 0.863
8 28 0.000 0.000 0.000 0.000 0.002 0.040 0.351 0.434 0.121 0.026 0.025
11 27 0.000 0.000 0.000 0.000 0.003 0.068 0.553 0.316 0.038 0.007 0.016
18 31 0.000 0.000 0.000 0.000 0.000 0.002 0.012 0.081 0.375 0.429 0.101
8 16 0.000 0.000 0.000 0.000 0.001 0.051 0.874 0.062 0.005 0.001 0.006
7 29 0.000 0.000 0.000 0.000 0.001 0.011 0.161 0.519 0.234 0.048 0.026
5 23 0.000 0.000 0.000 0.000 0.001 0.009 0.087 0.273 0.322 0.213 0.095
5 11 0.000 0.000 0.000 0.000 0.007 0.335 0.615 0.024 0.002 0.001 0.015
14 31 0.000 0.000 0.000 0.000 0.002 0.017 0.270 0.588 0.108 0.008 0.007
3 15 0.000 0.000 0.000 0.000 0.001 0.005 0.043 0.287 0.503 0.134 0.028
6 26 0.000 0.000 0.000 0.000 0.001 0.026 0.303 0.508 0.130 0.019 0.011
11 25 0.000 0.000 0.000 0.000 0.001 0.006 0.092 0.443 0.399 0.048 0.012
4 20 0.000 0.000 0.000 0.000 0.000 0.001 0.009 0.065 0.283 0.418 0.225
4 18 0.000 0.000 0.000 0.000 0.000 0.004 0.066 0.427 0.393 0.081 0.029
9 25 0.000 0.000 0.000 0.000 0.001 0.025 0.406 0.479 0.067 0.011 0.010
10 20 0.000 0.000 0.000 0.000 0.000 0.001 0.006 0.064 0.277 0.460 0.191
3 19 0.000 0.000 0.000 0.000 0.000 0.001 0.005 0.023 0.104 0.310 0.558
8 21 0.000 0.000 0.000 0.000 0.000 0.001 0.010 0.100 0.370 0.337 0.181
9 22 0.000 0.000 0.000 0.000 0.001 0.005 0.054 0.369 0.447 0.097 0.028
11 22 0.000 0.000 0.000 0.000 0.000 0.003 0.021 0.156 0.506 0.272 0.042
4 19 0.000 0.000 0.000 0.000 0.000 0.001 0.006 0.075 0.368 0.389 0.161
9 18 0.000 0.000 0.000 0.000 0.000 0.003 0.023 0.638 0.291 0.031 0.015
11 23 0.000 0.000 0.000 0.000 0.001 0.008 0.109 0.521 0.304 0.044 0.014
22 31 0.000 0.000 0.000 0.000 0.001 0.008 0.209 0.694 0.070 0.007 0.012
6 28 0.000 0.000 0.000 0.000 0.001 0.006 0.088 0.466 0.336 0.077 0.027
8 25 0.000 0.000 0.000 0.000 0.000 0.002 0.040 0.279 0.500 0.150 0.029
9 24 0.000 0.000 0.000 0.000 0.001 0.012 0.219 0.580 0.151 0.025 0.012
7 15 0.000 0.000 0.000 0.000 0.000 0.038 0.887 0.061 0.006 0.001 0.007
5 24 0.000 0.000 0.000 0.000 0.000 0.002 0.022 0.140 0.348 0.328 0.161
9 20 0.000 0.000 0.000 0.000 0.000 0.001 0.003 0.033 0.214 0.470 0.279
10 22 0.000 0.000 0.000 0.000 0.000 0.002 0.015 0.166 0.512 0.255 0.050
9 19 0.000 0.000 0.000 0.000 0.000 0.001 0.002 0.065 0.237 0.421 0.273
8 18 0.000 0.000 0.000 0.000 0.000 0.001 0.003 0.247 0.531 0.174 0.044
14 28 0.000 0.000 0.000 0.000 0.000 0.002 0.040 0.534 0.376 0.030 0.017
8 23 0.000 0.000 0.000 0.000 0.000 0.001 0.021 0.215 0.501 0.219 0.043
7 21 0.000 0.000 0.000 0.000 0.000 0.000 0.001 0.006 0.042 0.313 0.638
8 17 0.000 0.000 0.000 0.000 0.000 0.002 0.017 0.864 0.103 0.006 0.008
8 22 0.000 0.000 0.000 0.000 0.000 0.000 0.004 0.032 0.180 0.495 0.288
5 25 0.000 0.000 0.000 0.000 0.000 0.001 0.007 0.059 0.312 0.454 0.167
7 26 0.000 0.000 0.000 0.000 0.000 0.002 0.066 0.538 0.335 0.045 0.013
8 20 0.000 0.000 0.000 0.000 0.000 0.000 0.001 0.005 0.034 0.264 0.696
5 14 0.000 0.000 0.000 0.000 0.000 0.008 0.254 0.663 0.064 0.003 0.008
6 21 0.000 0.000 0.000 0.000 0.000 0.000 0.001 0.006 0.059 0.322 0.612
10 28 0.000 0.000 0.000 0.000 0.000 0.003 0.075 0.551 0.297 0.036 0.038
11 28 0.000 0.000 0.000 0.000 0.000 0.002 0.061 0.586 0.305 0.023 0.023
10 25 0.000 0.000 0.000 0.000 0.000 0.001 0.023 0.369 0.500 0.089 0.018
6 14 0.000 0.000 0.000 0.000 0.000 0.044 0.889 0.055 0.002 0.000 0.009
6 23 0.000 0.000 0.000 0.000 0.000 0.001 0.012 0.148 0.405 0.321 0.113
5 17 0.000 0.000 0.000 0.000 0.000 0.001 0.012 0.183 0.568 0.212 0.025
5 21 0.000 0.000 0.000 0.000 0.000 0.000 0.001 0.008 0.064 0.260 0.667
8 19 0.000 0.000 0.000 0.000 0.000 0.000 0.001 0.017 0.139 0.280 0.563
11 24 0.000 0.000 0.000 0.000 0.000 0.000 0.002 0.040 0.483 0.424 0.050
5 22 0.000 0.000 0.000 0.000 0.000 0.000 0.001 0.013 0.089 0.315 0.582
7 18 0.000 0.000 0.000 0.000 0.000 0.000 0.002 0.053 0.476 0.340 0.130
7 27 0.000 0.000 0.000 0.000 0.000 0.002 0.039 0.431 0.429 0.077 0.022
7 17 0.000 0.000 0.000 0.000 0.000 0.000 0.004 0.540 0.425 0.022 0.009
7 19 0.000 0.000 0.000 0.000 0.000 0.000 0.000 0.002 0.014 0.218 0.765
7 23 0.000 0.000 0.000 0.000 0.000 0.000 0.002 0.025 0.216 0.527 0.230
10 24 0.000 0.000 0.000 0.000 0.000 0.001 0.012 0.179 0.549 0.216 0.043
6 25 0.000 0.000 0.000 0.000 0.000 0.000 0.002 0.031 0.297 0.509 0.161
8 24 0.000 0.000 0.000 0.000 0.000 0.000 0.003 0.044 0.339 0.502 0.112
5 16 0.000 0.000 0.000 0.000 0.000 0.001 0.038 0.471 0.442 0.039 0.009
6 18 0.000 0.000 0.000 0.000 0.000 0.000 0.000 0.003 0.065 0.682 0.249
6 19 0.000 0.000 0.000 0.000 0.000 0.000 0.000 0.001 0.005 0.097 0.897
6 22 0.000 0.000 0.000 0.000 0.000 0.000 0.000 0.003 0.034 0.275 0.688
7 20 0.000 0.000 0.000 0.000 0.000 0.000 0.000 0.001 0.004 0.037 0.958
5 18 0.000 0.000 0.000 0.000 0.000 0.000 0.000 0.002 0.025 0.287 0.685
5 20 0.000 0.000 0.000 0.000 0.000 0.000 0.000 0.001 0.005 0.043 0.950
7 22 0.000 0.000 0.000 0.000 0.000 0.000 0.000 0.002 0.014 0.121 0.862
6 24 0.000 0.000 0.000 0.000 0.000 0.000 0.002 0.025 0.200 0.487 0.286
7 16 0.000 0.000 0.000 0.000 0.000 0.000 0.009 0.902 0.077 0.005 0.007
6 20 0.000 0.000 0.000 0.000 0.000 0.000 0.000 0.000 0.002 0.028 0.969
7 28 0.000 0.000 0.000 0.000 0.000 0.000 0.001 0.029 0.381 0.455 0.133
7 25 0.000 0.000 0.000 0.000 0.000 0.000 0.000 0.003 0.055 0.464 0.478
5 15 0.000 0.000 0.000 0.000 0.000 0.000 0.007 0.275 0.631 0.077 0.010
5 19 0.000 0.000 0.000 0.000 0.000 0.000 0.000 0.000 0.003 0.044 0.952
6 16 0.000 0.000 0.000 0.000 0.000 0.000 0.024 0.794 0.171 0.005 0.005
6 15 0.000 0.000 0.000 0.000 0.000 0.001 0.199 0.781 0.011 0.001 0.007
6 17 0.000 0.000 0.000 0.000 0.000 0.000 0.002 0.139 0.781 0.070 0.009
7 24 0.000 0.000 0.000 0.000 0.000 0.000 0.000 0.001 0.009 0.149 0.842
END