1 3 0 8  0.38843291997909546
1 4 0 8  0.45374205708503723
1 5 0 8  0.44016996026039124
1 6 0 8  0.07533939182758331
1 7 0 8  0.04930669069290161
1 8 0 8  0.005241444334387779
1 9 0 8  0.00581438560038805
1 10 0 8  0.05173555389046669
1 11 0 8  0.008096129633486271
1 12 0 8  0.00571699533611536
1 13 0 8  0.028030697256326675
1 14 0 8  0.04219547659158707
1 15 0 8  0.0065094539895653725
1 16 0 8  0.019656555727124214
1 17 0 8  0.01432362012565136
1 18 0 8  0.00452071987092495
1 19 0 8  0.0037066172808408737
1 20 0 8  0.0035446411930024624
1 21 0 8  0.006585205905139446
1 22 0 8  0.01393529400229454
1 23 0 8  0.07544172555208206
1 24 0 8  0.06425021588802338
1 25 0 8  0.11640728265047073
1 26 0 8  0.0739734023809433
1 27 0 8  0.08308806270360947
1 28 0 8  0.020400095731019974
1 29 0 8  0.11517974734306335
1 30 0 8  0.09212470054626465
1 31 0 8  0.01106148399412632
1 32 0 8  0.015415363013744354
1 33 0 8  0.008176980540156364
1 34 0 8  0.013456741347908974
1 35 0 8  0.009590938687324524
1 36 0 8  0.005175992846488953
1 37 0 8  0.004574873484671116
1 38 0 8  0.011582350358366966
1 39 0 8  0.03177601471543312
1 40 0 8  0.15832683444023132
1 41 0 8  0.21632374823093414
1 42 0 8  0.09451892971992493
1 43 0 8  0.0370708629488945
1 44 0 8  0.01595933735370636
1 45 0 8  0.011590875685214996
1 46 0 8  0.012341616675257683
2 4 0 8  0.5737308859825134
2 5 0 8  0.5873598456382751
2 6 0 8  0.5497558116912842
2 7 0 8  0.29733705520629883
2 8 0 8  0.0055663492530584335
2 9 0 8  0.021962694823741913
2 10 0 8  0.42494988441467285
2 11 0 8  0.06303782016038895
2 12 0 8  0.021179424598813057
2 13 0 8  0.30557990074157715
2 14 0 8  0.23678959906101227
2 15 0 8  0.01638699136674404
2 16 0 8  0.14343686401844025
2 17 0 8  0.04401668161153793
2 18 0 8  0.005979766137897968
2 19 0 8  0.0038725174963474274
2 20 0 8  0.003627500031143427
2 21 0 8  0.005528378766030073
2 22 0 8  0.0216265469789505
2 23 0 8  0.07499594986438751
2 24 0 8  0.056484468281269073
2 25 0 8  0.11012285947799683
2 26 0 8  0.12061553448438644
2 27 0 8  0.07896014302968979
2 28 0 8  0.011020958423614502
2 29 0 8  0.04370109736919403
2 30 0 8  0.11510214954614639
2 31 0 8  0.0189906507730484
2 32 0 8  0.040435440838336945
2 33 0 8  0.007569640874862671
2 34 0 8  0.011457104235887527
2 35 0 8  0.008233249187469482
2 36 0 8  0.0035611107014119625
2 37 0 8  0.003009628038853407
2 38 0 8  0.0036314870230853558
2 39 0 8  0.0056105973199009895
2 40 0 8  0.04284544661641121
2 41 0 8  0.15016572177410126
2 42 0 8  0.053835347294807434
2 43 0 8  0.01607479155063629
2 44 0 8  0.01672546938061714
2 45 0 8  0.010842662304639816
2 46 0 8  0.011408797465264797
3 5 0 8  0.6004514694213867
3 6 0 8  0.6015466451644897
3 7 0 8  0.5913020372390747
3 8 0 8  0.004066841211169958
3 9 0 8  0.11263397336006165
3 10 0 8  0.325983464717865
3 11 0 8  0.005962793715298176
3 12 0 8  0.07592238485813141
3 13 0 8  0.24179989099502563
3 14 0 8  0.03921709954738617
3 15 0 8  0.011392755433917046
3 16 0 8  0.10838796198368073
3 17 0 8  0.03074294701218605
3 18 0 8  0.00507852528244257
3 19 0 8  0.00271171098574996
3 20 0 8  0.0027392241172492504
3 21 0 8  0.005848872475326061
3 22 0 8  0.00505646038800478
3 23 0 8  0.02351038157939911
3 24 0 8  0.012096229940652847
3 25 0 8  0.11942671239376068
3 26 0 8  0.28384047746658325
3 27 0 8  0.2698633074760437
3 28 0 8  0.012015281245112419
3 29 0 8  0.1446177363395691
3 30 0 8  0.5472497940063477
3 31 0 8  0.3791986107826233
3 32 0 8  0.7147345542907715
3 33 0 8  0.16565562784671783
3 34 0 8  0.06960486620664597
3 35 0 8  0.05120301619172096
3 36 0 8  0.004335719160735607
3 37 0 8  0.004235845524817705
3 38 0 8  0.008354544639587402
3 39 0 8  0.029206421226263046
3 40 0 8  0.36807548999786377
3 41 0 8  0.6789753437042236
3 42 0 8  0.1212296336889267
3 43 0 8  0.1105235368013382
3 44 0 8  0.3084954023361206
3 45 0 8  0.02205861359834671
3 46 0 8  0.03959362953901291
4 6 0 8  0.5974539518356323
4 7 0 8  0.6223211884498596
4 8 0 8  0.3138129413127899
4 9 0 8  0.6350684762001038
4 10 0 8  0.7639907002449036
4 11 0 8  0.016726946458220482
4 12 0 8  0.17866267263889313
4 13 0 8  0.7632266283035278
4 14 0 8  0.03774426877498627
4 15 0 8  0.011074518784880638
4 16 0 8  0.08498077094554901
4 17 0 8  0.007185237482190132
4 18 0 8  0.002988840453326702
4 19 0 8  0.002277329098433256
4 20 0 8  0.002179594011977315
4 21 0 8  0.0028472221456468105
4 22 0 8  0.005854139104485512
4 23 0 8  0.008619037456810474
4 24 0 8  0.0042327214032411575
4 25 0 8  0.0069593144580721855
4 26 0 8  0.17335933446884155
4 27 0 8  0.19352231919765472
4 28 0 8  0.0066581349819898605
4 29 0 8  0.0646694004535675
4 30 0 8  0.7793142199516296
4 31 0 8  0.4914252758026123
4 32 0 8  0.800588846206665
4 33 0 8  0.037130966782569885
4 34 0 8  0.016467731446027756
4 35 0 8  0.011880358681082726
4 36 0 8  0.002828037366271019
4 37 0 8  0.002881005872040987
4 38 0 8  0.004242954310029745
4 39 0 8  0.004141213372349739
4 40 0 8  0.052458927035331726
4 41 0 8  0.2527024745941162
4 42 0 8  0.01803041249513626
4 43 0 8  0.028596993535757065
4 44 0 8  0.349406361579895
4 45 0 8  0.027091272175312042
4 46 0 8  0.04868663102388382
5 7 0 8  0.5881152749061584
5 8 0 8  0.5937705636024475
5 9 0 8  0.7541216611862183
5 10 0 8  0.13676156103610992
5 11 0 8  0.0035175164230167866
5 12 0 8  0.004663524217903614
5 13 0 8  0.07034722715616226
5 14 0 8  0.0026522716507315636
5 15 0 8  0.0023214337415993214
5 16 0 8  0.0038369777612388134
5 17 0 8  0.002315117511898279
5 18 0 8  0.0023806653916835785
5 19 0 8  0.002101473044604063
5 20 0 8  0.0019735204987227917
5 21 0 8  0.0021357396617531776
5 22 0 8  0.0023485273122787476
5 23 0 8  0.0031855532433837652
5 24 0 8  0.002304540015757084
5 25 0 8  0.0026316088624298573
5 26 0 8  0.00933573953807354
5 27 0 8  0.0511455163359642
5 28 0 8  0.004732808098196983
5 29 0 8  0.03343670815229416
5 30 0 8  0.741732120513916
5 31 0 8  0.8084529042243958
5 32 0 8  0.5213903784751892
5 33 0 8  0.05854516476392746
5 34 0 8  0.024543773382902145
5 35 0 8  0.018646836280822754
5 36 0 8  0.0033321287482976913
5 37 0 8  0.0031489012762904167
5 38 0 8  0.003536685835570097
5 39 0 8  0.004132161848247051
5 40 0 8  0.04193289205431938
5 41 0 8  0.13982728123664856
5 42 0 8  0.01568218320608139
5 43 0 8  0.045875463634729385
5 44 0 8  0.37479597330093384
5 45 0 8  0.19144988059997559
5 46 0 8  0.26140159368515015
6 8 0 8  0.6336873769760132
6 9 0 8  0.7774124145507812
6 10 0 8  0.4537174701690674
6 11 0 8  0.0032271831296384335
6 12 0 8  0.0031352019868791103
6 13 0 8  0.012980983592569828
6 14 0 8  0.0023726699873805046
6 15 0 8  0.0022705281153321266
6 16 0 8  0.0027975700795650482
6 17 0 8  0.002204574178904295
6 18 0 8  0.002180141396820545
6 19 0 8  0.0018686355324462056
6 20 0 8  0.001826070249080658
6 21 0 8  0.0019751759245991707
6 22 0 8  0.0020564841106534004
6 23 0 8  0.0021820333786308765
6 24 0 8  0.002149681793525815
6 25 0 8  0.0022477195598185062
6 26 0 8  0.003405028721317649
6 27 0 8  0.0086207939311862
6 28 0 8  0.003202221356332302
6 29 0 8  0.019268406555056572
6 30 0 8  0.3884272575378418
6 31 0 8  0.4247906804084778
6 32 0 8  0.16547489166259766
6 33 0 8  0.00890067033469677
6 34 0 8  0.003733945544809103
6 35 0 8  0.0033460636623203754
6 36 0 8  0.0023716017603874207
6 37 0 8  0.0023013739846646786
6 38 0 8  0.0025758491829037666
6 39 0 8  0.002534051425755024
6 40 0 8  0.003982165828347206
6 41 0 8  0.014272663742303848
6 42 0 8  0.005324860103428364
6 43 0 8  0.024132270365953445
6 44 0 8  0.06902267038822174
6 45 0 8  0.11700990796089172
6 46 0 8  0.11786063015460968
7 9 0 8  0.517535924911499
7 10 0 8  0.37511175870895386
7 11 0 8  0.233859121799469
7 12 0 8  0.00290973880328238
7 13 0 8  0.0024254305753856897
7 14 0 8  0.0020681172609329224
7 15 0 8  0.002242861781269312
7 16 0 8  0.002223653718829155
7 17 0 8  0.0021976539865136147
7 18 0 8  0.0021114028058946133
7 19 0 8  0.0019832917023450136
7 20 0 8  0.001987071707844734
7 21 0 8  0.002278129570186138
7 22 0 8  0.0021828452590852976
7 23 0 8  0.0028334874659776688
7 24 0 8  0.0023451487068086863
7 25 0 8  0.0022574206814169884
7 26 0 8  0.0023197680711746216
7 27 0 8  0.0029817260801792145
7 28 0 8  0.0027213203720748425
7 29 0 8  0.003753396449610591
7 30 0 8  0.011804345063865185
7 31 0 8  0.01207718811929226
7 32 0 8  0.003933715634047985
7 33 0 8  0.003322433214634657
7 34 0 8  0.0024190819822251797
7 35 0 8  0.002469115424901247
7 36 0 8  0.0022227559238672256
7 37 0 8  0.002227453514933586
7 38 0 8  0.002275295089930296
7 39 0 8  0.0021498878486454487
7 40 0 8  0.0024429939221590757
7 41 0 8  0.0031537231989204884
7 42 0 8  0.0029062125831842422
7 43 0 8  0.0032816496677696705
7 44 0 8  0.007821330800652504
7 45 0 8  0.021932022646069527
7 46 0 8  0.05656089633703232
8 10 0 8  0.39579030871391296
8 11 0 8  0.3078629970550537
8 12 0 8  0.2922220826148987
8 13 0 8  0.0027997936122119427
8 14 0 8  0.0021404775325208902
8 15 0 8  0.002137462142854929
8 16 0 8  0.002940769772976637
8 17 0 8  0.0023278766311705112
8 18 0 8  0.0024116949643939734
8 19 0 8  0.0022501982748508453
8 20 0 8  0.002155857626348734
8 21 0 8  0.0023313818965107203
8 22 0 8  0.0020543811842799187
8 23 0 8  0.0021895449608564377
8 24 0 8  0.002119572600349784
8 25 0 8  0.003374675754457712
8 26 0 8  0.005640416406095028
8 27 0 8  0.0060117836110293865
8 28 0 8  0.0035906319972127676
8 29 0 8  0.42795127630233765
8 30 0 8  0.7749117016792297
8 31 0 8  0.2266448587179184
8 32 0 8  0.01927236095070839
8 33 0 8  0.003520142287015915
8 34 0 8  0.005081102252006531
8 35 0 8  0.0032573482021689415
8 36 0 8  0.002465645782649517
8 37 0 8  0.0020929849706590176
8 38 0 8  0.0025415662676095963
8 39 0 8  0.002024905290454626
8 40 0 8  0.0025585528928786516
8 41 0 8  0.0036608404479920864
8 42 0 8  0.0028649726882576942
8 43 0 8  0.002587613882496953
8 44 0 8  0.007876151241362095
8 45 0 8  0.009160654619336128
8 46 0 8  0.02345968410372734
9 11 0 8  0.4282494783401489
9 12 0 8  0.44838470220565796
9 13 0 8  0.7046530246734619
9 14 0 8  0.006307559087872505
9 15 0 8  0.003632086329162121
9 16 0 8  0.009346730075776577
9 17 0 8  0.003235233947634697
9 18 0 8  0.0024648457765579224
9 19 0 8  0.0018513684626668692
9 20 0 8  0.0018213316798210144
9 21 0 8  0.002053133212029934
9 22 0 8  0.001853352878242731
9 23 0 8  0.0029638272244483232
9 24 0 8  0.002085508545860648
9 25 0 8  0.01156527642160654
9 26 0 8  0.44321730732917786
9 27 0 8  0.2416347712278366
9 28 0 8  0.0069983405992388725
9 29 0 8  0.5150958299636841
9 30 0 8  0.9614143371582031
9 31 0 8  0.6339335441589355
9 32 0 8  0.4537951648235321
9 33 0 8  0.01065520104020834
9 34 0 8  0.0041708555072546005
9 35 0 8  0.011018714867532253
9 36 0 8  0.001996685517951846
9 37 0 8  0.001857004128396511
9 38 0 8  0.0019452371634542942
9 39 0 8  0.0019548507407307625
9 40 0 8  0.008169933222234249
9 41 0 8  0.1651075929403305
9 42 0 8  0.023492027074098587
9 43 0 8  0.006700396072119474
9 44 0 8  0.10279206186532974
9 45 0 8  0.020602921023964882
9 46 0 8  0.049132369458675385
10 12 0 8  0.4505346715450287
10 13 0 8  0.7767254114151001
10 14 0 8  0.7057077884674072
10 15 0 8  0.0050995079800486565
10 16 0 8  0.026868123561143875
10 17 0 8  0.010385489091277122
10 18 0 8  0.002994501031935215
10 19 0 8  0.0022516658063977957
10 20 0 8  0.0022691888734698296
10 21 0 8  0.003552307141944766
10 22 0 8  0.0027565346099436283
10 23 0 8  0.007486704271286726
10 24 0 8  0.0023865136317908764
10 25 0 8  0.0032543125562369823
10 26 0 8  0.010560552589595318
10 27 0 8  0.004357844591140747
10 28 0 8  0.002568802097812295
10 29 0 8  0.003283531405031681
10 30 0 8  0.028392290696501732
10 31 0 8  0.003624884644523263
10 32 0 8  0.009297400712966919
10 33 0 8  0.0025187991559505463
10 34 0 8  0.0023081572726368904
10 35 0 8  0.003364069387316704
10 36 0 8  0.0019983635284006596
10 37 0 8  0.001874217763543129
10 38 0 8  0.0021785241551697254
10 39 0 8  0.002228659577667713
10 40 0 8  0.0072306361980736256
10 41 0 8  0.06513458490371704
10 42 0 8  0.015567080117762089
10 43 0 8  0.009896601550281048
10 44 0 8  0.0520600862801075
10 45 0 8  0.01886027865111828
10 46 0 8  0.05551527068018913
11 13 0 8  0.4862107038497925
11 14 0 8  0.6505091786384583
11 15 0 8  0.5254783630371094
11 16 0 8  0.005814934149384499
11 17 0 8  0.006930096074938774
11 18 0 8  0.006785775534808636
11 19 0 8  0.0026333199348300695
11 20 0 8  0.00245874235406518
11 21 0 8  0.0028620853554457426
11 22 0 8  0.0021414284128695726
11 23 0 8  0.002751564607024193
11 24 0 8  0.0021536219865083694
11 25 0 8  0.0024561136960983276
11 26 0 8  0.0037830802612006664
11 27 0 8  0.002794794738292694
11 28 0 8  0.0023781126365065575
11 29 0 8  0.06094524264335632
11 30 0 8  0.02626228705048561
11 31 0 8  0.0019614542834460735
11 32 0 8  0.002875106642022729
11 33 0 8  0.002505660755559802
11 34 0 8  0.002214213367551565
11 35 0 8  0.0027231210842728615
11 36 0 8  0.0018775213975459337
11 37 0 8  0.001945333555340767
11 38 0 8  0.0020196246914565563
11 39 0 8  0.0018619990441948175
11 40 0 8  0.002221932401880622
11 41 0 8  0.0028247260488569736
11 42 0 8  0.00230608694255352
11 43 0 8  0.0021812941413372755
11 44 0 8  0.0037947888486087322
11 45 0 8  0.0030323094688355923
11 46 0 8  0.007870796136558056
12 14 0 8  0.5248224139213562
12 15 0 8  0.7061624526977539
12 16 0 8  0.6843974590301514
12 17 0 8  0.039096228778362274
12 18 0 8  0.0722382664680481
12 19 0 8  0.005032676737755537
12 20 0 8  0.003732113167643547
12 21 0 8  0.0400116890668869
12 22 0 8  0.006706124171614647
12 23 0 8  0.006853199098259211
12 24 0 8  0.0032194596715271473
12 25 0 8  0.40029338002204895
12 26 0 8  0.8963003158569336
12 27 0 8  0.0647091493010521
12 28 0 8  0.008335007354617119
12 29 0 8  0.8385462760925293
12 30 0 8  0.9535501003265381
12 31 0 8  0.005100389942526817
12 32 0 8  0.022716660052537918
12 33 0 8  0.00335145415738225
12 34 0 8  0.0026973672211170197
12 35 0 8  0.004165143705904484
12 36 0 8  0.002050128299742937
12 37 0 8  0.001918427413329482
12 38 0 8  0.0020500654354691505
12 39 0 8  0.0019370992667973042
12 40 0 8  0.004924442619085312
12 41 0 8  0.015587199479341507
12 42 0 8  0.003290777327492833
12 43 0 8  0.0026454092003405094
12 44 0 8  0.007740652188658714
12 45 0 8  0.004068664740771055
12 46 0 8  0.011471591889858246
13 15 0 8  0.5717054605484009
13 16 0 8  0.8524908423423767
13 17 0 8  0.7760237455368042
13 18 0 8  0.044647227972745895
13 19 0 8  0.0053221737034618855
13 20 0 8  0.003706390270963311
13 21 0 8  0.026814892888069153
13 22 0 8  0.02219580113887787
13 23 0 8  0.09255917370319366
13 24 0 8  0.007350041065365076
13 25 0 8  0.18480250239372253
13 26 0 8  0.7720345258712769
13 27 0 8  0.04740072041749954
13 28 0 8  0.0023607751354575157
13 29 0 8  0.050768762826919556
13 30 0 8  0.17145022749900818
13 31 0 8  0.0028205025009810925
13 32 0 8  0.027440717443823814
13 33 0 8  0.00282974261790514
13 34 0 8  0.0028300578705966473
13 35 0 8  0.12842224538326263
13 36 0 8  0.0031322077848017216
13 37 0 8  0.0024287314154207706
13 38 0 8  0.002329254522919655
13 39 0 8  0.004357099533081055
13 40 0 8  0.048907265067100525
13 41 0 8  0.14743009209632874
13 42 0 8  0.015925101935863495
13 43 0 8  0.004206559620797634
13 44 0 8  0.04438178241252899
13 45 0 8  0.011472895741462708
13 46 0 8  0.017174050211906433
14 16 0 8  0.6078836917877197
14 17 0 8  0.8256826400756836
14 18 0 8  0.776263952255249
14 19 0 8  0.02489836886525154
14 20 0 8  0.01233203150331974
14 21 0 8  0.03870376944541931
14 22 0 8  0.01501835323870182
14 23 0 8  0.02198547124862671
14 24 0 8  0.0035557346418499947
14 25 0 8  0.004583203233778477
14 26 0 8  0.011906922794878483
14 27 0 8  0.0026512593030929565
14 28 0 8  0.0020497015211731195
14 29 0 8  0.002521112561225891
14 30 0 8  0.002794526983052492
14 31 0 8  0.0019050559494644403
14 32 0 8  0.003660284448415041
14 33 0 8  0.002111088950186968
14 34 0 8  0.002086285501718521
14 35 0 8  0.0032123716082423925
14 36 0 8  0.0018194960430264473
14 37 0 8  0.0023502809926867485
14 38 0 8  0.002270936034619808
14 39 0 8  0.0021500876173377037
14 40 0 8  0.003745904192328453
14 41 0 8  0.01745717041194439
14 42 0 8  0.0040403325110673904
14 43 0 8  0.0021772002801299095
14 44 0 8  0.0073959194123744965
14 45 0 8  0.0037042060866951942
14 46 0 8  0.007176500745117664
15 17 0 8  0.6653757691383362
15 18 0 8  0.926075279712677
15 19 0 8  0.8837058544158936
15 20 0 8  0.09485495090484619
15 21 0 8  0.25137948989868164
15 22 0 8  0.030332740396261215
15 23 0 8  0.01877608336508274
15 24 0 8  0.0045932880602777
15 25 0 8  0.10414329171180725
15 26 0 8  0.2627091109752655
15 27 0 8  0.0020353072322905064
15 28 0 8  0.001998697407543659
15 29 0 8  0.06767921149730682
15 30 0 8  0.01264671515673399
15 31 0 8  0.0019001958426088095
15 32 0 8  0.00489581236615777
15 33 0 8  0.0022017108276486397
15 34 0 8  0.0031082129571586847
15 35 0 8  0.011074008420109749
15 36 0 8  0.0025822788011282682
15 37 0 8  0.00314351636916399
15 38 0 8  0.0030833957716822624
15 39 0 8  0.003239851212128997
15 40 0 8  0.022680135443806648
15 41 0 8  0.022341741248965263
15 42 0 8  0.008805515244603157
15 43 0 8  0.002710002940148115
15 44 0 8  0.009603606536984444
15 45 0 8  0.0032187094911932945
15 46 0 8  0.004997800104320049
16 18 0 8  0.6684284806251526
16 19 0 8  0.8402587175369263
16 20 0 8  0.8304967880249023
16 21 0 8  0.6667418479919434
16 22 0 8  0.3527792692184448
16 23 0 8  0.19512176513671875
16 24 0 8  0.007423145696520805
16 25 0 8  0.6484189629554749
16 26 0 8  0.9216607809066772
16 27 0 8  0.00899395253509283
16 28 0 8  0.00296621210873127
16 29 0 8  0.17653273046016693
16 30 0 8  0.078755684196949
16 31 0 8  0.0030654571019113064
16 32 0 8  0.14530208706855774
16 33 0 8  0.01764610968530178
16 34 0 8  0.014516402967274189
16 35 0 8  0.028347386047244072
16 36 0 8  0.00294151296839118
16 37 0 8  0.003064206801354885
16 38 0 8  0.003306995378807187
16 39 0 8  0.007058199029415846
16 40 0 8  0.03610435128211975
16 41 0 8  0.047069817781448364
16 42 0 8  0.007514132186770439
16 43 0 8  0.0028892308473587036
16 44 0 8  0.0111407320946455
16 45 0 8  0.004347154870629311
16 46 0 8  0.01136583462357521
17 19 0 8  0.7455185055732727
17 20 0 8  0.9123903512954712
17 21 0 8  0.9372737407684326
17 22 0 8  0.07992155104875565
17 23 0 8  0.02770676650106907
17 24 0 8  0.003526116954162717
17 25 0 8  0.006296930834650993
17 26 0 8  0.14340679347515106
17 27 0 8  0.0021470075007528067
17 28 0 8  0.001940463436767459
17 29 0 8  0.0035103680565953255
17 30 0 8  0.002752237254753709
17 31 0 8  0.0016487513203173876
17 32 0 8  0.006205886136740446
17 33 0 8  0.0019997076597064734
17 34 0 8  0.00698801688849926
17 35 0 8  0.038260795176029205
17 36 0 8  0.006086105015128851
17 37 0 8  0.009635686874389648
17 38 0 8  0.006519407033920288
17 39 0 8  0.025836650282144547
17 40 0 8  0.05140075460076332
17 41 0 8  0.08634047210216522
17 42 0 8  0.012221616692841053
17 43 0 8  0.0024965195916593075
17 44 0 8  0.009147683158516884
17 45 0 8  0.004901091568171978
17 46 0 8  0.012380157597362995
18 20 0 8  0.8035765886306763
18 21 0 8  0.9506603479385376
18 22 0 8  0.6899330019950867
18 23 0 8  0.022307557985186577
18 24 0 8  0.0029128824826329947
18 25 0 8  0.008837942034006119
18 26 0 8  0.029831046238541603
18 27 0 8  0.002285018563270569
18 28 0 8  0.002072747331112623
18 29 0 8  0.013059204444289207
18 30 0 8  0.004108835477381945
18 31 0 8  0.0018972833640873432
18 32 0 8  0.007826477289199829
18 33 0 8  0.0022684428840875626
18 34 0 8  0.019884726032614708
18 35 0 8  0.01277216337621212
18 36 0 8  0.0049504926428198814
18 37 0 8  0.005150509998202324
18 38 0 8  0.005193744786083698
18 39 0 8  0.019933387637138367
18 40 0 8  0.016421107575297356
18 41 0 8  0.01589024066925049
18 42 0 8  0.0038363230414688587
18 43 0 8  0.00228899740613997
18 44 0 8  0.005693241022527218
18 45 0 8  0.0034715866204351187
18 46 0 8  0.004800185561180115
19 21 0 8  0.7495615482330322
19 22 0 8  0.8565253615379333
19 23 0 8  0.6347126960754395
19 24 0 8  0.003349278587847948
19 25 0 8  0.023417174816131592
19 26 0 8  0.015593672171235085
19 27 0 8  0.0021940204314887524
19 28 0 8  0.0023445705883204937
19 29 0 8  0.011079082265496254
19 30 0 8  0.0024431999772787094
19 31 0 8  0.0021507060155272484
19 32 0 8  0.003711857832968235
19 33 0 8  0.002078345511108637
19 34 0 8  0.026689626276493073
19 35 0 8  0.006653390824794769
19 36 0 8  0.010522132739424706
19 37 0 8  0.00661467807367444
19 38 0 8  0.00516405887901783
19 39 0 8  0.012211481109261513
19 40 0 8  0.006051184609532356
19 41 0 8  0.00678404001519084
19 42 0 8  0.0031438274309039116
19 43 0 8  0.0020580345299094915
19 44 0 8  0.003463237313553691
19 45 0 8  0.002622310072183609
19 46 0 8  0.0029268614016473293
20 22 0 8  0.6413152813911438
20 23 0 8  0.6456935405731201
20 24 0 8  0.3288235366344452
20 25 0 8  0.007915670052170753
20 26 0 8  0.003592662513256073
20 27 0 8  0.0017115715891122818
20 28 0 8  0.001826661522500217
20 29 0 8  0.002550274133682251
20 30 0 8  0.0015311772003769875
20 31 0 8  0.001664833864197135
20 32 0 8  0.0024211087729781866
20 33 0 8  0.001600915566086769
20 34 0 8  0.009149604476988316
20 35 0 8  0.002325997222214937
20 36 0 8  0.00837030354887247
20 37 0 8  0.0072305877692997456
20 38 0 8  0.005570286884903908
20 39 0 8  0.013827407732605934
20 40 0 8  0.00793447159230709
20 41 0 8  0.010843925178050995
20 42 0 8  0.0037581236101686954
20 43 0 8  0.0021643091458827257
20 44 0 8  0.003301383228972554
20 45 0 8  0.0027550864033401012
20 46 0 8  0.0029521493706852198
21 23 0 8  0.6278015375137329
21 24 0 8  0.6139214038848877
21 25 0 8  0.7405726909637451
21 26 0 8  0.18372592329978943
21 27 0 8  0.0022490420378744602
21 28 0 8  0.002372611779719591
21 29 0 8  0.031023208051919937
21 30 0 8  0.0023953313939273357
21 31 0 8  0.0021449874620884657
21 32 0 8  0.003820780199021101
21 33 0 8  0.0020194263197481632
21 34 0 8  0.02659446932375431
21 35 0 8  0.0033932800870388746
21 36 0 8  0.01357976533472538
21 37 0 8  0.006208954378962517
21 38 0 8  0.003731231205165386
21 39 0 8  0.008574029430747032
21 40 0 8  0.009462465532124043
21 41 0 8  0.00577434990555048
21 42 0 8  0.002854421269148588
21 43 0 8  0.0021293458994477987
21 44 0 8  0.0028010988608002663
21 45 0 8  0.002441126387566328
21 46 0 8  0.003484927350655198
22 24 0 8  0.5756037831306458
22 25 0 8  0.6593029499053955
22 26 0 8  0.5092442631721497
22 27 0 8  0.002390220295637846
22 28 0 8  0.0018847372848540545
22 29 0 8  0.004467635881155729
22 30 0 8  0.0019393643597140908
22 31 0 8  0.001864394056610763
22 32 0 8  0.002341608051210642
22 33 0 8  0.0016798502765595913
22 34 0 8  0.02132897824048996
22 35 0 8  0.005147239193320274
22 36 0 8  0.008047111332416534
22 37 0 8  0.0037947536911815405
22 38 0 8  0.0029170638881623745
22 39 0 8  0.004408131819218397
22 40 0 8  0.003880714997649193
22 41 0 8  0.004081402905285358
22 42 0 8  0.0026483600959181786
22 43 0 8  0.002162008546292782
22 44 0 8  0.0033860448747873306
22 45 0 8  0.0028226834256201982
22 46 0 8  0.003081471659243107
23 25 0 8  0.48778122663497925
23 26 0 8  0.5679547190666199
23 27 0 8  0.3397749960422516
23 28 0 8  0.002810414880514145
23 29 0 8  0.02672339230775833
23 30 0 8  0.0028563428204506636
23 31 0 8  0.0022509421687573195
23 32 0 8  0.008709216490387917
23 33 0 8  0.012339945882558823
23 34 0 8  0.9297195672988892
23 35 0 8  0.5398831367492676
23 36 0 8  0.40898895263671875
23 37 0 8  0.03485605865716934
23 38 0 8  0.022814791649580002
23 39 0 8  0.034407831728458405
23 40 0 8  0.02929244562983513
23 41 0 8  0.01609225943684578
23 42 0 8  0.00440025283023715
23 43 0 8  0.0027233255095779896
23 44 0 8  0.005307400599122047
23 45 0 8  0.0031501613557338715
23 46 0 8  0.003999765031039715
24 26 0 8  0.30151307582855225
24 27 0 8  0.4155239462852478
24 28 0 8  0.4763948321342468
24 29 0 8  0.004467513412237167
24 30 0 8  0.0018109786324203014
24 31 0 8  0.001965019851922989
24 32 0 8  0.005859449505805969
24 33 0 8  0.004145975690335035
24 34 0 8  0.5141781568527222
24 35 0 8  0.010562135837972164
24 36 0 8  0.010677404701709747
24 37 0 8  0.004480340052396059
24 38 0 8  0.0026932330802083015
24 39 0 8  0.0031079750042408705
24 40 0 8  0.0051993802189826965
24 41 0 8  0.005083282478153706
24 42 0 8  0.0025185542181134224
24 43 0 8  0.0021894488018006086
24 44 0 8  0.0030098650604486465
24 45 0 8  0.002340580802410841
24 46 0 8  0.002860774751752615
25 27 0 8  0.48171132802963257
25 28 0 8  0.5929932594299316
25 29 0 8  0.6900651454925537
25 30 0 8  0.03179150074720383
25 31 0 8  0.0021848261822015047
25 32 0 8  0.0034176534973084927
25 33 0 8  0.0026007911656051874
25 34 0 8  0.006562409922480583
25 35 0 8  0.003123394213616848
25 36 0 8  0.0025471558328717947
25 37 0 8  0.002185727469623089
25 38 0 8  0.0020415382459759712
25 39 0 8  0.002250734018161893
25 40 0 8  0.0028902324847877026
25 41 0 8  0.0027425317093729973
25 42 0 8  0.0024228557012975216
25 43 0 8  0.00221310555934906
25 44 0 8  0.003649235237389803
25 45 0 8  0.0026968081947416067
25 46 0 8  0.0034426795318722725
26 28 0 8  0.5719567537307739
26 29 0 8  0.6248834133148193
26 30 0 8  0.7185525894165039
26 31 0 8  0.03296960890293121
26 32 0 8  0.8604418039321899
26 33 0 8  0.0126571673899889
26 34 0 8  0.5058784484863281
26 35 0 8  0.0596112497150898
26 36 0 8  0.0027777033392339945
26 37 0 8  0.0023508057929575443
26 38 0 8  0.0027290978468954563
26 39 0 8  0.003930359147489071
26 40 0 8  0.016982927918434143
26 41 0 8  0.009415986947715282
26 42 0 8  0.005406593903899193
26 43 0 8  0.0030977600254118443
26 44 0 8  0.006162936333566904
26 45 0 8  0.003047532867640257
26 46 0 8  0.002987558487802744
27 29 0 8  0.588965117931366
27 30 0 8  0.7934122681617737
27 31 0 8  0.9235302209854126
27 32 0 8  0.9704285860061646
27 33 0 8  0.9322501420974731
27 34 0 8  0.9613274335861206
27 35 0 8  0.28829678893089294
27 36 0 8  0.00552724115550518
27 37 0 8  0.0031270161271095276
27 38 0 8  0.0034759757108986378
27 39 0 8  0.003401473630219698
27 40 0 8  0.010325539857149124
27 41 0 8  0.010102437809109688
27 42 0 8  0.004040429834276438
27 43 0 8  0.0028105557430535555
27 44 0 8  0.011862967163324356
27 45 0 8  0.0050326865166425705
27 46 0 8  0.006208028178662062
28 30 0 8  0.6517417430877686
28 31 0 8  0.8619844317436218
28 32 0 8  0.9613826274871826
28 33 0 8  0.0417109914124012
28 34 0 8  0.008361436426639557
28 35 0 8  0.0021334632765501738
28 36 0 8  0.0016669714823365211
28 37 0 8  0.001661444315686822
28 38 0 8  0.0017244372284039855
28 39 0 8  0.001753869466483593
28 40 0 8  0.002449619583785534
28 41 0 8  0.002568837720900774
28 42 0 8  0.0031156535260379314
28 43 0 8  0.0024761315435171127
28 44 0 8  0.004306868650019169
28 45 0 8  0.003452765289694071
28 46 0 8  0.003883977187797427
29 31 0 8  0.8498018980026245
29 32 0 8  0.9726836085319519
29 33 0 8  0.7479858994483948
29 34 0 8  0.0024106334894895554
29 35 0 8  0.0019555315375328064
29 36 0 8  0.0017475835047662258
29 37 0 8  0.0018155184807255864
29 38 0 8  0.0018815887160599232
29 39 0 8  0.001804641098715365
29 40 0 8  0.003083398099988699
29 41 0 8  0.003472407814115286
29 42 0 8  0.005446313880383968
29 43 0 8  0.003768445225432515
29 44 0 8  0.008790779858827591
29 45 0 8  0.005457119084894657
29 46 0 8  0.004597465507686138
30 32 0 8  0.9227502346038818
30 33 0 8  0.8630691766738892
30 34 0 8  0.808611273765564
30 35 0 8  0.0022473884746432304
30 36 0 8  0.001969404285773635
30 37 0 8  0.0017818284686654806
30 38 0 8  0.0019202081020921469
30 39 0 8  0.0021085001062601805
30 40 0 8  0.009190567769110203
30 41 0 8  0.011428706347942352
30 42 0 8  0.011597220785915852
30 43 0 8  0.006705230101943016
30 44 0 8  0.026282090693712234
30 45 0 8  0.00814792700111866
30 46 0 8  0.007546069100499153
31 33 0 8  0.5737802386283875
31 34 0 8  0.5194678902626038
31 35 0 8  0.5180614590644836
31 36 0 8  0.0017125941812992096
31 37 0 8  0.0017817524494603276
31 38 0 8  0.0017087447922676802
31 39 0 8  0.0023067304864525795
31 40 0 8  0.00860998872667551
31 41 0 8  0.013764985837042332
31 42 0 8  0.02704508975148201
31 43 0 8  0.03377595543861389
31 44 0 8  0.08290405571460724
31 45 0 8  0.021957047283649445
31 46 0 8  0.019765645265579224
32 34 0 8  0.5952447056770325
32 35 0 8  0.5742338299751282
32 36 0 8  0.5294197201728821
32 37 0 8  0.002384413732215762
32 38 0 8  0.0028537814505398273
32 39 0 8  0.007640380412340164
32 40 0 8  0.17166250944137573
32 41 0 8  0.14671629667282104
32 42 0 8  0.06844407320022583
32 43 0 8  0.04066457599401474
32 44 0 8  0.12664297223091125
32 45 0 8  0.017919152975082397
32 46 0 8  0.011141316965222359
33 35 0 8  0.5923299193382263
33 36 0 8  0.5836937427520752
33 37 0 8  0.5748645663261414
33 38 0 8  0.0063369059935212135
33 39 0 8  0.01769348233938217
33 40 0 8  0.1902092546224594
33 41 0 8  0.21455709636211395
33 42 0 8  0.06241592392325401
33 43 0 8  0.05350908637046814
33 44 0 8  0.12263092398643494
33 45 0 8  0.02484588325023651
33 46 0 8  0.029796713963150978
34 36 0 8  0.5940021276473999
34 37 0 8  0.592025101184845
34 38 0 8  0.7935444116592407
34 39 0 8  0.09971331059932709
34 40 0 8  0.20586355030536652
34 41 0 8  0.14045345783233643
34 42 0 8  0.02028719335794449
34 43 0 8  0.010581931099295616
34 44 0 8  0.04241717606782913
34 45 0 8  0.009073566645383835
34 46 0 8  0.020327262580394745
35 37 0 8  0.5950047373771667
35 38 0 8  0.5952171683311462
35 39 0 8  0.609927773475647
35 40 0 8  0.25853103399276733
35 41 0 8  0.22525432705879211
35 42 0 8  0.025324905291199684
35 43 0 8  0.007998287677764893
35 44 0 8  0.0401003360748291
35 45 0 8  0.011520512402057648
35 46 0 8  0.016768138855695724
36 38 0 8  0.5952669978141785
36 39 0 8  0.5956160426139832
36 40 0 8  0.532594621181488
36 41 0 8  0.014092078432440758
36 42 0 8  0.004174667410552502
36 43 0 8  0.003219877602532506
36 44 0 8  0.00574935507029295
36 45 0 8  0.007344946730881929
36 46 0 8  0.0198964886367321
37 39 0 8  0.5953372716903687
37 40 0 8  0.5950345993041992
37 41 0 8  0.4910094141960144
37 42 0 8  0.0045381817035377026
37 43 0 8  0.00290953041985631
37 44 0 8  0.004265289753675461
37 45 0 8  0.023167885839939117
37 46 0 8  0.07423800230026245
38 40 0 8  0.5945127606391907
38 41 0 8  0.5962881445884705
38 42 0 8  0.5709584951400757
38 43 0 8  0.003535255789756775
38 44 0 8  0.006507471203804016
38 45 0 8  0.03463185951113701
38 46 0 8  0.1487613022327423
39 41 0 8  0.5944602489471436
39 42 0 8  0.5949379205703735
39 43 0 8  0.5614604353904724
39 44 0 8  0.05047077313065529
39 45 0 8  0.13446547091007233
39 46 0 8  0.22870533168315887
40 42 0 8  0.5878940224647522
40 43 0 8  0.6028041243553162
40 44 0 8  0.9278697967529297
40 45 0 8  0.7642234563827515
40 46 0 8  0.7299990653991699
41 43 0 8  0.6070575714111328
41 44 0 8  0.9027785062789917
41 45 0 8  0.9384661912918091
41 46 0 8  0.4062833786010742
42 44 0 8  0.8712897300720215
42 45 0 8  0.8632667064666748
42 46 0 8  0.5050802826881409
43 45 0 8  0.7892636060714722
43 46 0 8  0.4356616139411926
44 46 0 8  0.2835089862346649
