1   T C 108.4 -104.0  139.7  117.8   95.7  3.2 12.7 0.884 0.028 0.088
2   T C  61.1 -109.1  140.1  121.2 -141.2 11.0 14.6 0.701 0.023 0.276
3   C C  51.7  -82.0   15.2  104.4 -134.6 14.2 16.0 0.840 0.010 0.150
4   C C  26.1 -117.7  136.8  124.1   55.2 18.1 12.9 0.961 0.001 0.039
5   P C  96.2  -78.3  -10.6   96.4 -146.6  4.8 20.1 0.979 0.015 0.006
6   S C  48.1 -118.5  153.9  130.6   62.0  6.0 16.9 0.971 0.021 0.007
7   I H 117.9  -60.9  -35.8   91.1 -117.8  4.3 16.3 0.073 0.927 0.000
8   V H  80.6  -66.2  -38.8   93.0   52.2  4.0 19.8 0.054 0.945 0.001
9   A H  15.6  -64.5  -41.8   93.3   51.2 17.4 15.7 0.027 0.972 0.001
10  R H  67.4  -62.9  -40.8   92.9   53.3 14.6 18.9 0.016 0.983 0.000
11  S H  59.3  -64.9  -39.8   92.0   51.2  3.8 23.5 0.040 0.959 0.000
12  N H  42.8  -67.0  -40.1   93.7   50.5 10.6 20.6 0.128 0.868 0.004
13  F H  22.3  -65.9  -41.2   94.3   50.7 21.1 17.5 0.160 0.802 0.038
14  N H  66.6  -66.0  -37.8   93.3   52.0 10.5 20.6 0.183 0.788 0.029
15  V H  71.9  -67.9  -37.5   93.4   50.9  6.4 21.7 0.202 0.745 0.053
16  C H  30.2  -70.9  -35.1   95.2   50.4 14.8 17.8 0.342 0.617 0.041
17  R C  72.2  -77.0  -29.4   97.0   49.7 13.8 17.2 0.482 0.440 0.078
18  L C  63.2  -91.0   17.7  103.6   54.4 11.2 15.7 0.893 0.055 0.051
19  P C  81.4  -70.3  104.8  105.2 -151.6  8.4 14.8 0.982 0.008 0.011
20  G C  57.2   81.8    0.8   99.5    6.9  2.3 16.0 0.990 0.007 0.003
21  T C  55.0  -92.1  145.9  119.5  117.3 10.3 12.7 0.986 0.007 0.007
22  S C  53.4  -74.1  152.2  116.0 -106.1  6.2 20.9 0.959 0.036 0.005
23  E H  72.8  -61.3  -34.8   92.8 -115.8 17.2 13.6 0.185 0.814 0.000
24  A H  68.1  -63.8  -38.2   92.3   56.5  4.1 19.7 0.124 0.876 0.001
25  I H  70.8  -66.6  -39.6   93.3   50.8  6.0 20.3 0.083 0.913 0.004
26  C H  11.3  -65.0  -42.5   93.3   49.8 19.2 15.2 0.082 0.915 0.003
27  A H  21.3  -63.8  -40.4   93.1   52.2 16.3 17.0 0.052 0.946 0.002
28  T H  86.0  -67.0  -36.7   92.7   51.4  3.3 21.2 0.083 0.916 0.002
29  Y H 103.0  -76.9  -32.0   95.7   45.3  8.9 19.1 0.222 0.773 0.005
30  T C  21.7  -96.9   -6.9  100.3   37.8 19.1 14.7 0.587 0.388 0.025
31  G C  39.1   82.8   11.6   98.3 -105.3  8.3 23.4 0.960 0.006 0.034
32  C C  17.5  -84.6  137.4  116.9  139.4 21.7 13.0 0.868 0.005 0.127
33  I E  57.3 -105.1  128.7  117.5 -154.5 11.8 23.7 0.331 0.008 0.662
34  I E  52.7  -94.9  122.3  114.1 -141.4 15.2 19.9 0.383 0.011 0.606
35  I C  37.2 -110.3  130.7  120.1 -168.7 17.1 14.4 0.713 0.012 0.275
36  P C  94.3  -85.5  129.1  111.4 -132.6  5.4 18.4 0.882 0.015 0.104
37  G C  46.9  103.8 -164.0  115.6   15.2  4.1 15.2 0.907 0.037 0.057
38  A C  64.3  -89.7    7.8  105.3  -52.1  8.6 14.7 0.918 0.037 0.045
39  T C  80.0 -113.8  137.8  123.7   97.3  3.9 20.4 0.799 0.021 0.180
40  C C  33.0  -76.1  137.0  114.6 -115.7 19.4 11.8 0.967 0.000 0.033
41  P C  33.5  -68.0  150.8  113.8 -103.2 14.3 14.9 0.989 0.004 0.007
42  G C  53.3  -69.1  -20.7   98.1 -112.4  4.3 16.5 0.980 0.015 0.004
43  D C 103.1  -85.7   -2.7   96.0   47.6  2.8 15.2 0.966 0.029 0.005
44  Y C  63.3  -92.0  119.0  112.9   92.5 16.5  8.2 0.956 0.012 0.032
45  A C  79.0  -83.3    6.7  103.6  174.4  3.7 14.6 0.988 0.004 0.008
46  N C 117.1  -98.4   81.5  109.6   51.6  4.4 10.1 0.997 0.002 0.001
