19 26 0.641
4 29 0.624
19 25 0.614
18 26 0.533
18 25 0.497
20 26 0.434
9 29 0.432
2 29 0.413
18 27 0.360
17 27 0.337
19 28 0.323
4 19 0.298
17 28 0.275
19 27 0.273
15 27 0.262
17 29 0.250
3 29 0.231
18 28 0.231
2 19 0.230
4 28 0.218
4 30 0.217
2 9 0.180
19 29 0.174
16 28 0.141
2 30 0.136
9 30 0.135
15 29 0.133
16 29 0.131
5 29 0.125
15 28 0.124
3 9 0.120
16 27 0.119
17 30 0.115
8 29 0.112
17 26 0.106
2 28 0.096
9 28 0.095
4 27 0.091
3 19 0.088
15 30 0.084
16 30 0.079
18 29 0.075
10 29 0.070
4 10 0.070
2 13 0.066
4 18 0.063
2 17 0.063
4 26 0.061
9 27 0.057
1 29 0.055
4 17 0.055
6 29 0.054
6 27 0.052
2 18 0.052
9 19 0.047
18 24 0.045
17 25 0.045
11 29 0.044
6 26 0.044
3 30 0.043
2 26 0.039
14 29 0.038
2 8 0.037
13 29 0.037
2 10 0.036
4 16 0.035
15 26 0.035
4 13 0.034
5 19 0.033
1 30 0.032
6 30 0.031
14 30 0.030
20 27 0.029
19 30 0.029
6 25 0.028
5 30 0.027
4 25 0.027
14 27 0.027
14 28 0.026
4 20 0.025
6 19 0.025
1 19 0.025
18 30 0.024
9 15 0.024
3 16 0.023
6 24 0.023
2 16 0.023
15 25 0.023
7 29 0.023
13 30 0.023
9 17 0.022
3 10 0.022
16 25 0.022
12 29 0.021
3 17 0.020
2 20 0.020
16 26 0.020
3 15 0.019
8 14 0.019
1 9 0.019
9 26 0.019
9 16 0.018
4 15 0.018
10 30 0.017
4 11 0.017
5 26 0.017
2 14 0.017
2 27 0.016
4 21 0.016
3 18 0.016
20 28 0.016
21 28 0.016
13 27 0.016
2 15 0.015
11 27 0.015
5 13 0.015
13 28 0.014
1 17 0.014
4 24 0.014
11 28 0.014
7 27 0.014
8 30 0.014
5 27 0.014
3 13 0.013
2 12 0.013
6 28 0.013
11 30 0.013
3 28 0.013
8 19 0.013
1 13 0.013
2 11 0.012
8 15 0.012
4 14 0.012
1 18 0.012
9 18 0.012
12 28 0.011
4 12 0.011
8 27 0.011
6 21 0.011
21 27 0.010
4 22 0.010
11 17 0.010
6 22 0.010
8 16 0.010
12 27 0.010
7 30 0.010
7 26 0.010
12 30 0.010
10 16 0.010
4 23 0.009
5 11 0.009
1 16 0.009
5 16 0.009
3 26 0.009
2 25 0.009
5 25 0.009
10 27 0.009
20 29 0.008
5 17 0.008
6 16 0.008
5 12 0.008
6 13 0.008
1 15 0.008
13 19 0.008
7 19 0.008
5 28 0.008
7 25 0.007
1 10 0.007
8 28 0.007
9 25 0.007
1 14 0.006
3 11 0.006
8 17 0.006
1 12 0.006
6 12 0.006
6 18 0.006
10 28 0.006
10 17 0.006
3 12 0.006
1 20 0.006
12 18 0.006
7 24 0.006
6 23 0.006
5 15 0.006
1 28 0.006
17 24 0.006
11 19 0.006
7 13 0.005
2 21 0.005
10 19 0.005
7 16 0.005
5 14 0.005
1 26 0.005
6 20 0.005
3 20 0.005
1 11 0.005
8 26 0.005
6 17 0.005
2 23 0.005
3 14 0.005
7 28 0.005
12 19 0.005
3 27 0.005
7 14 0.005
7 21 0.005
7 15 0.004
5 18 0.004
11 26 0.004
2 24 0.004
5 24 0.004
6 14 0.004
1 8 0.004
3 25 0.004
6 15 0.004
21 29 0.004
7 18 0.004
14 26 0.004
11 18 0.003
20 30 0.003
1 7 0.003
10 26 0.003
9 20 0.003
2 22 0.003
7 17 0.003
10 18 0.003
5 21 0.003
17 23 0.003
22 28 0.003
3 21 0.003
7 22 0.003
1 27 0.003
8 18 0.003
24 30 0.003
9 24 0.003
3 22 0.003
3 24 0.003
8 25 0.003
5 22 0.002
5 20 0.002
7 20 0.002
16 24 0.002
8 21 0.002
1 21 0.002
11 25 0.002
8 20 0.002
3 23 0.002
13 26 0.002
21 30 0.002
14 25 0.002
1 25 0.002
12 26 0.002
5 23 0.002
9 21 0.002
8 24 0.002
7 23 0.002
15 21 0.001
23 29 0.001
13 25 0.001
12 25 0.001
10 25 0.001
23 30 0.001
14 20 0.001
15 24 0.001
1 22 0.001
1 24 0.001
11 21 0.001
1 23 0.001
9 23 0.001
11 20 0.001
10 20 0.001
10 24 0.001
12 20 0.001
16 22 0.001
13 20 0.001
22 30 0.001
16 23 0.001
8 22 0.001
9 22 0.001
11 24 0.001
22 29 0.001
8 23 0.001
10 21 0.001
13 21 0.001
11 23 0.001
10 22 0.001
11 22 0.001
12 21 0.001
15 22 0.001
14 21 0.001
10 23 0.000
15 23 0.000
12 24 0.000
13 24 0.000
14 24 0.000
14 22 0.000
13 22 0.000
12 22 0.000
12 23 0.000
13 23 0.000
14 23 0.000