19	26	0	8	0.99032
20	25	0	8	0.98961
20	23	0	8	0.98332
19	25	0	8	0.98244
18	25	0	8	0.98155
18	27	0	8	0.98124
21	24	0	8	0.97848
20	24	0	8	0.97520
18	26	0	8	0.96173
17	28	0	8	0.94844
21	26	0	8	0.94541
17	27	0	8	0.93780
19	28	0	8	0.90795
16	29	0	8	0.90482
16	28	0	8	0.90426
15	29	0	8	0.88009
20	26	0	8	0.84354
14	30	0	8	0.81718
18	28	0	8	0.80869
4	28	0	8	0.78744
14	29	0	8	0.75495
4	29	0	8	0.75370
16	30	0	8	0.74707
13	29	0	8	0.72901
15	28	0	8	0.71875
19	27	0	8	0.70033
15	27	0	8	0.67147
9	29	0	8	0.66844
9	13	0	8	0.64005
2	29	0	8	0.63122
15	30	0	8	0.61396
13	30	0	8	0.61090
9	12	0	8	0.60883
17	29	0	8	0.60691
2	28	0	8	0.57996
4	27	0	8	0.57129
6	9	0	8	0.56703
2	30	0	8	0.54272
5	29	0	8	0.51055
3	28	0	8	0.48878
5	27	0	8	0.48636
2	19	0	8	0.48413
3	29	0	8	0.47141
4	26	0	8	0.45763
9	15	0	8	0.45633
9	27	0	8	0.44545
9	14	0	8	0.43912
4	19	0	8	0.42770
5	28	0	8	0.41310
4	30	0	8	0.41213
6	27	0	8	0.40876
5	26	0	8	0.39117
5	9	0	8	0.38508
10	13	0	8	0.38081
3	30	0	8	0.37788
6	26	0	8	0.37314
16	27	0	8	0.36658
7	27	0	8	0.32173
4	17	0	8	0.31300
2	17	0	8	0.30080
3	26	0	8	0.28560
21	25	0	8	0.27262
1	30	0	8	0.27241
4	9	0	8	0.25341
9	28	0	8	0.24998
4	15	0	8	0.24583
17	30	0	8	0.24306
9	30	0	8	0.23942
4	7	0	8	0.22653
6	29	0	8	0.22400
5	8	0	8	0.21730
8	27	0	8	0.21374
4	16	0	8	0.20704
3	19	0	8	0.20321
3	27	0	8	0.19994
6	28	0	8	0.19543
10	29	0	8	0.19028
8	29	0	8	0.18942
5	30	0	8	0.18922
7	26	0	8	0.18260
6	15	0	8	0.18172
7	25	0	8	0.17365
2	18	0	8	0.17237
12	29	0	8	0.17031
2	21	0	8	0.16427
7	15	0	8	0.16164
7	10	0	8	0.16071
2	16	0	8	0.15919
11	29	0	8	0.15281
4	8	0	8	0.15120
3	17	0	8	0.14466
5	15	0	8	0.14123
1	21	0	8	0.13920
2	27	0	8	0.13464
6	30	0	8	0.13188
11	14	0	8	0.13187
8	12	0	8	0.12927
8	15	0	8	0.12715
4	18	0	8	0.12539
2	9	0	8	0.12166
10	15	0	8	0.12107
7	29	0	8	0.12037
6	25	0	8	0.11588
8	11	0	8	0.11560
2	26	0	8	0.11353
1	28	0	8	0.11341
9	26	0	8	0.11284
4	14	0	8	0.11216
10	14	0	8	0.11021
8	14	0	8	0.10687
2	20	0	8	0.10659
1	19	0	8	0.10495
5	19	0	8	0.10435
12	15	0	8	0.10414
6	10	0	8	0.10406
12	30	0	8	0.10037
10	27	0	8	0.09950
6	19	0	8	0.09810
6	24	0	8	0.09748
8	13	0	8	0.09721
4	21	0	8	0.09685
13	16	0	8	0.09654
10	30	0	8	0.09401
7	28	0	8	0.09393
7	14	0	8	0.09326
8	26	0	8	0.09133
4	13	0	8	0.09129
6	21	0	8	0.08825
11	15	0	8	0.08724
15	18	0	8	0.08599
3	6	0	8	0.08474
2	5	0	8	0.08097
3	7	0	8	0.08035
1	20	0	8	0.07726
2	15	0	8	0.07702
5	17	0	8	0.07606
7	24	0	8	0.07357
7	11	0	8	0.07280
7	13	0	8	0.06993
17	26	0	8	0.06978
15	19	0	8	0.06965
8	28	0	8	0.06938
13	27	0	8	0.06932
8	25	0	8	0.06917
9	16	0	8	0.06877
7	12	0	8	0.06834
1	13	0	8	0.06802
6	14	0	8	0.06480
3	9	0	8	0.06257
11	30	0	8	0.06243
5	16	0	8	0.06208
9	19	0	8	0.06182
3	21	0	8	0.06072
11	27	0	8	0.05910
6	16	0	8	0.05895
5	10	0	8	0.05893
19	29	0	8	0.05798
3	15	0	8	0.05771
8	30	0	8	0.05736
5	13	0	8	0.05707
2	13	0	8	0.05673
7	16	0	8	0.05598
27	30	0	8	0.05583
3	8	0	8	0.05552
5	14	0	8	0.05540
7	30	0	8	0.05455
8	16	0	8	0.05425
1	17	0	8	0.05316
1	29	0	8	0.05160
2	14	0	8	0.04994
4	10	0	8	0.04850
3	18	0	8	0.04833
6	17	0	8	0.04773
1	16	0	8	0.04626
1	14	0	8	0.04562
8	19	0	8	0.04558
1	11	0	8	0.04499
14	28	0	8	0.04490
14	27	0	8	0.04487
4	20	0	8	0.04472
2	10	0	8	0.04465
2	8	0	8	0.04309
1	18	0	8	0.04271
3	20	0	8	0.04192
1	26	0	8	0.04163
4	25	0	8	0.04066
5	25	0	8	0.04059
6	13	0	8	0.04031
7	19	0	8	0.04026
3	24	0	8	0.03929
8	24	0	8	0.03820
1	27	0	8	0.03773
2	6	0	8	0.03721
19	24	0	8	0.03720
2	11	0	8	0.03655
9	25	0	8	0.03638
12	27	0	8	0.03583
8	21	0	8	0.03539
1	22	0	8	0.03445
6	12	0	8	0.03383
14	17	0	8	0.03380
1	12	0	8	0.03249
3	16	0	8	0.03239
5	11	0	8	0.03135
5	12	0	8	0.03100
1	4	0	8	0.03099
6	11	0	8	0.03059
9	17	0	8	0.03056
1	15	0	8	0.02846
2	12	0	8	0.02741
7	17	0	8	0.02733
1	10	0	8	0.02733
7	21	0	8	0.02616
10	25	0	8	0.02604
3	10	0	8	0.02559
5	18	0	8	0.02552
1	9	0	8	0.02543
10	26	0	8	0.02529
10	24	0	8	0.02519
19	30	0	8	0.02427
12	16	0	8	0.02411
2	25	0	8	0.02340
6	18	0	8	0.02303
3	14	0	8	0.02219
3	13	0	8	0.02186
4	12	0	8	0.02140
1	5	0	8	0.02131
5	21	0	8	0.02113
15	26	0	8	0.02025
11	16	0	8	0.02022
21	28	0	8	0.02021
3	25	0	8	0.01994
2	22	0	8	0.01986
4	11	0	8	0.01983
2	7	0	8	0.01975
13	28	0	8	0.01948
9	21	0	8	0.01920
10	16	0	8	0.01849
5	24	0	8	0.01821
10	19	0	8	0.01776
17	25	0	8	0.01773
1	8	0	8	0.01762
2	24	0	8	0.01739
1	24	0	8	0.01726
26	29	0	8	0.01682
8	17	0	8	0.01666
3	11	0	8	0.01606
10	28	0	8	0.01447
18	29	0	8	0.01362
15	25	0	8	0.01356
4	24	0	8	0.01350
8	20	0	8	0.01335
7	18	0	8	0.01333
6	20	0	8	0.01228
9	18	0	8	0.01211
26	30	0	8	0.01207
13	17	0	8	0.01194
7	23	0	8	0.01182
5	20	0	8	0.01181
1	23	0	8	0.01168
8	23	0	8	0.01155
8	18	0	8	0.01143
3	12	0	8	0.01123
22	26	0	8	0.01109
6	22	0	8	0.01063
1	6	0	8	0.01029
9	20	0	8	0.00999
10	20	0	8	0.00984
11	28	0	8	0.00975
1	7	0	8	0.00973
7	20	0	8	0.00949
19	23	0	8	0.00907
2	23	0	8	0.00875
9	24	0	8	0.00864
3	22	0	8	0.00855
10	21	0	8	0.00842
10	17	0	8	0.00828
14	18	0	8	0.00809
16	19	0	8	0.00790
24	27	0	8	0.00790
3	23	0	8	0.00782
16	26	0	8	0.00771
12	28	0	8	0.00765
21	30	0	8	0.00756
25	28	0	8	0.00750
7	22	0	8	0.00741
4	23	0	8	0.00735
11	17	0	8	0.00702
5	23	0	8	0.00690
14	25	0	8	0.00689
6	23	0	8	0.00667
8	22	0	8	0.00636
9	22	0	8	0.00604
1	25	0	8	0.00603
13	19	0	8	0.00602
9	23	0	8	0.00600
12	17	0	8	0.00597
18	30	0	8	0.00586
10	18	0	8	0.00585
11	19	0	8	0.00582
13	25	0	8	0.00536
14	19	0	8	0.00523
13	26	0	8	0.00521
20	30	0	8	0.00510
11	26	0	8	0.00510
22	25	0	8	0.00492
11	24	0	8	0.00481
11	25	0	8	0.00445
11	20	0	8	0.00432
4	22	0	8	0.00427
5	22	0	8	0.00426
11	18	0	8	0.00417
12	19	0	8	0.00396
18	24	0	8	0.00374
20	27	0	8	0.00369
10	23	0	8	0.00356
10	22	0	8	0.00351
14	26	0	8	0.00331
13	18	0	8	0.00324
21	27	0	8	0.00314
16	25	0	8	0.00310
22	30	0	8	0.00301
11	21	0	8	0.00298
12	18	0	8	0.00268
15	20	0	8	0.00244
19	22	0	8	0.00215
12	26	0	8	0.00204
18	21	0	8	0.00201
15	21	0	8	0.00199
23	26	0	8	0.00173
20	28	0	8	0.00171
20	29	0	8	0.00162
21	29	0	8	0.00156
12	25	0	8	0.00154
25	30	0	8	0.00154
12	20	0	8	0.00145
14	20	0	8	0.00117
17	20	0	8	0.00111
25	29	0	8	0.00111
13	20	0	8	0.00105
11	22	0	8	0.00103
11	23	0	8	0.00086
13	21	0	8	0.00084
14	21	0	8	0.00079
15	24	0	8	0.00077
22	27	0	8	0.00072
12	21	0	8	0.00071
16	20	0	8	0.00069
12	24	0	8	0.00066
23	30	0	8	0.00049
17	24	0	8	0.00049
24	30	0	8	0.00046
18	23	0	8	0.00045
22	28	0	8	0.00044
15	23	0	8	0.00044
24	28	0	8	0.00043
13	24	0	8	0.00041
17	21	0	8	0.00038
14	24	0	8	0.00036
16	21	0	8	0.00035
22	29	0	8	0.00032
18	22	0	8	0.00031
15	22	0	8	0.00030
24	29	0	8	0.00026
14	22	0	8	0.00025
14	23	0	8	0.00024
23	27	0	8	0.00023
12	22	0	8	0.00023
13	22	0	8	0.00022
12	23	0	8	0.00020
13	23	0	8	0.00016
23	28	0	8	0.00013
17	23	0	8	0.00012
16	24	0	8	0.00012
END