19 26 0.641 0.032 0.425 0.183 0.121 0.086 0.046 0.037 0.020 0.014 0.035
4 29 0.624 0.135 0.374 0.116 0.072 0.052 0.045 0.046 0.047 0.038 0.076
19 25 0.614 0.001 0.067 0.545 0.168 0.088 0.040 0.031 0.022 0.012 0.026
18 26 0.533 0.003 0.088 0.442 0.118 0.083 0.063 0.069 0.050 0.032 0.052
18 25 0.497 0.007 0.187 0.303 0.171 0.120 0.072 0.048 0.033 0.021 0.038
20 26 0.434 0.002 0.038 0.395 0.297 0.106 0.056 0.034 0.026 0.018 0.029
9 29 0.432 0.069 0.256 0.107 0.088 0.092 0.099 0.091 0.070 0.044 0.084
2 29 0.413 0.044 0.226 0.143 0.139 0.122 0.061 0.047 0.051 0.048 0.118
18 27 0.360 0.005 0.191 0.164 0.100 0.155 0.095 0.097 0.066 0.041 0.086
17 27 0.337 0.002 0.063 0.272 0.150 0.149 0.096 0.080 0.066 0.045 0.078
19 28 0.323 0.004 0.084 0.235 0.252 0.118 0.061 0.057 0.059 0.048 0.084
4 19 0.298 0.019 0.151 0.127 0.126 0.117 0.100 0.092 0.085 0.064 0.119
17 28 0.275 0.011 0.139 0.125 0.141 0.160 0.120 0.100 0.060 0.036 0.108
19 27 0.273 0.002 0.026 0.245 0.294 0.152 0.090 0.047 0.036 0.034 0.074
15 27 0.262 0.003 0.083 0.176 0.164 0.140 0.089 0.077 0.066 0.059 0.143
17 29 0.250 0.005 0.072 0.173 0.189 0.152 0.113 0.087 0.067 0.045 0.096
3 29 0.231 0.001 0.035 0.195 0.307 0.131 0.063 0.063 0.059 0.046 0.099
18 28 0.231 0.001 0.029 0.201 0.170 0.166 0.128 0.085 0.062 0.053 0.105
2 19 0.230 0.017 0.133 0.080 0.080 0.091 0.088 0.093 0.100 0.099 0.220
4 28 0.218 0.001 0.038 0.179 0.294 0.137 0.073 0.062 0.053 0.043 0.119
4 30 0.217 0.004 0.062 0.152 0.215 0.139 0.088 0.077 0.064 0.051 0.149
2 9 0.180 0.014 0.094 0.072 0.114 0.156 0.139 0.119 0.103 0.069 0.120
19 29 0.174 0.009 0.080 0.084 0.145 0.183 0.145 0.101 0.090 0.066 0.096
16 28 0.141 0.003 0.042 0.096 0.104 0.155 0.188 0.156 0.088 0.051 0.117
2 30 0.136 0.003 0.043 0.090 0.153 0.164 0.112 0.095 0.078 0.065 0.198
9 30 0.135 0.004 0.047 0.084 0.135 0.129 0.120 0.135 0.119 0.081 0.146
15 29 0.133 0.002 0.038 0.093 0.162 0.236 0.187 0.104 0.057 0.034 0.088
16 29 0.131 0.003 0.043 0.085 0.134 0.196 0.168 0.139 0.085 0.046 0.100
5 29 0.125 0.001 0.015 0.108 0.341 0.160 0.084 0.068 0.058 0.044 0.120
15 28 0.124 0.002 0.030 0.093 0.211 0.224 0.122 0.091 0.070 0.047 0.111
3 9 0.120 0.001 0.019 0.100 0.216 0.214 0.118 0.113 0.081 0.056 0.082
16 27 0.119 0.001 0.025 0.092 0.201 0.227 0.111 0.089 0.069 0.054 0.130
17 30 0.115 0.003 0.037 0.076 0.145 0.156 0.146 0.138 0.103 0.065 0.131
8 29 0.112 0.001 0.012 0.099 0.258 0.145 0.114 0.112 0.082 0.053 0.124
17 26 0.106 0.002 0.021 0.083 0.414 0.166 0.077 0.076 0.058 0.043 0.061
2 28 0.096 0.001 0.015 0.081 0.242 0.215 0.129 0.082 0.054 0.041 0.142
9 28 0.095 0.001 0.011 0.084 0.246 0.179 0.119 0.100 0.080 0.056 0.125
4 27 0.091 0.001 0.016 0.074 0.257 0.224 0.109 0.086 0.071 0.052 0.110
3 19 0.088 0.000 0.011 0.076 0.173 0.136 0.088 0.097 0.099 0.098 0.222
15 30 0.084 0.002 0.025 0.058 0.111 0.178 0.193 0.148 0.090 0.054 0.143
16 30 0.079 0.001 0.018 0.059 0.110 0.148 0.159 0.152 0.116 0.078 0.160
18 29 0.075 0.001 0.013 0.062 0.198 0.263 0.139 0.106 0.082 0.054 0.084
10 29 0.070 0.000 0.007 0.063 0.193 0.152 0.131 0.135 0.112 0.074 0.133
4 10 0.070 0.001 0.011 0.059 0.186 0.224 0.164 0.135 0.092 0.056 0.074
2 13 0.066 0.005 0.033 0.028 0.054 0.117 0.176 0.180 0.139 0.091 0.177
4 18 0.063 0.000 0.009 0.053 0.161 0.190 0.153 0.132 0.095 0.068 0.137
2 17 0.063 0.001 0.015 0.047 0.139 0.187 0.137 0.113 0.096 0.075 0.189
4 26 0.061 0.001 0.013 0.047 0.170 0.232 0.176 0.118 0.079 0.053 0.111
9 27 0.057 0.000 0.008 0.048 0.225 0.260 0.139 0.085 0.066 0.050 0.118
1 29 0.055 0.000 0.009 0.046 0.164 0.171 0.120 0.108 0.084 0.071 0.227
4 17 0.055 0.001 0.013 0.040 0.143 0.195 0.155 0.121 0.101 0.073 0.157
6 29 0.054 0.000 0.008 0.046 0.254 0.255 0.112 0.077 0.061 0.048 0.139
6 27 0.052 0.001 0.010 0.042 0.119 0.202 0.200 0.152 0.091 0.053 0.130
2 18 0.052 0.000 0.005 0.046 0.131 0.155 0.117 0.132 0.117 0.094 0.202
9 19 0.047 0.002 0.019 0.026 0.060 0.132 0.212 0.201 0.134 0.078 0.135
18 24 0.045 0.000 0.007 0.038 0.202 0.512 0.102 0.046 0.034 0.019 0.041
17 25 0.045 0.001 0.010 0.034 0.235 0.424 0.114 0.068 0.043 0.024 0.047
11 29 0.044 0.000 0.006 0.038 0.166 0.193 0.151 0.124 0.103 0.075 0.144
6 26 0.044 0.000 0.010 0.034 0.090 0.142 0.165 0.175 0.138 0.091 0.154
3 30 0.043 0.000 0.008 0.034 0.114 0.222 0.185 0.120 0.081 0.060 0.176
2 26 0.039 0.000 0.006 0.032 0.136 0.195 0.206 0.153 0.092 0.057 0.122
14 29 0.038 0.000 0.008 0.030 0.116 0.206 0.216 0.182 0.095 0.046 0.100
2 8 0.037 0.000 0.005 0.032 0.141 0.183 0.157 0.173 0.132 0.090 0.087
13 29 0.037 0.001 0.009 0.028 0.110 0.191 0.198 0.167 0.105 0.060 0.132
2 10 0.036 0.000 0.007 0.029 0.075 0.133 0.174 0.185 0.154 0.099 0.144
4 16 0.035 0.000 0.008 0.027 0.086 0.145 0.182 0.185 0.134 0.086 0.147
15 26 0.035 0.000 0.006 0.029 0.131 0.273 0.187 0.135 0.079 0.052 0.108
4 13 0.034 0.000 0.007 0.027 0.087 0.144 0.190 0.181 0.131 0.088 0.146
5 19 0.033 0.000 0.005 0.029 0.124 0.168 0.143 0.133 0.116 0.090 0.192
1 30 0.032 0.000 0.009 0.023 0.056 0.125 0.147 0.134 0.103 0.082 0.320
6 30 0.031 0.000 0.007 0.024 0.072 0.169 0.218 0.153 0.100 0.071 0.186
14 30 0.030 0.000 0.006 0.024 0.074 0.145 0.179 0.183 0.138 0.082 0.168
20 27 0.029 0.000 0.007 0.022 0.134 0.476 0.146 0.084 0.052 0.025 0.054
19 30 0.029 0.000 0.006 0.023 0.098 0.167 0.190 0.160 0.113 0.088 0.156
6 25 0.028 0.000 0.005 0.023 0.067 0.130 0.157 0.162 0.139 0.107 0.210
5 30 0.027 0.000 0.005 0.022 0.100 0.216 0.209 0.130 0.086 0.063 0.169
4 25 0.027 0.000 0.005 0.022 0.111 0.206 0.204 0.153 0.096 0.064 0.139
14 27 0.027 0.000 0.006 0.021 0.084 0.223 0.188 0.142 0.103 0.075 0.158
14 28 0.026 0.000 0.007 0.019 0.061 0.170 0.243 0.190 0.110 0.068 0.132
4 20 0.025 0.000 0.003 0.022 0.114 0.171 0.146 0.137 0.121 0.092 0.193
6 19 0.025 0.000 0.003 0.022 0.108 0.190 0.174 0.136 0.105 0.080 0.181
1 19 0.025 0.000 0.004 0.021 0.077 0.115 0.102 0.107 0.094 0.093 0.386
18 30 0.024 0.000 0.005 0.019 0.080 0.213 0.223 0.158 0.100 0.069 0.133
9 15 0.024 0.000 0.005 0.019 0.075 0.176 0.192 0.200 0.150 0.093 0.091
3 16 0.023 0.000 0.006 0.017 0.045 0.099 0.150 0.187 0.164 0.108 0.225
6 24 0.023 0.000 0.005 0.019 0.050 0.087 0.112 0.134 0.142 0.132 0.320
2 16 0.023 0.000 0.004 0.019 0.073 0.166 0.178 0.158 0.120 0.083 0.200
15 25 0.023 0.000 0.004 0.019 0.074 0.165 0.198 0.186 0.127 0.085 0.142
7 29 0.023 0.000 0.003 0.020 0.164 0.256 0.196 0.124 0.071 0.046 0.119
13 30 0.023 0.000 0.005 0.017 0.058 0.116 0.169 0.192 0.149 0.096 0.198
9 17 0.022 0.000 0.004 0.018 0.079 0.142 0.178 0.181 0.142 0.089 0.167
3 10 0.022 0.000 0.005 0.017 0.056 0.152 0.235 0.214 0.127 0.068 0.126
16 25 0.022 0.000 0.005 0.017 0.055 0.167 0.318 0.196 0.082 0.051 0.109
12 29 0.021 0.000 0.004 0.017 0.085 0.187 0.218 0.165 0.105 0.067 0.152
3 17 0.020 0.000 0.003 0.017 0.058 0.145 0.165 0.161 0.122 0.092 0.237
2 20 0.020 0.000 0.002 0.017 0.087 0.123 0.119 0.125 0.120 0.108 0.299
16 26 0.020 0.000 0.005 0.015 0.070 0.346 0.239 0.120 0.072 0.043 0.091
3 15 0.019 0.000 0.006 0.013 0.033 0.092 0.171 0.205 0.151 0.097 0.232
8 14 0.019 0.000 0.003 0.015 0.061 0.130 0.149 0.196 0.186 0.133 0.126
1 9 0.019 0.000 0.003 0.015 0.068 0.107 0.147 0.169 0.146 0.114 0.231
9 26 0.019 0.000 0.003 0.015 0.085 0.204 0.246 0.177 0.101 0.060 0.107
9 16 0.018 0.000 0.004 0.014 0.071 0.183 0.208 0.193 0.132 0.082 0.112
4 15 0.018 0.000 0.004 0.014 0.063 0.132 0.178 0.199 0.148 0.095 0.168
10 30 0.017 0.000 0.004 0.013 0.058 0.141 0.197 0.181 0.129 0.086 0.191
4 11 0.017 0.000 0.003 0.014 0.097 0.197 0.186 0.166 0.128 0.086 0.124
5 26 0.017 0.000 0.003 0.013 0.058 0.144 0.211 0.225 0.151 0.077 0.118
2 14 0.017 0.000 0.002 0.014 0.064 0.127 0.176 0.181 0.151 0.104 0.180
2 27 0.016 0.000 0.002 0.014 0.119 0.269 0.212 0.147 0.085 0.048 0.103
4 21 0.016 0.000 0.002 0.014 0.084 0.150 0.152 0.135 0.118 0.097 0.247
3 18 0.016 0.000 0.004 0.012 0.040 0.136 0.193 0.165 0.123 0.089 0.237
20 28 0.016 0.000 0.003 0.013 0.083 0.337 0.302 0.107 0.055 0.034 0.065
21 28 0.016 0.000 0.002 0.013 0.076 0.195 0.268 0.222 0.106 0.049 0.068
13 27 0.016 0.000 0.003 0.012 0.066 0.169 0.205 0.167 0.114 0.082 0.182
2 15 0.015 0.000 0.003 0.012 0.077 0.155 0.166 0.155 0.131 0.097 0.205
11 27 0.015 0.000 0.003 0.012 0.050 0.126 0.198 0.215 0.150 0.089 0.157
5 13 0.015 0.000 0.003 0.012 0.050 0.112 0.179 0.200 0.168 0.118 0.159
13 28 0.014 0.000 0.003 0.011 0.050 0.130 0.210 0.209 0.137 0.081 0.168
1 17 0.014 0.000 0.003 0.012 0.042 0.122 0.151 0.143 0.116 0.092 0.320
4 24 0.014 0.000 0.003 0.011 0.060 0.160 0.227 0.187 0.119 0.075 0.157
11 28 0.014 0.000 0.003 0.012 0.055 0.157 0.228 0.187 0.120 0.079 0.159
7 27 0.014 0.000 0.003 0.011 0.042 0.100 0.195 0.244 0.175 0.091 0.139
8 30 0.014 0.000 0.002 0.011 0.070 0.148 0.187 0.166 0.124 0.088 0.203
5 27 0.014 0.000 0.003 0.011 0.068 0.209 0.261 0.190 0.099 0.054 0.106
3 13 0.013 0.000 0.002 0.011 0.049 0.104 0.163 0.193 0.154 0.108 0.216
2 12 0.013 0.000 0.002 0.011 0.050 0.099 0.163 0.181 0.152 0.119 0.221
6 28 0.013 0.000 0.003 0.010 0.052 0.184 0.265 0.188 0.098 0.057 0.141
11 30 0.013 0.000 0.003 0.010 0.050 0.130 0.196 0.189 0.137 0.087 0.198
3 28 0.013 0.000 0.002 0.011 0.071 0.252 0.279 0.127 0.064 0.044 0.149
8 19 0.013 0.000 0.002 0.011 0.053 0.113 0.190 0.216 0.159 0.100 0.157
1 13 0.013 0.000 0.003 0.010 0.031 0.050 0.090 0.144 0.159 0.145 0.370
2 11 0.012 0.000 0.002 0.010 0.050 0.111 0.168 0.194 0.164 0.114 0.186
8 15 0.012 0.000 0.003 0.009 0.030 0.074 0.123 0.189 0.196 0.159 0.216
4 14 0.012 0.000 0.002 0.010 0.051 0.146 0.219 0.200 0.133 0.084 0.155
1 18 0.012 0.000 0.002 0.009 0.042 0.122 0.150 0.135 0.110 0.095 0.335
9 18 0.012 0.000 0.002 0.010 0.057 0.136 0.185 0.202 0.165 0.109 0.135
12 28 0.011 0.000 0.003 0.009 0.043 0.117 0.196 0.225 0.156 0.091 0.161
4 12 0.011 0.000 0.002 0.009 0.058 0.150 0.213 0.186 0.138 0.098 0.146
8 27 0.011 0.000 0.002 0.009 0.055 0.148 0.217 0.204 0.132 0.078 0.156
6 21 0.011 0.000 0.002 0.009 0.038 0.090 0.139 0.163 0.146 0.122 0.290
21 27 0.010 0.000 0.002 0.008 0.050 0.248 0.344 0.175 0.093 0.040 0.040
4 22 0.010 0.000 0.001 0.009 0.054 0.115 0.162 0.170 0.142 0.111 0.236
11 17 0.010 0.000 0.002 0.009 0.044 0.131 0.176 0.204 0.175 0.115 0.144
6 22 0.010 0.000 0.002 0.009 0.034 0.065 0.105 0.146 0.156 0.141 0.344
8 16 0.010 0.000 0.003 0.007 0.021 0.052 0.119 0.202 0.214 0.173 0.209
12 27 0.010 0.000 0.002 0.008 0.038 0.100 0.174 0.209 0.169 0.113 0.186
7 30 0.010 0.000 0.002 0.008 0.052 0.142 0.181 0.195 0.148 0.086 0.186
7 26 0.010 0.000 0.002 0.008 0.032 0.083 0.153 0.202 0.193 0.144 0.182
12 30 0.010 0.000 0.002 0.008 0.033 0.098 0.187 0.215 0.161 0.099 0.198
10 16 0.010 0.000 0.002 0.008 0.044 0.177 0.214 0.205 0.149 0.098 0.104
4 23 0.009 0.000 0.002 0.008 0.047 0.126 0.188 0.195 0.150 0.101 0.184
5 11 0.009 0.000 0.002 0.007 0.042 0.155 0.204 0.205 0.162 0.114 0.108
1 16 0.009 0.000 0.002 0.007 0.027 0.071 0.112 0.153 0.145 0.120 0.364
5 16 0.009 0.000 0.002 0.007 0.029 0.084 0.160 0.208 0.186 0.134 0.190
3 26 0.009 0.000 0.001 0.007 0.043 0.140 0.197 0.231 0.154 0.080 0.146
2 25 0.009 0.000 0.001 0.007 0.045 0.132 0.207 0.212 0.155 0.096 0.145
5 25 0.009 0.000 0.002 0.007 0.036 0.107 0.180 0.217 0.170 0.109 0.172
10 27 0.009 0.000 0.001 0.007 0.047 0.161 0.237 0.207 0.122 0.072 0.147
20 29 0.008 0.000 0.001 0.007 0.051 0.134 0.185 0.253 0.180 0.082 0.107
5 17 0.008 0.000 0.001 0.007 0.032 0.095 0.182 0.208 0.161 0.114 0.200
6 16 0.008 0.000 0.002 0.007 0.027 0.072 0.139 0.207 0.204 0.153 0.190
5 12 0.008 0.000 0.002 0.007 0.035 0.095 0.170 0.218 0.179 0.127 0.167
6 13 0.008 0.000 0.001 0.007 0.046 0.123 0.181 0.218 0.162 0.109 0.154
1 15 0.008 0.000 0.002 0.006 0.025 0.068 0.106 0.149 0.151 0.129 0.365
13 19 0.008 0.000 0.002 0.006 0.034 0.111 0.182 0.246 0.206 0.125 0.088
7 19 0.008 0.000 0.001 0.006 0.044 0.133 0.209 0.198 0.143 0.095 0.169
5 28 0.008 0.000 0.001 0.006 0.043 0.215 0.301 0.160 0.082 0.057 0.135
7 25 0.007 0.000 0.001 0.006 0.029 0.078 0.132 0.171 0.171 0.148 0.265
1 10 0.007 0.000 0.002 0.005 0.019 0.055 0.102 0.158 0.185 0.161 0.313
8 28 0.007 0.000 0.001 0.005 0.045 0.198 0.251 0.162 0.106 0.069 0.163
9 25 0.007 0.000 0.001 0.006 0.039 0.136 0.225 0.218 0.148 0.090 0.136
1 14 0.006 0.000 0.002 0.005 0.019 0.050 0.094 0.139 0.161 0.143 0.388
3 11 0.006 0.000 0.001 0.005 0.024 0.081 0.193 0.246 0.175 0.107 0.167
8 17 0.006 0.000 0.001 0.005 0.024 0.067 0.130 0.190 0.191 0.150 0.242
1 12 0.006 0.000 0.002 0.005 0.017 0.042 0.077 0.130 0.162 0.151 0.415
6 12 0.006 0.000 0.001 0.005 0.027 0.090 0.171 0.243 0.208 0.133 0.122
6 18 0.006 0.000 0.001 0.005 0.026 0.089 0.176 0.213 0.169 0.113 0.208
10 28 0.006 0.000 0.001 0.005 0.035 0.154 0.253 0.190 0.128 0.083 0.151
10 17 0.006 0.000 0.001 0.005 0.030 0.110 0.196 0.236 0.169 0.092 0.162
3 12 0.006 0.000 0.001 0.005 0.024 0.071 0.156 0.224 0.195 0.131 0.193
1 20 0.006 0.000 0.001 0.005 0.019 0.057 0.116 0.151 0.143 0.122 0.386
12 18 0.006 0.000 0.001 0.005 0.024 0.071 0.130 0.208 0.224 0.185 0.153
7 24 0.006 0.000 0.001 0.005 0.027 0.069 0.110 0.141 0.152 0.145 0.351
6 23 0.006 0.000 0.001 0.005 0.022 0.064 0.122 0.152 0.154 0.140 0.341
5 15 0.006 0.000 0.001 0.005 0.022 0.067 0.148 0.221 0.201 0.142 0.193
1 28 0.006 0.000 0.001 0.004 0.026 0.122 0.201 0.177 0.115 0.085 0.268
17 24 0.006 0.000 0.001 0.004 0.031 0.093 0.316 0.407 0.063 0.031 0.054
11 19 0.006 0.000 0.001 0.005 0.026 0.082 0.162 0.201 0.188 0.144 0.191
7 13 0.005 0.000 0.001 0.004 0.030 0.114 0.168 0.201 0.169 0.128 0.185
2 21 0.005 0.000 0.001 0.005 0.039 0.115 0.145 0.135 0.119 0.103 0.338
10 19 0.005 0.000 0.001 0.005 0.026 0.065 0.130 0.220 0.222 0.154 0.178
7 16 0.005 0.000 0.001 0.004 0.018 0.046 0.099 0.171 0.207 0.182 0.272
5 14 0.005 0.000 0.001 0.004 0.023 0.078 0.166 0.237 0.197 0.125 0.170
1 26 0.005 0.000 0.001 0.004 0.020 0.065 0.143 0.202 0.186 0.132 0.246
6 20 0.005 0.000 0.001 0.004 0.027 0.094 0.181 0.199 0.154 0.109 0.230
3 20 0.005 0.000 0.001 0.004 0.029 0.124 0.185 0.161 0.122 0.090 0.285
1 11 0.005 0.000 0.001 0.004 0.013 0.041 0.092 0.150 0.179 0.161 0.358
8 26 0.005 0.000 0.001 0.004 0.023 0.075 0.177 0.232 0.189 0.127 0.172
6 17 0.005 0.000 0.001 0.004 0.022 0.075 0.165 0.228 0.199 0.129 0.178
2 23 0.005 0.000 0.001 0.004 0.027 0.086 0.153 0.183 0.168 0.126 0.251
3 14 0.005 0.000 0.001 0.004 0.024 0.093 0.177 0.201 0.156 0.107 0.237
7 28 0.005 0.000 0.001 0.004 0.024 0.092 0.241 0.266 0.158 0.078 0.136
12 19 0.005 0.000 0.001 0.004 0.028 0.087 0.155 0.210 0.194 0.145 0.175
3 27 0.005 0.000 0.001 0.004 0.028 0.147 0.270 0.223 0.111 0.063 0.153
7 14 0.005 0.000 0.001 0.004 0.024 0.079 0.129 0.201 0.196 0.147 0.220
7 21 0.005 0.000 0.001 0.003 0.015 0.046 0.104 0.156 0.173 0.161 0.341
7 15 0.004 0.000 0.001 0.004 0.016 0.045 0.105 0.180 0.208 0.186 0.255
5 18 0.004 0.000 0.001 0.003 0.024 0.103 0.199 0.209 0.155 0.102 0.203
11 26 0.004 0.000 0.001 0.003 0.016 0.050 0.118 0.209 0.235 0.175 0.193
2 24 0.004 0.000 0.001 0.004 0.027 0.096 0.190 0.211 0.170 0.118 0.183
5 24 0.004 0.000 0.001 0.003 0.023 0.076 0.143 0.190 0.174 0.133 0.258
6 14 0.004 0.000 0.001 0.003 0.018 0.066 0.156 0.230 0.210 0.148 0.167
1 8 0.004 0.000 0.001 0.003 0.016 0.065 0.148 0.209 0.180 0.138 0.240
3 25 0.004 0.000 0.001 0.003 0.019 0.069 0.150 0.221 0.196 0.135 0.206
6 15 0.004 0.000 0.001 0.003 0.016 0.053 0.131 0.219 0.217 0.164 0.196
21 29 0.004 0.000 0.001 0.003 0.024 0.092 0.173 0.207 0.195 0.153 0.152
7 18 0.004 0.000 0.001 0.003 0.016 0.051 0.124 0.224 0.212 0.142 0.227
14 26 0.004 0.000 0.001 0.003 0.019 0.073 0.189 0.276 0.186 0.106 0.146
11 18 0.003 0.000 0.001 0.003 0.021 0.073 0.134 0.217 0.203 0.155 0.193
20 30 0.003 0.000 0.001 0.003 0.014 0.050 0.136 0.232 0.237 0.153 0.173
1 7 0.003 0.000 0.001 0.003 0.012 0.044 0.107 0.187 0.236 0.219 0.192
10 26 0.003 0.000 0.001 0.003 0.017 0.062 0.150 0.243 0.224 0.145 0.157
9 20 0.003 0.000 0.000 0.003 0.018 0.065 0.138 0.199 0.193 0.151 0.233
2 22 0.003 0.000 0.000 0.003 0.020 0.074 0.148 0.163 0.143 0.120 0.329
7 17 0.003 0.000 0.001 0.002 0.014 0.049 0.119 0.191 0.211 0.169 0.244
10 18 0.003 0.000 0.001 0.002 0.013 0.050 0.142 0.233 0.213 0.149 0.198
5 21 0.003 0.000 0.000 0.003 0.020 0.075 0.158 0.187 0.158 0.120 0.278
17 23 0.003 0.000 0.001 0.002 0.018 0.068 0.194 0.384 0.223 0.049 0.062
22 28 0.003 0.000 0.001 0.002 0.013 0.052 0.139 0.263 0.307 0.166 0.056
3 21 0.003 0.000 0.000 0.002 0.020 0.074 0.163 0.187 0.138 0.104 0.311
7 22 0.003 0.000 0.001 0.002 0.012 0.037 0.082 0.129 0.160 0.167 0.411
1 27 0.003 0.000 0.001 0.002 0.012 0.048 0.139 0.243 0.205 0.124 0.228
8 18 0.003 0.000 0.000 0.002 0.017 0.076 0.153 0.200 0.186 0.144 0.221
24 30 0.003 0.000 0.001 0.002 0.008 0.029 0.047 0.096 0.183 0.434 0.200
9 24 0.003 0.000 0.000 0.002 0.017 0.068 0.163 0.222 0.198 0.142 0.189
3 22 0.003 0.000 0.000 0.002 0.013 0.044 0.101 0.172 0.183 0.149 0.335
3 24 0.003 0.000 0.000 0.002 0.013 0.053 0.132 0.210 0.195 0.143 0.251
8 25 0.003 0.000 0.000 0.002 0.013 0.054 0.140 0.195 0.191 0.153 0.252
5 22 0.002 0.000 0.000 0.002 0.015 0.050 0.112 0.169 0.173 0.148 0.330
5 20 0.002 0.000 0.000 0.002 0.015 0.073 0.194 0.219 0.153 0.105 0.238
7 20 0.002 0.000 0.000 0.002 0.014 0.051 0.123 0.190 0.198 0.158 0.264
16 24 0.002 0.000 0.000 0.002 0.010 0.038 0.104 0.282 0.326 0.134 0.103
8 21 0.002 0.000 0.000 0.002 0.009 0.029 0.076 0.138 0.172 0.177 0.396
1 21 0.002 0.000 0.000 0.002 0.009 0.031 0.083 0.147 0.155 0.136 0.438
11 25 0.002 0.000 0.000 0.002 0.010 0.035 0.092 0.166 0.208 0.203 0.284
8 20 0.002 0.000 0.000 0.002 0.010 0.039 0.106 0.177 0.201 0.175 0.290
3 23 0.002 0.000 0.000 0.002 0.012 0.046 0.117 0.187 0.182 0.142 0.312
13 26 0.002 0.000 0.000 0.002 0.012 0.050 0.134 0.236 0.219 0.143 0.205
21 30 0.002 0.000 0.000 0.002 0.007 0.027 0.082 0.165 0.208 0.206 0.302
14 25 0.002 0.000 0.000 0.002 0.010 0.046 0.130 0.225 0.234 0.169 0.185
1 25 0.002 0.000 0.000 0.001 0.007 0.027 0.081 0.168 0.205 0.178 0.332
12 26 0.002 0.000 0.000 0.001 0.008 0.030 0.096 0.201 0.242 0.195 0.226
5 23 0.002 0.000 0.000 0.001 0.009 0.033 0.092 0.172 0.187 0.151 0.354
9 21 0.002 0.000 0.000 0.002 0.010 0.041 0.100 0.152 0.174 0.170 0.351
8 24 0.002 0.000 0.000 0.001 0.012 0.044 0.107 0.165 0.184 0.169 0.316
7 23 0.002 0.000 0.000 0.001 0.008 0.028 0.081 0.142 0.172 0.172 0.396
15 21 0.001 0.000 0.000 0.001 0.007 0.030 0.072 0.170 0.252 0.291 0.177
23 29 0.001 0.000 0.000 0.001 0.008 0.032 0.068 0.159 0.247 0.366 0.119
13 25 0.001 0.000 0.000 0.001 0.008 0.035 0.099 0.178 0.214 0.197 0.266
12 25 0.001 0.000 0.000 0.001 0.006 0.023 0.070 0.149 0.204 0.214 0.333
10 25 0.001 0.000 0.000 0.001 0.007 0.031 0.099 0.198 0.227 0.185 0.252
23 30 0.001 0.000 0.000 0.001 0.006 0.020 0.043 0.088 0.143 0.225 0.475
14 20 0.001 0.000 0.000 0.001 0.009 0.042 0.095 0.189 0.261 0.260 0.143
15 24 0.001 0.000 0.000 0.001 0.007 0.036 0.119 0.236 0.232 0.171 0.198
1 22 0.001 0.000 0.000 0.001 0.006 0.022 0.062 0.121 0.159 0.158 0.472
1 24 0.001 0.000 0.000 0.001 0.005 0.022 0.071 0.158 0.194 0.170 0.378
11 21 0.001 0.000 0.000 0.001 0.004 0.014 0.041 0.090 0.139 0.174 0.536
1 23 0.001 0.000 0.000 0.001 0.005 0.020 0.062 0.121 0.157 0.161 0.473
9 23 0.001 0.000 0.000 0.001 0.007 0.030 0.106 0.192 0.215 0.182 0.268
11 20 0.001 0.000 0.000 0.001 0.006 0.021 0.068 0.139 0.180 0.190 0.394
10 20 0.001 0.000 0.000 0.001 0.005 0.019 0.061 0.134 0.183 0.191 0.405
10 24 0.001 0.000 0.000 0.001 0.005 0.022 0.067 0.139 0.188 0.200 0.378
12 20 0.001 0.000 0.000 0.001 0.004 0.016 0.057 0.128 0.185 0.205 0.404
16 22 0.001 0.000 0.000 0.001 0.004 0.018 0.045 0.096 0.168 0.340 0.329
13 20 0.001 0.000 0.000 0.001 0.006 0.027 0.077 0.161 0.204 0.211 0.313
22 30 0.001 0.000 0.000 0.001 0.004 0.014 0.043 0.090 0.138 0.179 0.531
16 23 0.001 0.000 0.000 0.001 0.005 0.019 0.055 0.144 0.233 0.295 0.247
8 22 0.001 0.000 0.000 0.001 0.004 0.016 0.054 0.113 0.165 0.192 0.456
9 22 0.001 0.000 0.000 0.001 0.005 0.022 0.076 0.142 0.181 0.186 0.388
11 24 0.001 0.000 0.000 0.001 0.004 0.017 0.056 0.122 0.174 0.197 0.430
22 29 0.001 0.000 0.000 0.001 0.005 0.026 0.073 0.138 0.179 0.228 0.349
8 23 0.001 0.000 0.000 0.001 0.004 0.018 0.062 0.138 0.195 0.201 0.381
10 21 0.001 0.000 0.000 0.001 0.003 0.012 0.043 0.098 0.144 0.171 0.528
13 21 0.001 0.000 0.000 0.001 0.004 0.016 0.054 0.110 0.158 0.188 0.470
11 23 0.001 0.000 0.000 0.000 0.003 0.014 0.044 0.084 0.130 0.173 0.551
10 22 0.001 0.000 0.000 0.000 0.003 0.012 0.039 0.086 0.133 0.166 0.560
11 22 0.001 0.000 0.000 0.000 0.003 0.012 0.035 0.074 0.119 0.163 0.592
12 21 0.001 0.000 0.000 0.000 0.002 0.009 0.031 0.078 0.134 0.174 0.572
15 22 0.001 0.000 0.000 0.000 0.003 0.012 0.042 0.111 0.184 0.244 0.403
14 21 0.001 0.000 0.000 0.000 0.003 0.016 0.055 0.132 0.190 0.218 0.385
10 23 0.000 0.000 0.000 0.000 0.003 0.013 0.048 0.103 0.154 0.189 0.489
15 23 0.000 0.000 0.000 0.000 0.002 0.011 0.053 0.149 0.224 0.224 0.336
12 24 0.000 0.000 0.000 0.000 0.002 0.009 0.034 0.088 0.155 0.208 0.502
13 24 0.000 0.000 0.000 0.000 0.002 0.009 0.038 0.109 0.192 0.233 0.416
14 24 0.000 0.000 0.000 0.000 0.002 0.010 0.047 0.153 0.231 0.227 0.330
14 22 0.000 0.000 0.000 0.000 0.002 0.007 0.029 0.084 0.149 0.200 0.530
13 22 0.000 0.000 0.000 0.000 0.002 0.006 0.023 0.067 0.137 0.199 0.566
12 22 0.000 0.000 0.000 0.000 0.001 0.005 0.019 0.052 0.099 0.151 0.673
12 23 0.000 0.000 0.000 0.000 0.001 0.005 0.021 0.058 0.112 0.169 0.632
13 23 0.000 0.000 0.000 0.000 0.001 0.005 0.025 0.074 0.144 0.202 0.549
14 23 0.000 0.000 0.000 0.000 0.001 0.006 0.028 0.092 0.174 0.218 0.481
END