5	13	5_R	13_E	0.2637	2.359	1.000
9	13	9_C	13_E	0.1988	1.779	0.991
13	19	13_E	19_C	0.1796	1.606	0.979
1	28	1_D	28_F	0.1692	1.514	0.966
20	25	20_I	25_L	0.1689	1.511	0.966
15	27	15_R	27_A	0.1550	1.386	0.937
6	24	6_I	24_R	0.1330	1.190	0.846
4	30	4_C	30_C	0.1306	1.168	0.831
7	27	7_P	27_A	0.1301	1.164	0.828
25	28	25_L	28_F	0.1279	1.144	0.813
18	28	18_T	28_F	0.1249	1.117	0.791
4	23	4_C	23_G	0.1249	1.117	0.791
2	5	2_C	5_R	0.1222	1.093	0.770
15	26	15_R	26_W	0.1220	1.092	0.769
11	14	11_A	14_R	0.1186	1.061	0.739
10	20	10_I	20_I	0.1179	1.054	0.732
4	17	4_C	17_G	0.1132	1.013	0.690
2	30	2_C	30_C	0.1124	1.005	0.681
16	26	16_Y	26_W	0.1116	0.998	0.673
16	23	16_Y	23_G	0.1102	0.986	0.659
9	19	9_C	19_C	0.1091	0.976	0.648
14	17	14_R	17_G	0.1064	0.952	0.619
11	26	11_A	26_W	0.1061	0.950	0.617
6	26	6_I	26_W	0.1052	0.941	0.606
2	13	2_C	13_E	0.1017	0.910	0.568
3	7	3_Y	7_P	0.1000	0.895	0.549
22	25	22_Q	25_L	0.0944	0.844	0.484
4	13	4_C	13_E	0.0930	0.832	0.468
17	30	17_G	30_C	0.0918	0.821	0.454
1	5	1_D	5_R	0.0898	0.803	0.432
13	30	13_E	30_C	0.0896	0.801	0.429
7	24	7_P	24_R	0.0892	0.798	0.426
10	21	10_I	21_Y	0.0885	0.791	0.417
16	22	16_Y	22_Q	0.0868	0.777	0.400
18	25	18_T	25_L	0.0860	0.769	0.390
11	18	11_A	18_T	0.0850	0.760	0.379
1	11	1_D	11_A	0.0804	0.719	0.331
18	27	18_T	27_A	0.0776	0.694	0.303
6	22	6_I	22_Q	0.0775	0.694	0.303
10	22	10_I	22_Q	0.0771	0.690	0.299
3	15	3_Y	15_R	0.0742	0.664	0.272
7	10	7_P	10_I	0.0726	0.650	0.258
3	26	3_Y	26_W	0.0718	0.643	0.251
1	21	1_D	21_Y	0.0715	0.640	0.248
5	30	5_R	30_C	0.0702	0.628	0.237
