1 3 0 8  0.23766501247882843
1 4 0 8  0.3200181722640991
1 5 0 8  0.360862672328949
1 6 0 8  0.004468733444809914
1 7 0 8  0.0038934508338570595
1 8 0 8  0.012864528223872185
1 9 0 8  0.15979382395744324
1 10 0 8  0.010784359648823738
1 11 0 8  0.0033223475329577923
1 12 0 8  0.018648963421583176
1 13 0 8  0.15680313110351562
1 14 0 8  0.024388927966356277
1 15 0 8  0.05559073016047478
1 16 0 8  0.07610882818698883
1 17 0 8  0.24649469554424286
1 18 0 8  0.1104370653629303
1 19 0 8  0.07367607951164246
1 20 0 8  0.0499274842441082
1 21 0 8  0.07686781138181686
1 22 0 8  0.01065679732710123
1 23 0 8  0.002563707996159792
1 24 0 8  0.0023857152555137873
1 25 0 8  0.0016484210500493646
1 26 0 8  0.0026691462844610214
1 27 0 8  0.003620490897446871
1 28 0 8  0.007033142261207104
1 29 0 8  0.05650047957897186
1 30 0 8  0.03839704394340515
2 4 0 8  0.5703344345092773
2 5 0 8  0.550418496131897
2 6 0 8  0.480610728263855
2 7 0 8  0.03967133164405823
2 8 0 8  0.023106254637241364
2 9 0 8  0.4313502907752991
2 10 0 8  0.02973572537302971
2 11 0 8  0.0032854401506483555
2 12 0 8  0.008616503328084946
2 13 0 8  0.29396572709083557
2 14 0 8  0.011357268318533897
2 15 0 8  0.05316311866044998
2 16 0 8  0.03258189558982849
2 17 0 8  0.21965384483337402
2 18 0 8  0.15291501581668854
2 19 0 8  0.2142835408449173
2 20 0 8  0.14100022614002228
2 21 0 8  0.1180708259344101
2 22 0 8  0.010120256803929806
2 23 0 8  0.0022598570212721825
2 24 0 8  0.004032771103084087
2 25 0 8  0.0022930018603801727
2 26 0 8  0.029516782611608505
2 27 0 8  0.011607618071138859
2 28 0 8  0.1175704225897789
2 29 0 8  0.2842707633972168
2 30 0 8  0.38058483600616455
3 5 0 8  0.5927536487579346
3 6 0 8  0.5794230103492737
3 7 0 8  0.5884118676185608
3 8 0 8  0.09166005253791809
3 9 0 8  0.23710961639881134
3 10 0 8  0.003660768736153841
3 11 0 8  0.0023582682479172945
3 12 0 8  0.002781021874397993
3 13 0 8  0.020085908472537994
3 14 0 8  0.0034811128862202168
3 15 0 8  0.029287617653608322
3 16 0 8  0.03626406192779541
3 17 0 8  0.15233469009399414
3 18 0 8  0.07697837799787521
3 19 0 8  0.3089824616909027
3 20 0 8  0.08564630150794983
3 21 0 8  0.25576716661453247
3 22 0 8  0.013461228460073471
3 23 0 8  0.003116406500339508
3 24 0 8  0.021501442417502403
3 25 0 8  0.003105287440121174
3 26 0 8  0.06909868866205215
3 27 0 8  0.023204432800412178
3 28 0 8  0.12240800261497498
3 29 0 8  0.24894046783447266
3 30 0 8  0.19485166668891907
4 6 0 8  0.6001263856887817
4 7 0 8  0.6052622199058533
4 8 0 8  0.7709434032440186
4 9 0 8  0.6281671524047852
4 10 0 8  0.04976580664515495
4 11 0 8  0.0025956935714930296
4 12 0 8  0.004639717284590006
4 13 0 8  0.1689021736383438
4 14 0 8  0.004812364000827074
4 15 0 8  0.006368033122271299
4 16 0 8  0.028224710375070572
4 17 0 8  0.10920477658510208
4 18 0 8  0.062494661659002304
4 19 0 8  0.38506484031677246
4 20 0 8  0.20172110199928284
4 21 0 8  0.3534553647041321
4 22 0 8  0.01238213013857603
4 23 0 8  0.0025527726393193007
4 24 0 8  0.0415407158434391
4 25 0 8  0.012265238910913467
4 26 0 8  0.16195903718471527
4 27 0 8  0.018091868609189987
4 28 0 8  0.4713243246078491
4 29 0 8  0.6781636476516724
4 30 0 8  0.5835191011428833
5 7 0 8  0.6283814311027527
5 8 0 8  0.799384593963623
5 9 0 8  0.9619754552841187
5 10 0 8  0.00924413651227951
5 11 0 8  0.0020819499623030424
5 12 0 8  0.0046780710108578205
5 13 0 8  0.2816007733345032
5 14 0 8  0.008216938003897667
5 15 0 8  0.014149652794003487
5 16 0 8  0.08522901684045792
5 17 0 8  0.18294113874435425
5 18 0 8  0.00849975273013115
5 19 0 8  0.06178100407123566
5 20 0 8  0.003536458592861891
5 21 0 8  0.05814095214009285
5 22 0 8  0.0017518609529361129
5 23 0 8  0.00153144053183496
5 24 0 8  0.0020670886151492596
5 25 0 8  0.0019474737346172333
5 26 0 8  0.009739291854202747
5 27 0 8  0.09440221637487411
5 28 0 8  0.19494198262691498
5 29 0 8  0.21657368540763855
5 30 0 8  0.07032140344381332
6 8 0 8  0.609095573425293
6 9 0 8  0.47529953718185425
6 10 0 8  0.1963428258895874
6 11 0 8  0.0037095844745635986
6 12 0 8  0.0021706162951886654
6 13 0 8  0.0039896126836538315
6 14 0 8  0.0034045297652482986
6 15 0 8  0.002866256283596158
6 16 0 8  0.03453338146209717
6 17 0 8  0.008633241057395935
6 18 0 8  0.006368930917233229
6 19 0 8  0.02346007525920868
6 20 0 8  0.003606234211474657
6 21 0 8  0.2319483458995819
6 22 0 8  0.022906778380274773
6 23 0 8  0.006460749544203281
6 24 0 8  0.009876755997538567
6 25 0 8  0.011756633408367634
6 26 0 8  0.11510984599590302
6 27 0 8  0.05528039485216141
6 28 0 8  0.12257815897464752
6 29 0 8  0.07810687273740768
6 30 0 8  0.020386794582009315
7 9 0 8  0.39027851819992065
7 10 0 8  0.2547946572303772
7 11 0 8  0.1644892394542694
7 12 0 8  0.0019658259116113186
7 13 0 8  0.0024966327473521233
7 14 0 8  0.002076804405078292
7 15 0 8  0.002156862523406744
7 16 0 8  0.004061553161591291
7 17 0 8  0.003604412544518709
7 18 0 8  0.0018538583535701036
7 19 0 8  0.0040953089483082294
7 20 0 8  0.0016138330101966858
7 21 0 8  0.008724027313292027
7 22 0 8  0.005705918185412884
7 23 0 8  0.0026982510462403297
7 24 0 8  0.0036556944251060486
7 25 0 8  0.005111777223646641
7 26 0 8  0.11226436495780945
7 27 0 8  0.1402120590209961
7 28 0 8  0.18620523810386658
7 29 0 8  0.22051584720611572
7 30 0 8  0.033769138157367706
8 10 0 8  0.3857569098472595
8 11 0 8  0.1604868769645691
8 12 0 8  0.10847403854131699
8 13 0 8  0.01930861547589302
8 14 0 8  0.0037308710161596537
8 15 0 8  0.008691543713212013
8 16 0 8  0.0565408356487751
8 17 0 8  0.042512666434049606
8 18 0 8  0.0040198336355388165
8 19 0 8  0.04530441015958786
8 20 0 8  0.007484574802219868
8 21 0 8  0.15774421393871307
8 22 0 8  0.006566544994711876
8 23 0 8  0.001402508933097124
8 24 0 8  0.008759944699704647
8 25 0 8  0.04120321571826935
8 26 0 8  0.35952749848365784
8 27 0 8  0.1398673951625824
8 28 0 8  0.36812499165534973
8 29 0 8  0.5593671798706055
8 30 0 8  0.3800729513168335
9 11 0 8  0.1201591044664383
9 12 0 8  0.08929207921028137
9 13 0 8  0.11227796226739883
9 14 0 8  0.007276865653693676
9 15 0 8  0.02928142249584198
9 16 0 8  0.06338653713464737
9 17 0 8  0.1131114810705185
9 18 0 8  0.1660832166671753
9 19 0 8  0.4059793949127197
9 20 0 8  0.33472979068756104
9 21 0 8  0.2856998145580292
9 22 0 8  0.015026982873678207
9 23 0 8  0.0013063332298770547
9 24 0 8  0.011532813310623169
9 25 0 8  0.019500767812132835
9 26 0 8  0.32385894656181335
9 27 0 8  0.09380210936069489
9 28 0 8  0.5923184156417847
9 29 0 8  0.8397975564002991
9 30 0 8  0.8197694420814514
10 12 0 8  0.07785554975271225
10 13 0 8  0.07832305878400803
10 14 0 8  0.0632493868470192
10 15 0 8  0.013412418775260448
10 16 0 8  0.021207815036177635
10 17 0 8  0.022912777960300446
10 18 0 8  0.01071491464972496
10 19 0 8  0.13164278864860535
10 20 0 8  0.0342576839029789
10 21 0 8  0.14223378896713257
10 22 0 8  0.005211086478084326
10 23 0 8  0.0015181039925664663
10 24 0 8  0.028304846957325935
10 25 0 8  0.018513865768909454
10 26 0 8  0.25367748737335205
10 27 0 8  0.025524457916617393
10 28 0 8  0.0067276968620717525
10 29 0 8  0.1754031479358673
10 30 0 8  0.2841929793357849
11 13 0 8  0.059575002640485764
11 14 0 8  0.053257349878549576
11 15 0 8  0.05664611607789993
11 16 0 8  0.010265568271279335
11 17 0 8  0.010397805832326412
11 18 0 8  0.012128187343478203
11 19 0 8  0.0029903175309300423
11 20 0 8  0.0015367553569376469
11 21 0 8  0.007549063302576542
11 22 0 8  0.001405744580551982
11 23 0 8  0.0012357478262856603
11 24 0 8  0.0047154719941318035
11 25 0 8  0.0019161729142069817
11 26 0 8  0.014012555591762066
11 27 0 8  0.010511941276490688
11 28 0 8  0.004011841490864754
11 29 0 8  0.04469764977693558
11 30 0 8  0.2742731273174286
12 14 0 8  0.03431332856416702
12 15 0 8  0.02730891853570938
12 16 0 8  0.022438885644078255
12 17 0 8  0.008150925859808922
12 18 0 8  0.10938975214958191
12 19 0 8  0.11410831660032272
12 20 0 8  0.07653621584177017
12 21 0 8  0.04901464283466339
12 22 0 8  0.0015781702240929008
12 23 0 8  0.001409420045092702
12 24 0 8  0.00301817012950778
12 25 0 8  0.0014472653856500983
12 26 0 8  0.00303658377379179
12 27 0 8  0.015976188704371452
12 28 0 8  0.005722304806113243
12 29 0 8  0.07422877848148346
12 30 0 8  0.15203005075454712
13 15 0 8  0.02347845584154129
13 16 0 8  0.18830382823944092
13 17 0 8  0.22372852265834808
13 18 0 8  0.049922868609428406
13 19 0 8  0.15021656453609467
13 20 0 8  0.010347547009587288
13 21 0 8  0.005935137625783682
13 22 0 8  0.0011732883285731077
13 23 0 8  0.0012433421798050404
13 24 0 8  0.0014136108802631497
13 25 0 8  0.0017596412217244506
13 26 0 8  0.0042701661586761475
13 27 0 8  0.07263346761465073
13 28 0 8  0.22059255838394165
13 29 0 8  0.3856005370616913
13 30 0 8  0.415229856967926
14 16 0 8  0.03311966732144356
14 17 0 8  0.10886730998754501
14 18 0 8  0.02390952594578266
14 19 0 8  0.002532252110540867
14 20 0 8  0.0015191053971648216
14 21 0 8  0.0012924415059387684
14 22 0 8  0.0011912193149328232
14 23 0 8  0.0011459232773631811
14 24 0 8  0.0010190110187977552
14 25 0 8  0.0013595246709883213
14 26 0 8  0.0015728893922641873
14 27 0 8  0.08143685013055801
14 28 0 8  0.1658930480480194
14 29 0 8  0.19495370984077454
14 30 0 8  0.2953202724456787
15 17 0 8  0.11370312422513962
15 18 0 8  0.13447651267051697
15 19 0 8  0.05510983616113663
15 20 0 8  0.0012798456009477377
15 21 0 8  0.001449155155569315
15 22 0 8  0.001186400419101119
15 23 0 8  0.0011408452410250902
15 24 0 8  0.001201717066578567
15 25 0 8  0.0018278206698596478
15 26 0 8  0.005652491003274918
15 27 0 8  0.11399693042039871
15 28 0 8  0.27934837341308594
15 29 0 8  0.26781484484672546
15 30 0 8  0.29939669370651245
16 18 0 8  0.023875657469034195
16 19 0 8  0.13124173879623413
16 20 0 8  0.11312077939510345
16 21 0 8  0.0017873365432024002
16 22 0 8  0.0012550910469144583
16 23 0 8  0.0011084589641541243
16 24 0 8  0.0011855207849293947
16 25 0 8  0.003637088928371668
16 26 0 8  0.00421962421387434
16 27 0 8  0.17833493649959564
16 28 0 8  0.35249418020248413
16 29 0 8  0.25667715072631836
16 30 0 8  0.2632777690887451
17 19 0 8  0.11443813145160675
17 20 0 8  0.10005272924900055
17 21 0 8  0.08614921569824219
17 22 0 8  0.001012976048514247
17 23 0 8  0.0009187227115035057
17 24 0 8  0.001519505400210619
17 25 0 8  0.013777673244476318
17 26 0 8  0.07504712045192719
17 27 0 8  0.267406702041626
17 28 0 8  0.6019311547279358
17 29 0 8  0.4617549479007721
17 30 0 8  0.4239336848258972
18 20 0 8  0.23975075781345367
18 21 0 8  0.4301719665527344
18 22 0 8  0.31462493538856506
18 23 0 8  0.0032701650634407997
18 24 0 8  0.01720157451927662
18 25 0 8  0.6697468161582947
18 26 0 8  0.5213090181350708
18 27 0 8  0.4618048667907715
18 28 0 8  0.4764682352542877
18 29 0 8  0.06937885284423828
18 30 0 8  0.03606686741113663
19 21 0 8  0.47739553451538086
19 22 0 8  0.41767677664756775
19 23 0 8  0.2758784890174866
19 24 0 8  0.08069626986980438
19 25 0 8  0.5590774416923523
19 26 0 8  0.6717180609703064
19 27 0 8  0.35270416736602783
19 28 0 8  0.779395341873169
19 29 0 8  0.13786232471466064
19 30 0 8  0.2679418921470642
20 22 0 8  0.5885719060897827
20 23 0 8  0.6773443818092346
20 24 0 8  0.8482339382171631
20 25 0 8  0.8948964476585388
20 26 0 8  0.6063990592956543
20 27 0 8  0.018908580765128136
20 28 0 8  0.015648219734430313
20 29 0 8  0.001956900116056204
20 30 0 8  0.002212527673691511
21 23 0 8  0.6584479808807373
21 24 0 8  0.8875836133956909
21 25 0 8  0.8730363845825195
21 26 0 8  0.66853928565979
21 27 0 8  0.004207876045256853
21 28 0 8  0.07028830051422119
21 29 0 8  0.0061089713126420975
21 30 0 8  0.0025843619368970394
22 24 0 8  0.6198878288269043
22 25 0 8  0.5366387963294983
22 26 0 8  0.2871672511100769
22 27 0 8  0.00157186109572649
22 28 0 8  0.0015358391683548689
22 29 0 8  0.0014068838208913803
22 30 0 8  0.001099596731364727
23 25 0 8  0.5103931427001953
23 26 0 8  0.3227490186691284
23 27 0 8  0.1431315839290619
23 28 0 8  0.0013327673077583313
23 29 0 8  0.001210747635923326
23 30 0 8  0.0012772314948961139
24 26 0 8  0.3534691333770752
24 27 0 8  0.19784072041511536
24 28 0 8  0.16473674774169922
24 29 0 8  0.0017226358177140355
24 30 0 8  0.001349621918052435
25 27 0 8  0.1775495857000351
25 28 0 8  0.18303361535072327
25 29 0 8  0.09013785421848297
25 30 0 8  0.0041165524162352085
26 28 0 8  0.19412866234779358
26 29 0 8  0.12898613512516022
26 30 0 8  0.05219954624772072
27 29 0 8  0.09614276140928268
27 30 0 8  0.02877878025174141
28 30 0 8  0.06365149468183517
