1   D C 131.3  -96.4  131.6  115.6 -127.0  1.1 13.4 0.874 0.007 0.119
2   C C  41.7 -109.4  140.6  123.4 -163.6 15.8  7.8 0.601 0.026 0.373
3   Y E 141.4 -117.7  139.7  124.0 -160.1  4.1 18.0 0.305 0.044 0.651
4   C E  52.1 -105.7  135.3  121.1 -144.2 12.4 11.4 0.371 0.027 0.603
5   R C 129.7 -105.2  131.0  117.4 -153.9  6.2 14.6 0.583 0.028 0.389
6   I C  98.6  -93.5  130.5  115.4 -132.5  7.0 12.7 0.854 0.013 0.133
7   P C  88.4  -68.4  141.6  106.4 -107.0  5.0 14.1 0.823 0.117 0.059
8   A C  65.4  -83.7   27.3  106.6   32.1  5.6 14.2 0.670 0.176 0.154
9   C C  51.6  -95.3  135.2  116.0  166.4 12.0  7.5 0.664 0.184 0.152
10  I C 121.2  -84.6   -2.7  105.1 -151.7  3.5 11.5 0.764 0.162 0.074
11  A C  96.8  -80.2   23.0  102.8   15.5  1.4  9.7 0.906 0.064 0.030
12  G C  64.2   81.6   -4.4  104.3  -46.1  1.0 10.7 0.984 0.007 0.009
13  E C 108.9  -95.9  142.1  119.9  134.6  5.4  9.3 0.961 0.001 0.039
14  R E 154.5 -105.7  137.8  121.2 -144.3  4.4 11.4 0.428 0.004 0.568
15  R E 123.1 -112.3  139.2  121.6 -154.2  8.1 11.3 0.149 0.002 0.849
16  Y E 145.0 -120.7  140.5  123.0 -168.8  4.5 13.5 0.147 0.002 0.851
17  G E  29.9  147.6 -171.5  136.8   59.0  3.7 15.2 0.178 0.002 0.819
18  T E  81.0 -111.9  141.2  123.6  -65.6  4.8 18.9 0.101 0.002 0.897
19  C E  32.9 -115.3  138.8  124.5 -154.6 16.1 11.1 0.049 0.001 0.949
20  I E  97.4 -111.6  133.1  120.7 -153.8  5.0 16.7 0.027 0.001 0.972
21  Y E  93.7 -129.2  121.0  121.4 -177.9  8.5 10.5 0.048 0.001 0.951
22  Q C 166.2   55.6   40.8   92.5  -15.2  0.4 11.9 0.996 0.003 0.001
23  G C  67.3   79.4    0.4   93.6  -48.5  0.7 12.4 0.996 0.002 0.001
24  R E 130.3 -110.4  140.6  125.8  111.0  4.2 10.8 0.104 0.001 0.895
25  L E  94.4  -93.3  128.4  115.4 -130.7  7.7 14.6 0.066 0.001 0.934
26  W E  59.0 -126.3  145.0  128.3 -174.6 15.2 14.6 0.063 0.001 0.936
27  A E  33.7 -112.1  137.0  122.6 -147.7 12.3 20.5 0.097 0.003 0.901
28  F E  44.5 -120.0  139.2  125.8 -165.8 14.8 20.7 0.128 0.002 0.870
29  C E  23.4 -114.2  135.2  123.1 -156.0 17.0 21.6 0.314 0.004 0.682
30  C C  25.0 -119.1  138.1  125.0 -167.3 16.8 20.0 0.775 0.003 0.222
