1 3 0 8  0.8486035466194153
1 4 0 8  0.800523042678833
1 5 0 8  0.9246755242347717
1 6 0 8  0.8214038610458374
1 7 0 8  0.01330517791211605
1 8 0 8  0.015315486118197441
1 9 0 8  0.3072156608104706
1 10 0 8  0.01622757688164711
1 11 0 8  0.008393744006752968
1 12 0 8  0.0062564220279455185
1 13 0 8  0.00728927506133914
1 14 0 8  0.006912826560437679
1 15 0 8  0.005128464661538601
1 16 0 8  0.005033767782151699
1 17 0 8  0.005969978868961334
1 18 0 8  0.004687102511525154
1 19 0 8  0.004674013704061508
1 20 0 8  0.0049032168462872505
1 21 0 8  0.004913765471428633
1 22 0 8  0.004779330920428038
1 23 0 8  0.005566854029893875
1 24 0 8  0.005196209065616131
1 25 0 8  0.004787186626344919
1 26 0 8  0.005310629494488239
1 27 0 8  0.00604438129812479
1 28 0 8  0.006250721402466297
1 29 0 8  0.006890334188938141
1 30 0 8  0.006854766979813576
1 31 0 8  0.007222037762403488
1 32 0 8  0.006380754057317972
1 33 0 8  0.006285512819886208
1 34 0 8  0.0056381188333034515
1 35 0 8  0.006563563831150532
1 36 0 8  0.0054803453385829926
1 37 0 8  0.00693853572010994
1 38 0 8  0.005305677652359009
1 39 0 8  0.005121576599776745
1 40 0 8  0.005518645979464054
1 41 0 8  0.005258962512016296
1 42 0 8  0.005100880283862352
1 43 0 8  0.004904015921056271
1 44 0 8  0.005470754113048315
1 45 0 8  0.005097777582705021
1 46 0 8  0.005261856131255627
1 47 0 8  0.005303258076310158
1 48 0 8  0.006750304251909256
1 49 0 8  0.0066588763147592545
1 50 0 8  0.005650691222399473
1 51 0 8  0.009732423350214958
1 52 0 8  0.0315852165222168
1 53 0 8  0.015939099714159966
1 54 0 8  0.008071184158325195
1 55 0 8  0.13816264271736145
1 56 0 8  0.34982603788375854
1 57 0 8  0.05545986443758011
1 58 0 8  0.08358661830425262
1 59 0 8  0.1841963231563568
1 60 0 8  0.14289717376232147
1 61 0 8  0.048650577664375305
1 62 0 8  0.04892813786864281
1 63 0 8  0.07348144054412842
2 4 0 8  0.917633593082428
2 5 0 8  0.9382492899894714
2 6 0 8  0.9486387968063354
2 7 0 8  0.008407332003116608
2 8 0 8  0.005549706518650055
2 9 0 8  0.013636555522680283
2 10 0 8  0.006632179021835327
2 11 0 8  0.005509840324521065
2 12 0 8  0.004589950665831566
2 13 0 8  0.004863135516643524
2 14 0 8  0.005101196467876434
2 15 0 8  0.0044593606144189835
2 16 0 8  0.004404621664434671
2 17 0 8  0.004680125042796135
2 18 0 8  0.00442791823297739
2 19 0 8  0.004246863536536694
2 20 0 8  0.004603161942213774
2 21 0 8  0.004543018992990255
2 22 0 8  0.004373828414827585
2 23 0 8  0.004469580948352814
2 24 0 8  0.004616955295205116
2 25 0 8  0.004271284677088261
2 26 0 8  0.0046569788828492165
2 27 0 8  0.005054960958659649
2 28 0 8  0.005394884385168552
2 29 0 8  0.005175631493330002
2 30 0 8  0.005492151714861393
2 31 0 8  0.005084102973341942
2 32 0 8  0.005154440179467201
2 33 0 8  0.0049102818593382835
2 34 0 8  0.004726556595414877
2 35 0 8  0.004995367489755154
2 36 0 8  0.005075864028185606
2 37 0 8  0.004885345697402954
2 38 0 8  0.004346723668277264
2 39 0 8  0.00451480969786644
2 40 0 8  0.004775430075824261
2 41 0 8  0.004299976862967014
2 42 0 8  0.004257979802787304
2 43 0 8  0.004466185346245766
2 44 0 8  0.0045149242505431175
2 45 0 8  0.004265746101737022
2 46 0 8  0.004444326274096966
2 47 0 8  0.004588325507938862
2 48 0 8  0.004684821702539921
2 49 0 8  0.004609211813658476
2 50 0 8  0.004740370437502861
2 51 0 8  0.005311490967869759
2 52 0 8  0.008817077614367008
2 53 0 8  0.0069689759984612465
2 54 0 8  0.005409483797848225
2 55 0 8  0.02930011972784996
2 56 0 8  0.1937996745109558
2 57 0 8  0.030198216438293457
2 58 0 8  0.033788107335567474
2 59 0 8  0.10994932055473328
2 60 0 8  0.07229708135128021
2 61 0 8  0.025252334773540497
2 62 0 8  0.03288302198052406
2 63 0 8  0.04756291210651398
3 5 0 8  0.9707332849502563
3 6 0 8  0.9825246930122375
3 7 0 8  0.9941810369491577
3 8 0 8  0.005596738774329424
3 9 0 8  0.0076077887788414955
3 10 0 8  0.006099809892475605
3 11 0 8  0.009323399513959885
3 12 0 8  0.005181730259209871
3 13 0 8  0.005038368981331587
3 14 0 8  0.004930922761559486
3 15 0 8  0.005075547844171524
3 16 0 8  0.004418599419295788
3 17 0 8  0.004562774673104286
3 18 0 8  0.004535995423793793
3 19 0 8  0.004495579749345779
3 20 0 8  0.004763342440128326
3 21 0 8  0.0048424554988741875
3 22 0 8  0.004647501278668642
3 23 0 8  0.0047446065582334995
3 24 0 8  0.005162992514669895
3 25 0 8  0.004516160115599632
3 26 0 8  0.004890257492661476
3 27 0 8  0.005613895133137703
3 28 0 8  0.006158853881061077
3 29 0 8  0.006195965223014355
3 30 0 8  0.006567522883415222
3 31 0 8  0.005899827927350998
3 32 0 8  0.0062778969295322895
3 33 0 8  0.005491779185831547
3 34 0 8  0.005152594298124313
3 35 0 8  0.005483853630721569
3 36 0 8  0.0052865659818053246
3 37 0 8  0.0055597759783267975
3 38 0 8  0.004699677228927612
3 39 0 8  0.005446384660899639
3 40 0 8  0.004831183701753616
3 41 0 8  0.004527425393462181
3 42 0 8  0.004522967152297497
3 43 0 8  0.005000794772058725
3 44 0 8  0.004666248336434364
3 45 0 8  0.004584154579788446
3 46 0 8  0.0049472954124212265
3 47 0 8  0.004795031156390905
3 48 0 8  0.005018894094973803
3 49 0 8  0.005022733472287655
3 50 0 8  0.0046135298907756805
3 51 0 8  0.005380689166486263
3 52 0 8  0.006068832240998745
3 53 0 8  0.005950695835053921
3 54 0 8  0.00535203842446208
3 55 0 8  0.010166576132178307
3 56 0 8  0.019081197679042816
3 57 0 8  0.01211735513061285
3 58 0 8  0.013232827186584473
3 59 0 8  0.01714608259499073
3 60 0 8  0.017793375998735428
3 61 0 8  0.013016944751143456
3 62 0 8  0.013672439381480217
3 63 0 8  0.01666868105530739
4 6 0 8  0.9866234064102173
4 7 0 8  0.9930077791213989
4 8 0 8  0.9962708950042725
4 9 0 8  0.008403485640883446
4 10 0 8  0.00594842154532671
4 11 0 8  0.00569241214543581
4 12 0 8  0.005813342519104481
4 13 0 8  0.0048952121287584305
4 14 0 8  0.004734935704618692
4 15 0 8  0.004756585694849491
4 16 0 8  0.004491313826292753
4 17 0 8  0.0046746088191866875
4 18 0 8  0.004580236040055752
4 19 0 8  0.004611651413142681
4 20 0 8  0.004798220936208963
4 21 0 8  0.004587172530591488
4 22 0 8  0.004605437628924847
4 23 0 8  0.004742748569697142
4 24 0 8  0.004689113702625036
4 25 0 8  0.004484027624130249
4 26 0 8  0.004605565220117569
4 27 0 8  0.0049333712086081505
4 28 0 8  0.00514721404761076
4 29 0 8  0.004927607253193855
4 30 0 8  0.00486718351021409
4 31 0 8  0.00501068914309144
4 32 0 8  0.005083817057311535
4 33 0 8  0.004534244537353516
4 34 0 8  0.0046009402722120285
4 35 0 8  0.0049738590605556965
4 36 0 8  0.004802413750439882
4 37 0 8  0.004915698431432247
4 38 0 8  0.004609189927577972
4 39 0 8  0.0048976619727909565
4 40 0 8  0.004587154369801283
4 41 0 8  0.004376293160021305
4 42 0 8  0.0044791484251618385
4 43 0 8  0.004439953714609146
4 44 0 8  0.004571687430143356
4 45 0 8  0.004236152395606041
4 46 0 8  0.004498602356761694
4 47 0 8  0.004420044831931591
4 48 0 8  0.005188769660890102
4 49 0 8  0.005019362550228834
4 50 0 8  0.0044817011803388596
4 51 0 8  0.00564899668097496
4 52 0 8  0.023215074092149734
4 53 0 8  0.00956051517277956
4 54 0 8  0.006023131776601076
4 55 0 8  0.05431915074586868
4 56 0 8  0.11609366536140442
4 57 0 8  0.016418125480413437
4 58 0 8  0.016841966658830643
4 59 0 8  0.03163270652294159
4 60 0 8  0.023174196481704712
4 61 0 8  0.013281397521495819
4 62 0 8  0.013056214898824692
4 63 0 8  0.014408988878130913
5 7 0 8  0.9911412596702576
5 8 0 8  0.9917030334472656
5 9 0 8  0.9921388626098633
5 10 0 8  0.010012224316596985
5 11 0 8  0.0070882090367376804
5 12 0 8  0.006675483658909798
5 13 0 8  0.005949066020548344
5 14 0 8  0.005183272995054722
5 15 0 8  0.004987364634871483
5 16 0 8  0.004784238524734974
5 17 0 8  0.004790225997567177
5 18 0 8  0.00471446244046092
5 19 0 8  0.004508463200181723
5 20 0 8  0.004999252036213875
5 21 0 8  0.004685495980083942
5 22 0 8  0.004696288146078587
5 23 0 8  0.0047980304807424545
5 24 0 8  0.004610507283359766
5 25 0 8  0.004684188403189182
5 26 0 8  0.004853538237512112
5 27 0 8  0.004812742117792368
5 28 0 8  0.004895944148302078
5 29 0 8  0.0050080507062375546
5 30 0 8  0.0047106752172112465
5 31 0 8  0.005056973546743393
5 32 0 8  0.004983238410204649
5 33 0 8  0.004808145575225353
5 34 0 8  0.004699438810348511
5 35 0 8  0.005283375270664692
5 36 0 8  0.0048613883554935455
5 37 0 8  0.004961764439940453
5 38 0 8  0.004752791486680508
5 39 0 8  0.004999826662242413
5 40 0 8  0.004707030486315489
5 41 0 8  0.0046212440356612206
5 42 0 8  0.004582380875945091
5 43 0 8  0.004395994357764721
5 44 0 8  0.004484206438064575
5 45 0 8  0.004639103077352047
5 46 0 8  0.00448059756308794
5 47 0 8  0.004142411053180695
5 48 0 8  0.005382900591939688
5 49 0 8  0.016344958916306496
5 50 0 8  0.005539456382393837
5 51 0 8  0.007922932505607605
5 52 0 8  0.5645939707756042
5 53 0 8  0.06431694328784943
5 54 0 8  0.008159905672073364
5 55 0 8  0.5801239013671875
5 56 0 8  0.8318849802017212
5 57 0 8  0.11787941306829453
5 58 0 8  0.06003598868846893
5 59 0 8  0.12575408816337585
5 60 0 8  0.06636577844619751
5 61 0 8  0.019747000187635422
5 62 0 8  0.01840517297387123
5 63 0 8  0.022395169362425804
6 8 0 8  0.9952009320259094
6 9 0 8  0.9933933019638062
6 10 0 8  0.9934041500091553
6 11 0 8  0.008816620334982872
6 12 0 8  0.005129743367433548
6 13 0 8  0.00509741622954607
6 14 0 8  0.005615724250674248
6 15 0 8  0.004668666981160641
6 16 0 8  0.00437683891505003
6 17 0 8  0.004613012075424194
6 18 0 8  0.004475216381251812
6 19 0 8  0.00434931181371212
6 20 0 8  0.004764657001942396
6 21 0 8  0.004218669142574072
6 22 0 8  0.004356530960649252
6 23 0 8  0.004506408236920834
6 24 0 8  0.004689897410571575
6 25 0 8  0.004516305401921272
6 26 0 8  0.004660123027861118
6 27 0 8  0.004621956497430801
6 28 0 8  0.0051573580130934715
6 29 0 8  0.00504384096711874
6 30 0 8  0.004946229048073292
6 31 0 8  0.00505790114402771
6 32 0 8  0.004959745332598686
6 33 0 8  0.004565349780023098
6 34 0 8  0.004639431834220886
6 35 0 8  0.005324430763721466
6 36 0 8  0.005481883883476257
6 37 0 8  0.004727672785520554
6 38 0 8  0.004463989287614822
6 39 0 8  0.004994166549295187
6 40 0 8  0.004465704783797264
6 41 0 8  0.004474171437323093
6 42 0 8  0.0045737335458397865
6 43 0 8  0.004324190318584442
6 44 0 8  0.004268147051334381
6 45 0 8  0.004191258922219276
6 46 0 8  0.004415194038301706
6 47 0 8  0.0043830908834934235
6 48 0 8  0.004573318175971508
6 49 0 8  0.005115672014653683
6 50 0 8  0.004682980943471193
6 51 0 8  0.004907118156552315
6 52 0 8  0.012742685154080391
6 53 0 8  0.009137459099292755
6 54 0 8  0.005132774822413921
6 55 0 8  0.013589461334049702
6 56 0 8  0.4033559560775757
6 57 0 8  0.016443025320768356
6 58 0 8  0.012776736170053482
6 59 0 8  0.014811813831329346
6 60 0 8  0.017527785152196884
6 61 0 8  0.010049968957901001
6 62 0 8  0.009775700978934765
6 63 0 8  0.011447221040725708
7 9 0 8  0.9961292743682861
7 10 0 8  0.9952316284179688
7 11 0 8  0.9950239658355713
7 12 0 8  0.005874577909708023
7 13 0 8  0.004932009615004063
7 14 0 8  0.004995234310626984
7 15 0 8  0.005535893142223358
7 16 0 8  0.0046701692044734955
7 17 0 8  0.004913766868412495
7 18 0 8  0.004532786086201668
7 19 0 8  0.0044470373541116714
7 20 0 8  0.0047582597471773624
7 21 0 8  0.004539947956800461
7 22 0 8  0.004429519642144442
7 23 0 8  0.004471960477530956
7 24 0 8  0.004552596248686314
7 25 0 8  0.004406635649502277
7 26 0 8  0.0049480898305773735
7 27 0 8  0.004614649806171656
7 28 0 8  0.005071029998362064
7 29 0 8  0.005372086074203253
7 30 0 8  0.004818747751414776
7 31 0 8  0.005128152202814817
7 32 0 8  0.004759998060762882
7 33 0 8  0.004509513732045889
7 34 0 8  0.00482133449986577
7 35 0 8  0.005313575267791748
7 36 0 8  0.004822469316422939
7 37 0 8  0.0047530122101306915
7 38 0 8  0.0049083782359957695
7 39 0 8  0.0048905024304986
7 40 0 8  0.004425672814249992
7 41 0 8  0.0046850647777318954
7 42 0 8  0.004400753416121006
7 43 0 8  0.004428699612617493
7 44 0 8  0.00441299332305789
7 45 0 8  0.00425964780151844
7 46 0 8  0.004260573536157608
7 47 0 8  0.004184253979474306
7 48 0 8  0.005276099778711796
7 49 0 8  0.005038127303123474
7 50 0 8  0.004334555007517338
7 51 0 8  0.006920892745256424
7 52 0 8  0.011275961995124817
7 53 0 8  0.0059241121634840965
7 54 0 8  0.0055284686386585236
7 55 0 8  0.013628755696117878
7 56 0 8  0.022091291844844818
7 57 0 8  0.007326650898903608
7 58 0 8  0.007203137502074242
7 59 0 8  0.008322414010763168
7 60 0 8  0.007940927520394325
7 61 0 8  0.006942508276551962
7 62 0 8  0.006391650997102261
7 63 0 8  0.006908471696078777
8 10 0 8  0.9968112111091614
8 11 0 8  0.9966868162155151
8 12 0 8  0.9965729713439941
8 13 0 8  0.006153085269033909
8 14 0 8  0.0060780905187129974
8 15 0 8  0.006670842412859201
8 16 0 8  0.005403852090239525
8 17 0 8  0.0059326449409127235
8 18 0 8  0.004814657382667065
8 19 0 8  0.004659028723835945
8 20 0 8  0.005219294223934412
8 21 0 8  0.004663052037358284
8 22 0 8  0.004748926497995853
8 23 0 8  0.004846303258091211
8 24 0 8  0.00464332289993763
8 25 0 8  0.004283142741769552
8 26 0 8  0.004879791289567947
8 27 0 8  0.004527726210653782
8 28 0 8  0.004539267159998417
8 29 0 8  0.005032725632190704
8 30 0 8  0.0045433808118104935
8 31 0 8  0.005868460051715374
8 32 0 8  0.0047383494675159454
8 33 0 8  0.004780402407050133
8 34 0 8  0.005273710936307907
8 35 0 8  0.006167604587972164
8 36 0 8  0.00487485621124506
8 37 0 8  0.0050872983410954475
8 38 0 8  0.005523304454982281
8 39 0 8  0.0050379615277051926
8 40 0 8  0.004464662633836269
8 41 0 8  0.005951646715402603
8 42 0 8  0.004971650429069996
8 43 0 8  0.004609348252415657
8 44 0 8  0.004987470339983702
8 45 0 8  0.01089299563318491
8 46 0 8  0.004702421836555004
8 47 0 8  0.004519075620919466
8 48 0 8  0.12671811878681183
8 49 0 8  0.048738911747932434
8 50 0 8  0.0059027038514614105
8 51 0 8  0.04615367203950882
8 52 0 8  0.9168746471405029
8 53 0 8  0.09869691729545593
8 54 0 8  0.0069440267980098724
8 55 0 8  0.4493158757686615
8 56 0 8  0.5746190547943115
8 57 0 8  0.013047444634139538
8 58 0 8  0.011204609647393227
8 59 0 8  0.014345210045576096
8 60 0 8  0.011938633397221565
8 61 0 8  0.008520176634192467
8 62 0 8  0.00692224595695734
8 63 0 8  0.007961930707097054
9 11 0 8  0.997002363204956
9 12 0 8  0.9957575798034668
9 13 0 8  0.9961549639701843
9 14 0 8  0.006270664744079113
9 15 0 8  0.005878622177988291
9 16 0 8  0.0050362516194581985
9 17 0 8  0.005782291293144226
9 18 0 8  0.004912170115858316
9 19 0 8  0.004711092449724674
9 20 0 8  0.005188204348087311
9 21 0 8  0.004730267450213432
9 22 0 8  0.004793641157448292
9 23 0 8  0.005135515704751015
9 24 0 8  0.004639493767172098
9 25 0 8  0.0043205083347857
9 26 0 8  0.004896790720522404
9 27 0 8  0.004689933732151985
9 28 0 8  0.004700709134340286
9 29 0 8  0.0053750891238451
9 30 0 8  0.004704706370830536
9 31 0 8  0.006176002323627472
9 32 0 8  0.004972062073647976
9 33 0 8  0.004604704212397337
9 34 0 8  0.004857892170548439
9 35 0 8  0.0058858972042799
9 36 0 8  0.004657786339521408
9 37 0 8  0.004696661606431007
9 38 0 8  0.005752348341047764
9 39 0 8  0.004967051558196545
9 40 0 8  0.004431033506989479
9 41 0 8  0.005008353851735592
9 42 0 8  0.005378222558647394
9 43 0 8  0.004840187728404999
9 44 0 8  0.004612420219928026
9 45 0 8  0.010039040818810463
9 46 0 8  0.006711281836032867
9 47 0 8  0.004499149043112993
9 48 0 8  0.011140577495098114
9 49 0 8  0.6949907541275024
9 50 0 8  0.0076527646742761135
9 51 0 8  0.005086386576294899
9 52 0 8  0.8375821709632874
9 53 0 8  0.6891059875488281
9 54 0 8  0.00549609400331974
9 55 0 8  0.06954886019229889
9 56 0 8  0.7536941766738892
9 57 0 8  0.015283784829080105
9 58 0 8  0.01372780092060566
9 59 0 8  0.009003870189189911
9 60 0 8  0.011490259319543839
9 61 0 8  0.00835738331079483
9 62 0 8  0.00688025401905179
9 63 0 8  0.009372027590870857
10 12 0 8  0.9957915544509888
10 13 0 8  0.9939980506896973
10 14 0 8  0.994513750076294
10 15 0 8  0.004890426993370056
10 16 0 8  0.004500684328377247
10 17 0 8  0.004938231315463781
10 18 0 8  0.005093258805572987
10 19 0 8  0.004699979908764362
10 20 0 8  0.005065198056399822
10 21 0 8  0.004668742883950472
10 22 0 8  0.00451595289632678
10 23 0 8  0.004622706212103367
10 24 0 8  0.0044590774923563
10 25 0 8  0.004374900367110968
10 26 0 8  0.004607453942298889
10 27 0 8  0.004466799087822437
10 28 0 8  0.004695861600339413
10 29 0 8  0.0051363734528422356
10 30 0 8  0.004794526845216751
10 31 0 8  0.005533021874725819
10 32 0 8  0.005034677218645811
10 33 0 8  0.00455121323466301
10 34 0 8  0.004395863972604275
10 35 0 8  0.005267173983156681
10 36 0 8  0.004318614024668932
10 37 0 8  0.004438205622136593
10 38 0 8  0.004488526377826929
10 39 0 8  0.0044660624116659164
10 40 0 8  0.004498160444200039
10 41 0 8  0.0044957613572478294
10 42 0 8  0.0044945003464818
10 43 0 8  0.004508922807872295
10 44 0 8  0.004935296718031168
10 45 0 8  0.004668980836868286
10 46 0 8  0.004431631416082382
10 47 0 8  0.004648915491998196
10 48 0 8  0.004505915567278862
10 49 0 8  0.005570942535996437
10 50 0 8  0.004564258269965649
10 51 0 8  0.004632534459233284
10 52 0 8  0.004719742573797703
10 53 0 8  0.0047017354518175125
10 54 0 8  0.004199698567390442
10 55 0 8  0.004548863973468542
10 56 0 8  0.005321731325238943
10 57 0 8  0.004082703031599522
10 58 0 8  0.004855940584093332
10 59 0 8  0.004988649860024452
10 60 0 8  0.0052019208669662476
10 61 0 8  0.005655210930854082
10 62 0 8  0.005444364622235298
10 63 0 8  0.006452687084674835
11 13 0 8  0.995392918586731
11 14 0 8  0.9965654015541077
11 15 0 8  0.9914076924324036
11 16 0 8  0.00482195895165205
11 17 0 8  0.004594240337610245
11 18 0 8  0.004855765495449305
11 19 0 8  0.00521976500749588
11 20 0 8  0.005285797640681267
11 21 0 8  0.004664713516831398
11 22 0 8  0.0048930952325463295
11 23 0 8  0.00491761788725853
11 24 0 8  0.00457658339291811
11 25 0 8  0.004227887839078903
11 26 0 8  0.004793232306838036
11 27 0 8  0.004352937918156385
11 28 0 8  0.004349712282419205
11 29 0 8  0.004796504974365234
11 30 0 8  0.00460513960570097
11 31 0 8  0.005272330716252327
11 32 0 8  0.004828247707337141
11 33 0 8  0.004611819516867399
11 34 0 8  0.004661910235881805
11 35 0 8  0.005574364215135574
11 36 0 8  0.004529842175543308
11 37 0 8  0.004929420538246632
11 38 0 8  0.0053452663123607635
11 39 0 8  0.0044610812328755856
11 40 0 8  0.004403658676892519
11 41 0 8  0.006179474294185638
11 42 0 8  0.0046565942466259
11 43 0 8  0.004201613832265139
11 44 0 8  0.009817572310566902
11 45 0 8  0.013068434782326221
11 46 0 8  0.004314425401389599
11 47 0 8  0.004706311039626598
11 48 0 8  0.17304953932762146
11 49 0 8  0.015337479300796986
11 50 0 8  0.004094663076102734
11 51 0 8  0.008482814766466618
11 52 0 8  0.3342534601688385
11 53 0 8  0.00524726789444685
11 54 0 8  0.00429899338632822
11 55 0 8  0.009340247139334679
11 56 0 8  0.020145107060670853
11 57 0 8  0.00441155768930912
11 58 0 8  0.005046451464295387
11 59 0 8  0.005432048346847296
11 60 0 8  0.006081108003854752
11 61 0 8  0.006167838349938393
11 62 0 8  0.005193030461668968
11 63 0 8  0.005653617903590202
12 14 0 8  0.9963953495025635
12 15 0 8  0.9956796169281006
12 16 0 8  0.9933258295059204
12 17 0 8  0.005563895218074322
12 18 0 8  0.004400467500090599
12 19 0 8  0.004662351217120886
12 20 0 8  0.005747329443693161
12 21 0 8  0.005080720409750938
12 22 0 8  0.004548096098005772
12 23 0 8  0.004815561696887016
12 24 0 8  0.004643721971660852
12 25 0 8  0.004083027597516775
12 26 0 8  0.004720306023955345
12 27 0 8  0.004225368611514568
12 28 0 8  0.004102020524442196
12 29 0 8  0.004934285767376423
12 30 0 8  0.004301548469811678
12 31 0 8  0.005959665402770042
12 32 0 8  0.004867163952440023
12 33 0 8  0.004801497794687748
12 34 0 8  0.004910382442176342
12 35 0 8  0.005920068826526403
12 36 0 8  0.004500483628362417
12 37 0 8  0.005228118970990181
12 38 0 8  0.005669014528393745
12 39 0 8  0.004883717745542526
12 40 0 8  0.004206624813377857
12 41 0 8  0.007095481269061565
12 42 0 8  0.007795011159032583
12 43 0 8  0.00529229361563921
12 44 0 8  0.008862418122589588
12 45 0 8  0.880054235458374
12 46 0 8  0.026728274300694466
12 47 0 8  0.005184297449886799
12 48 0 8  0.9255207777023315
12 49 0 8  0.9699019193649292
12 50 0 8  0.023047881200909615
12 51 0 8  0.05817672610282898
12 52 0 8  0.9527846574783325
12 53 0 8  0.23595759272575378
12 54 0 8  0.004990718327462673
12 55 0 8  0.006894421763718128
12 56 0 8  0.03779582679271698
12 57 0 8  0.004713890142738819
12 58 0 8  0.005160508211702108
12 59 0 8  0.004941963590681553
12 60 0 8  0.005294544622302055
12 61 0 8  0.00517821591347456
12 62 0 8  0.0048459842801094055
12 63 0 8  0.005586005747318268
13 15 0 8  0.9963151216506958
13 16 0 8  0.9944158792495728
13 17 0 8  0.9915444254875183
13 18 0 8  0.006210462190210819
13 19 0 8  0.004345583263784647
13 20 0 8  0.004765589255839586
13 21 0 8  0.004764818586409092
13 22 0 8  0.005096976179629564
13 23 0 8  0.004848181735724211
13 24 0 8  0.005179047584533691
13 25 0 8  0.004506572149693966
13 26 0 8  0.004857168532907963
13 27 0 8  0.0041696298867464066
13 28 0 8  0.004757912363857031
13 29 0 8  0.004756242968142033
13 30 0 8  0.004941346123814583
13 31 0 8  0.006317994557321072
13 32 0 8  0.0056487880647182465
13 33 0 8  0.0046379296109080315
13 34 0 8  0.0049191126599907875
13 35 0 8  0.005626378580927849
13 36 0 8  0.004290568642318249
13 37 0 8  0.004392755217850208
13 38 0 8  0.005123946815729141
13 39 0 8  0.0047226715832948685
13 40 0 8  0.004156466573476791
13 41 0 8  0.004706447944045067
13 42 0 8  0.00596403144299984
13 43 0 8  0.004677935503423214
13 44 0 8  0.005200847052037716
13 45 0 8  0.03257289528846741
13 46 0 8  0.010638397186994553
13 47 0 8  0.004622110165655613
13 48 0 8  0.005107847973704338
13 49 0 8  0.7048345804214478
13 50 0 8  0.004499418660998344
13 51 0 8  0.004160412587225437
13 52 0 8  0.008540134876966476
13 53 0 8  0.01872052252292633
13 54 0 8  0.0040473188273608685
13 55 0 8  0.004007978830486536
13 56 0 8  0.004763854667544365
13 57 0 8  0.003991827368736267
13 58 0 8  0.004914077930152416
13 59 0 8  0.004958183504641056
13 60 0 8  0.005535966716706753
13 61 0 8  0.006098812445998192
13 62 0 8  0.005165335722267628
13 63 0 8  0.006139039993286133
14 16 0 8  0.9949016571044922
14 17 0 8  0.995591402053833
14 18 0 8  0.9901248812675476
14 19 0 8  0.006508360616862774
14 20 0 8  0.005084312055259943
14 21 0 8  0.0050078462809324265
14 22 0 8  0.005700498353689909
14 23 0 8  0.004542974289506674
14 24 0 8  0.004893281031399965
14 25 0 8  0.004527597688138485
14 26 0 8  0.004927692003548145
14 27 0 8  0.004358688369393349
14 28 0 8  0.004577491898089647
14 29 0 8  0.004780234768986702
14 30 0 8  0.004297714680433273
14 31 0 8  0.005566214676946402
14 32 0 8  0.005083044990897179
14 33 0 8  0.004852278623729944
14 34 0 8  0.004712775349617004
14 35 0 8  0.006015368737280369
14 36 0 8  0.004354280419647694
14 37 0 8  0.005111091770231724
14 38 0 8  0.005052801221609116
14 39 0 8  0.004565422423183918
14 40 0 8  0.0047463420778512955
14 41 0 8  0.007048413157463074
14 42 0 8  0.004742462653666735
14 43 0 8  0.004408626817166805
14 44 0 8  0.009570779278874397
14 45 0 8  0.007622237782925367
14 46 0 8  0.004272167105227709
14 47 0 8  0.004417727701365948
14 48 0 8  0.007303382735699415
14 49 0 8  0.004811186343431473
14 50 0 8  0.004219340160489082
14 51 0 8  0.004739465657621622
14 52 0 8  0.0065368227660655975
14 53 0 8  0.004108178894966841
14 54 0 8  0.004243846051394939
14 55 0 8  0.004992121364921331
14 56 0 8  0.005162173882126808
14 57 0 8  0.004148856271058321
14 58 0 8  0.00449897488579154
14 59 0 8  0.004517180845141411
14 60 0 8  0.0047461059875786304
14 61 0 8  0.004862436093389988
14 62 0 8  0.004544811323285103
14 63 0 8  0.00487228948622942
15 17 0 8  0.9950586557388306
15 18 0 8  0.9964516162872314
15 19 0 8  0.9855486750602722
15 20 0 8  0.010887105017900467
15 21 0 8  0.005139916203916073
15 22 0 8  0.0067931110970675945
15 23 0 8  0.006198931951075792
15 24 0 8  0.00484983716160059
15 25 0 8  0.004289790987968445
15 26 0 8  0.004756525158882141
15 27 0 8  0.004229041747748852
15 28 0 8  0.004239419940859079
15 29 0 8  0.004551614169031382
15 30 0 8  0.003990727476775646
15 31 0 8  0.0049788434989750385
15 32 0 8  0.004582020454108715
15 33 0 8  0.004399752710014582
15 34 0 8  0.004668525420129299
15 35 0 8  0.004861039109528065
15 36 0 8  0.00431070988997817
15 37 0 8  0.0054067522287368774
15 38 0 8  0.010147337801754475
15 39 0 8  0.004694460891187191
15 40 0 8  0.004631152842193842
15 41 0 8  0.3835047483444214
15 42 0 8  0.034959301352500916
15 43 0 8  0.004613880999386311
15 44 0 8  0.2138395458459854
15 45 0 8  0.960392415523529
15 46 0 8  0.007671026978641748
15 47 0 8  0.00491925235837698
15 48 0 8  0.8870469331741333
15 49 0 8  0.48010730743408203
15 50 0 8  0.0039144642651081085
15 51 0 8  0.005162073764950037
15 52 0 8  0.07023729383945465
15 53 0 8  0.004205823875963688
15 54 0 8  0.0040642679668962955
15 55 0 8  0.004581458866596222
15 56 0 8  0.005918607115745544
15 57 0 8  0.004007281269878149
15 58 0 8  0.004305699374526739
15 59 0 8  0.004360713995993137
15 60 0 8  0.00447074044495821
15 61 0 8  0.004602591972798109
15 62 0 8  0.004431531298905611
15 63 0 8  0.004683871753513813
16 18 0 8  0.994967520236969
16 19 0 8  0.9944632053375244
16 20 0 8  0.9861166477203369
16 21 0 8  0.009252218529582024
16 22 0 8  0.005202936939895153
16 23 0 8  0.005016440525650978
16 24 0 8  0.006124543026089668
16 25 0 8  0.004373217932879925
16 26 0 8  0.004746072925627232
16 27 0 8  0.004042524378746748
16 28 0 8  0.004612368531525135
16 29 0 8  0.004971198737621307
16 30 0 8  0.00432247668504715
16 31 0 8  0.005338642746210098
16 32 0 8  0.004804663825780153
16 33 0 8  0.004333854652941227
16 34 0 8  0.004829559475183487
16 35 0 8  0.005259525962173939
16 36 0 8  0.004181797616183758
16 37 0 8  0.005203877575695515
16 38 0 8  0.009678485803306103
16 39 0 8  0.005140144377946854
16 40 0 8  0.00454340735450387
16 41 0 8  0.025182465091347694
16 42 0 8  0.41408759355545044
16 43 0 8  0.006166226230561733
16 44 0 8  0.008746522478759289
16 45 0 8  0.932235598564148
16 46 0 8  0.6011399030685425
16 47 0 8  0.004510622005909681
16 48 0 8  0.24607647955417633
16 49 0 8  0.8149479627609253
16 50 0 8  0.004421997349709272
16 51 0 8  0.004204006865620613
16 52 0 8  0.007495921105146408
16 53 0 8  0.0047900862991809845
16 54 0 8  0.004161102697253227
16 55 0 8  0.004267227835953236
16 56 0 8  0.004969753324985504
16 57 0 8  0.004142931662499905
16 58 0 8  0.004622319713234901
16 59 0 8  0.00465127918869257
16 60 0 8  0.004894504323601723
16 61 0 8  0.004973918199539185
16 62 0 8  0.0046598841436207294
16 63 0 8  0.005216646008193493
17 19 0 8  0.9946749210357666
17 20 0 8  0.9934718608856201
17 21 0 8  0.978165864944458
17 22 0 8  0.00832410529255867
17 23 0 8  0.004572243429720402
17 24 0 8  0.00495580118149519
17 25 0 8  0.004729118198156357
17 26 0 8  0.0050329528748989105
17 27 0 8  0.004462170414626598
17 28 0 8  0.004671623930335045
17 29 0 8  0.005318806506693363
17 30 0 8  0.004630798473954201
17 31 0 8  0.006276287138462067
17 32 0 8  0.004932243376970291
17 33 0 8  0.004656589590013027
17 34 0 8  0.005193185992538929
17 35 0 8  0.005811234470456839
17 36 0 8  0.004384465515613556
17 37 0 8  0.005490690469741821
17 38 0 8  0.008307872340083122
17 39 0 8  0.0048198639415204525
17 40 0 8  0.004609133582562208
17 41 0 8  0.006315032951533794
17 42 0 8  0.006122394930571318
17 43 0 8  0.004549252800643444
17 44 0 8  0.004785715602338314
17 45 0 8  0.008105741813778877
17 46 0 8  0.004545249044895172
17 47 0 8  0.004180844407528639
17 48 0 8  0.004585033282637596
17 49 0 8  0.004741299897432327
17 50 0 8  0.0037397444248199463
17 51 0 8  0.004747551865875721
17 52 0 8  0.004607865586876869
17 53 0 8  0.004329041577875614
17 54 0 8  0.004068918526172638
17 55 0 8  0.004501978866755962
17 56 0 8  0.004729124717414379
17 57 0 8  0.00423105014488101
17 58 0 8  0.004271280020475388
17 59 0 8  0.004487270954996347
17 60 0 8  0.004634623881429434
17 61 0 8  0.004796337336301804
17 62 0 8  0.004606639966368675
17 63 0 8  0.005384737625718117
18 20 0 8  0.994813084602356
18 21 0 8  0.9935191869735718
18 22 0 8  0.9894883036613464
18 23 0 8  0.007806023582816124
18 24 0 8  0.004862027708441019
18 25 0 8  0.004419364966452122
18 26 0 8  0.005709047429263592
18 27 0 8  0.00436315406113863
18 28 0 8  0.004391400143504143
18 29 0 8  0.0054113129153847694
18 30 0 8  0.0044243535958230495
18 31 0 8  0.005450937896966934
18 32 0 8  0.004516550339758396
18 33 0 8  0.004258684813976288
18 34 0 8  0.005126897245645523
18 35 0 8  0.004999498836696148
18 36 0 8  0.004305252339690924
18 37 0 8  0.020384730771183968
18 38 0 8  0.017890725284814835
18 39 0 8  0.005406535230576992
18 40 0 8  0.009758306667208672
18 41 0 8  0.44668513536453247
18 42 0 8  0.00791547354310751
18 43 0 8  0.004329928662627935
18 44 0 8  0.01762349344789982
18 45 0 8  0.12418433278799057
18 46 0 8  0.004281187430024147
18 47 0 8  0.004620959982275963
18 48 0 8  0.00745064951479435
18 49 0 8  0.004518888425081968
18 50 0 8  0.004110346082597971
18 51 0 8  0.004456802271306515
18 52 0 8  0.004913994111120701
18 53 0 8  0.004307286348193884
18 54 0 8  0.003998270258307457
18 55 0 8  0.004558850545436144
18 56 0 8  0.004769042134284973
18 57 0 8  0.004222580697387457
18 58 0 8  0.004250985570251942
18 59 0 8  0.0045180125162005424
18 60 0 8  0.0046391538344323635
18 61 0 8  0.004895574413239956
18 62 0 8  0.004647151567041874
18 63 0 8  0.005005579441785812
19 21 0 8  0.9931532144546509
19 22 0 8  0.9904029965400696
19 23 0 8  0.9855161309242249
19 24 0 8  0.0061418442055583
19 25 0 8  0.00455243606120348
19 26 0 8  0.005220544524490833
19 27 0 8  0.004599497653543949
19 28 0 8  0.004605500493198633
19 29 0 8  0.0064077479764819145
19 30 0 8  0.004215204156935215
19 31 0 8  0.005613623186945915
19 32 0 8  0.004347111098468304
19 33 0 8  0.004124556668102741
19 34 0 8  0.005803606938570738
19 35 0 8  0.00720498152077198
19 36 0 8  0.004835096187889576
19 37 0 8  0.01943606697022915
19 38 0 8  0.7486972808837891
19 39 0 8  0.02082635834813118
19 40 0 8  0.0066446298733353615
19 41 0 8  0.9466036558151245
19 42 0 8  0.8983507752418518
19 43 0 8  0.005248685367405415
19 44 0 8  0.19000205397605896
19 45 0 8  0.9158012866973877
19 46 0 8  0.04241979867219925
19 47 0 8  0.005271869245916605
19 48 0 8  0.011131314560770988
19 49 0 8  0.009513923898339272
19 50 0 8  0.004035010933876038
19 51 0 8  0.004645599517971277
19 52 0 8  0.0046699149534106255
19 53 0 8  0.004267468582838774
19 54 0 8  0.004034398123621941
19 55 0 8  0.00452306866645813
19 56 0 8  0.0045006973668932915
19 57 0 8  0.004222174175083637
19 58 0 8  0.0043530575931072235
19 59 0 8  0.004476015456020832
19 60 0 8  0.004563531372696161
19 61 0 8  0.004696968477219343
19 62 0 8  0.004505624994635582
19 63 0 8  0.005107681266963482
20 22 0 8  0.9945743680000305
20 23 0 8  0.9907726049423218
20 24 0 8  0.9897575378417969
20 25 0 8  0.006271026097238064
20 26 0 8  0.007349623367190361
20 27 0 8  0.005115769803524017
20 28 0 8  0.005185607820749283
20 29 0 8  0.012349509634077549
20 30 0 8  0.004497189074754715
20 31 0 8  0.00644082622602582
20 32 0 8  0.004315750207751989
20 33 0 8  0.0045071858912706375
20 34 0 8  0.005088220816105604
20 35 0 8  0.005258320830762386
20 36 0 8  0.004270127974450588
20 37 0 8  0.005976853892207146
20 38 0 8  0.03098636120557785
20 39 0 8  0.006462862715125084
20 40 0 8  0.00478113628923893
20 41 0 8  0.052134640514850616
20 42 0 8  0.3610024154186249
20 43 0 8  0.004631426185369492
20 44 0 8  0.004925629124045372
20 45 0 8  0.20502504706382751
20 46 0 8  0.011285060085356236
20 47 0 8  0.004574775230139494
20 48 0 8  0.008108094334602356
20 49 0 8  0.006363911088556051
20 50 0 8  0.004250660538673401
20 51 0 8  0.005025194026529789
20 52 0 8  0.008167083375155926
20 53 0 8  0.004970226436853409
20 54 0 8  0.004432326182723045
20 55 0 8  0.005368836689740419
20 56 0 8  0.0064314561896026134
20 57 0 8  0.00442893709987402
20 58 0 8  0.0045250835828483105
20 59 0 8  0.004671353846788406
20 60 0 8  0.0048456620424985886
20 61 0 8  0.004960574209690094
20 62 0 8  0.004536765627563
20 63 0 8  0.005146775860339403
21 23 0 8  0.9925262928009033
21 24 0 8  0.9876153469085693
21 25 0 8  0.9880403280258179
21 26 0 8  0.0082794688642025
21 27 0 8  0.005211885552853346
21 28 0 8  0.005018338561058044
21 29 0 8  0.008500814437866211
21 30 0 8  0.004617733880877495
21 31 0 8  0.008051902055740356
21 32 0 8  0.004237001296132803
21 33 0 8  0.004703068174421787
21 34 0 8  0.012629506178200245
21 35 0 8  0.005375412292778492
21 36 0 8  0.0042932284995913506
21 37 0 8  0.02208709344267845
21 38 0 8  0.010685612447559834
21 39 0 8  0.004487581551074982
21 40 0 8  0.005626272410154343
21 41 0 8  0.01624845340847969
21 42 0 8  0.004635182209312916
21 43 0 8  0.003994370810687542
21 44 0 8  0.0048681325279176235
21 45 0 8  0.004919745028018951
21 46 0 8  0.004328363575041294
21 47 0 8  0.004376582335680723
21 48 0 8  0.004598498344421387
21 49 0 8  0.004462095908820629
21 50 0 8  0.004219046328216791
21 51 0 8  0.004597613587975502
21 52 0 8  0.005422266200184822
21 53 0 8  0.004571777768433094
21 54 0 8  0.004140966571867466
21 55 0 8  0.004911674652248621
21 56 0 8  0.006145518273115158
21 57 0 8  0.004453367553651333
21 58 0 8  0.0045988913625478745
21 59 0 8  0.004820847883820534
21 60 0 8  0.004985826089978218
21 61 0 8  0.005224805790930986
21 62 0 8  0.004777075722813606
21 63 0 8  0.005519370548427105
22 24 0 8  0.9931546449661255
22 25 0 8  0.9911441802978516
22 26 0 8  0.9856354594230652
22 27 0 8  0.008033018559217453
22 28 0 8  0.006544650532305241
22 29 0 8  0.020976636558771133
22 30 0 8  0.005011310335248709
22 31 0 8  0.017607543617486954
22 32 0 8  0.004665082786232233
22 33 0 8  0.005522429943084717
22 34 0 8  0.3426227271556854
22 35 0 8  0.04489744454622269
22 36 0 8  0.004744173027575016
22 37 0 8  0.48815488815307617
22 38 0 8  0.9200301766395569
22 39 0 8  0.005193008575588465
22 40 0 8  0.008733280003070831
22 41 0 8  0.910778284072876
22 42 0 8  0.05090736597776413
22 43 0 8  0.0041446685791015625
22 44 0 8  0.005692583974450827
22 45 0 8  0.01700393483042717
22 46 0 8  0.003969613928347826
22 47 0 8  0.004374241456389427
22 48 0 8  0.006515724118798971
22 49 0 8  0.004936660174280405
22 50 0 8  0.0041421083733439445
22 51 0 8  0.005031571723520756
22 52 0 8  0.008172658272087574
22 53 0 8  0.00476938858628273
22 54 0 8  0.004338124766945839
22 55 0 8  0.005570407956838608
22 56 0 8  0.00654209079220891
22 57 0 8  0.00432383781298995
22 58 0 8  0.004481867887079716
22 59 0 8  0.004588161129504442
22 60 0 8  0.00469952542334795
22 61 0 8  0.004868890158832073
22 62 0 8  0.004404057748615742
22 63 0 8  0.0048203663900494576
23 25 0 8  0.9920771718025208
23 26 0 8  0.986610472202301
23 27 0 8  0.9931091070175171
23 28 0 8  0.013388062827289104
23 29 0 8  0.043811358511447906
23 30 0 8  0.005871256813406944
23 31 0 8  0.030797811225056648
23 32 0 8  0.0050996048375964165
23 33 0 8  0.00477569829672575
23 34 0 8  0.052667804062366486
23 35 0 8  0.10878273844718933
23 36 0 8  0.004719753749668598
23 37 0 8  0.012056122533977032
23 38 0 8  0.9061543941497803
23 39 0 8  0.04418836534023285
23 40 0 8  0.004383181221783161
23 41 0 8  0.346228688955307
23 42 0 8  0.5753512978553772
23 43 0 8  0.004565868526697159
23 44 0 8  0.005052064545452595
23 45 0 8  0.02136552706360817
23 46 0 8  0.004599906504154205
23 47 0 8  0.004559806548058987
23 48 0 8  0.008104600012302399
23 49 0 8  0.005200018174946308
23 50 0 8  0.004347536712884903
23 51 0 8  0.005978831090033054
23 52 0 8  0.009065263904631138
23 53 0 8  0.004763533361256123
23 54 0 8  0.004515978507697582
23 55 0 8  0.005687180440872908
23 56 0 8  0.0067047481425106525
23 57 0 8  0.004479381255805492
23 58 0 8  0.004538229666650295
23 59 0 8  0.004839370027184486
23 60 0 8  0.004817967303097248
23 61 0 8  0.004912251140922308
23 62 0 8  0.004516545683145523
23 63 0 8  0.0051260534673929214
24 26 0 8  0.9902149438858032
24 27 0 8  0.9925785064697266
24 28 0 8  0.9924753308296204
24 29 0 8  0.01953047141432762
24 30 0 8  0.005383150652050972
24 31 0 8  0.006166668608784676
24 32 0 8  0.00461446400731802
24 33 0 8  0.00457788398489356
24 34 0 8  0.0068446192890405655
24 35 0 8  0.0050473446026444435
24 36 0 8  0.004365675617009401
24 37 0 8  0.004760026000440121
24 38 0 8  0.006743678357452154
24 39 0 8  0.004253505729138851
24 40 0 8  0.0043589831329882145
24 41 0 8  0.004461055621504784
24 42 0 8  0.005460332613438368
24 43 0 8  0.003923241980373859
24 44 0 8  0.004176459740847349
24 45 0 8  0.004142814315855503
24 46 0 8  0.003902751486748457
24 47 0 8  0.004195329733192921
24 48 0 8  0.00444771908223629
24 49 0 8  0.0041291723027825356
24 50 0 8  0.004107926972210407
24 51 0 8  0.004640615079551935
24 52 0 8  0.005685746669769287
24 53 0 8  0.004430083557963371
24 54 0 8  0.00418626144528389
24 55 0 8  0.005518721416592598
24 56 0 8  0.005447030067443848
24 57 0 8  0.0043053897097706795
24 58 0 8  0.004493516869843006
24 59 0 8  0.00491885282099247
24 60 0 8  0.00509543577209115
24 61 0 8  0.005048485938459635
24 62 0 8  0.004871862009167671
24 63 0 8  0.005977066233754158
25 27 0 8  0.9941009283065796
25 28 0 8  0.9927212595939636
25 29 0 8  0.992804765701294
25 30 0 8  0.0292198546230793
25 31 0 8  0.03312503919005394
25 32 0 8  0.006170785520225763
25 33 0 8  0.02744057960808277
25 34 0 8  0.2843800187110901
25 35 0 8  0.006561356596648693
25 36 0 8  0.004438384436070919
25 37 0 8  0.08874935656785965
25 38 0 8  0.04130803793668747
25 39 0 8  0.004407842643558979
25 40 0 8  0.004316202364861965
25 41 0 8  0.007482428103685379
25 42 0 8  0.004506985656917095
25 43 0 8  0.004378441721200943
25 44 0 8  0.004660680890083313
25 45 0 8  0.004433613270521164
25 46 0 8  0.004458213225007057
25 47 0 8  0.004105048254132271
25 48 0 8  0.005446072667837143
25 49 0 8  0.00438682921230793
25 50 0 8  0.003906937316060066
25 51 0 8  0.004927999805659056
25 52 0 8  0.006935860030353069
25 53 0 8  0.004241410177201033
25 54 0 8  0.004210016690194607
25 55 0 8  0.005562983453273773
25 56 0 8  0.005684517323970795
25 57 0 8  0.004377065226435661
25 58 0 8  0.004917287267744541
25 59 0 8  0.00534956157207489
25 60 0 8  0.005129549652338028
25 61 0 8  0.005258975550532341
25 62 0 8  0.004875021521002054
25 63 0 8  0.006122560705989599
26 28 0 8  0.9906446933746338
26 29 0 8  0.9912786483764648
26 30 0 8  0.9774031639099121
26 31 0 8  0.6871433258056641
26 32 0 8  0.016811704263091087
26 33 0 8  0.014103707857429981
26 34 0 8  0.972598135471344
26 35 0 8  0.7446306347846985
26 36 0 8  0.004096880555152893
26 37 0 8  0.4150838255882263
26 38 0 8  0.9081119298934937
26 39 0 8  0.005136589519679546
26 40 0 8  0.004586420487612486
26 41 0 8  0.02739633247256279
26 42 0 8  0.00619105389341712
26 43 0 8  0.0040276190266013145
26 44 0 8  0.004832872189581394
26 45 0 8  0.005478448234498501
26 46 0 8  0.004334801342338324
26 47 0 8  0.004434878937900066
26 48 0 8  0.009543297812342644
26 49 0 8  0.005273485090583563
26 50 0 8  0.004295532591640949
26 51 0 8  0.00800897553563118
26 52 0 8  0.014711987227201462
26 53 0 8  0.005300721153616905
26 54 0 8  0.004989379085600376
26 55 0 8  0.008844285272061825
26 56 0 8  0.008917792700231075
26 57 0 8  0.004849161021411419
26 58 0 8  0.004839202389121056
26 59 0 8  0.005188325420022011
26 60 0 8  0.005362179130315781
26 61 0 8  0.005238889716565609
26 62 0 8  0.004870699718594551
26 63 0 8  0.0061384341679513454
27 29 0 8  0.9940207004547119
27 30 0 8  0.9868284463882446
27 31 0 8  0.9892971515655518
27 32 0 8  0.006706102751195431
27 33 0 8  0.005761357489973307
27 34 0 8  0.06886565685272217
27 35 0 8  0.025888673961162567
27 36 0 8  0.004196377005428076
27 37 0 8  0.004547005519270897
27 38 0 8  0.13682357966899872
27 39 0 8  0.004770438652485609
27 40 0 8  0.0039039538241922855
27 41 0 8  0.003940207418054342
27 42 0 8  0.005699550732970238
27 43 0 8  0.004089703783392906
27 44 0 8  0.00441401731222868
27 45 0 8  0.004446406848728657
27 46 0 8  0.004417434334754944
27 47 0 8  0.004149214364588261
27 48 0 8  0.005274523980915546
27 49 0 8  0.004477941431105137
27 50 0 8  0.0039208331145346165
27 51 0 8  0.005925741046667099
27 52 0 8  0.005829590372741222
27 53 0 8  0.004672456067055464
27 54 0 8  0.004574522376060486
27 55 0 8  0.006731369998306036
27 56 0 8  0.005837436765432358
27 57 0 8  0.004972734488546848
27 58 0 8  0.0051721748895943165
27 59 0 8  0.005383737850934267
27 60 0 8  0.0058877659030258656
27 61 0 8  0.006641493644565344
27 62 0 8  0.005909934639930725
27 63 0 8  0.007055790163576603
28 30 0 8  0.9892486929893494
28 31 0 8  0.9824349880218506
28 32 0 8  0.9298069477081299
28 33 0 8  0.010802984237670898
28 34 0 8  0.024487212300300598
28 35 0 8  0.005049423314630985
28 36 0 8  0.004437599331140518
28 37 0 8  0.005134006030857563
28 38 0 8  0.004330012947320938
28 39 0 8  0.004000901244580746
28 40 0 8  0.00473282765597105
28 41 0 8  0.004073606804013252
28 42 0 8  0.004224724136292934
28 43 0 8  0.004010186996310949
28 44 0 8  0.00445198081433773
28 45 0 8  0.004345796070992947
28 46 0 8  0.0042898752726614475
28 47 0 8  0.004314343445003033
28 48 0 8  0.00531410425901413
28 49 0 8  0.004616140387952328
28 50 0 8  0.004251422360539436
28 51 0 8  0.006922020576894283
28 52 0 8  0.006130006164312363
28 53 0 8  0.004726738668978214
28 54 0 8  0.004815457388758659
28 55 0 8  0.00887569971382618
28 56 0 8  0.006115417927503586
28 57 0 8  0.0051453737542033195
28 58 0 8  0.005386217497289181
28 59 0 8  0.005879116244614124
28 60 0 8  0.0066540478728711605
28 61 0 8  0.007329699583351612
28 62 0 8  0.006537937093526125
28 63 0 8  0.007675295230001211
29 31 0 8  0.9925907850265503
29 32 0 8  0.9834234714508057
29 33 0 8  0.9894930124282837
29 34 0 8  0.8681859970092773
29 35 0 8  0.02944369614124298
29 36 0 8  0.005042514763772488
29 37 0 8  0.12576106190681458
29 38 0 8  0.012807796709239483
29 39 0 8  0.004316662438213825
29 40 0 8  0.004436278250068426
29 41 0 8  0.004912157077342272
29 42 0 8  0.0044906120747327805
29 43 0 8  0.004123147111386061
29 44 0 8  0.004744589328765869
29 45 0 8  0.004173833876848221
29 46 0 8  0.004272641614079475
29 47 0 8  0.00447708647698164
29 48 0 8  0.006302427500486374
29 49 0 8  0.004521284252405167
29 50 0 8  0.00424507912248373
29 51 0 8  0.007757736369967461
29 52 0 8  0.00944019015878439
29 53 0 8  0.005078536923974752
29 54 0 8  0.005062561482191086
29 55 0 8  0.009484324604272842
29 56 0 8  0.008051318116486073
29 57 0 8  0.005223833955824375
29 58 0 8  0.005402568727731705
29 59 0 8  0.005794931203126907
29 60 0 8  0.00622901413589716
29 61 0 8  0.0069615477696061134
29 62 0 8  0.006538068875670433
29 63 0 8  0.007978159934282303
30 32 0 8  0.9889340400695801
30 33 0 8  0.9898269176483154
30 34 0 8  0.9891822338104248
30 35 0 8  0.021710321307182312
30 36 0 8  0.004541393369436264
30 37 0 8  0.0054155210964381695
30 38 0 8  0.004766865633428097
30 39 0 8  0.00424132589250803
30 40 0 8  0.004375325981527567
30 41 0 8  0.003816856537014246
30 42 0 8  0.004359761252999306
30 43 0 8  0.003966933581978083
30 44 0 8  0.004181812983006239
30 45 0 8  0.0037538514006882906
30 46 0 8  0.0041874488815665245
30 47 0 8  0.004100858699530363
30 48 0 8  0.0047582099214196205
30 49 0 8  0.004265845753252506
30 50 0 8  0.0040544988587498665
30 51 0 8  0.006360821425914764
30 52 0 8  0.005539724603295326
30 53 0 8  0.004648433532565832
30 54 0 8  0.004659639671444893
30 55 0 8  0.008345689624547958
30 56 0 8  0.005927295424044132
30 57 0 8  0.004924928769469261
30 58 0 8  0.00504638534039259
30 59 0 8  0.005905820522457361
30 60 0 8  0.006373654119670391
30 61 0 8  0.007291970308870077
30 62 0 8  0.006830405443906784
30 63 0 8  0.007376424968242645
31 33 0 8  0.9936637878417969
31 34 0 8  0.994910717010498
31 35 0 8  0.9970769286155701
31 36 0 8  0.005342522636055946
31 37 0 8  0.010916495695710182
31 38 0 8  0.017118241637945175
31 39 0 8  0.004711424000561237
31 40 0 8  0.004871088080108166
31 41 0 8  0.0050798458978533745
31 42 0 8  0.00466635636985302
31 43 0 8  0.004378293175250292
31 44 0 8  0.004581306129693985
31 45 0 8  0.004244581796228886
31 46 0 8  0.004399067722260952
31 47 0 8  0.004583831876516342
31 48 0 8  0.0052964817732572556
31 49 0 8  0.00481314305216074
31 50 0 8  0.004343810956925154
31 51 0 8  0.005966768600046635
31 52 0 8  0.006432426627725363
31 53 0 8  0.00499732606112957
31 54 0 8  0.004824603442102671
31 55 0 8  0.006553361192345619
31 56 0 8  0.006874190643429756
31 57 0 8  0.004800170660018921
31 58 0 8  0.005081461742520332
31 59 0 8  0.00508242379873991
31 60 0 8  0.0056555429473519325
31 61 0 8  0.006356174126267433
31 62 0 8  0.006255260668694973
31 63 0 8  0.007395284250378609
32 34 0 8  0.9876068830490112
32 35 0 8  0.9950798749923706
32 36 0 8  0.9968065023422241
32 37 0 8  0.005921653471887112
32 38 0 8  0.004839280620217323
32 39 0 8  0.00421975739300251
32 40 0 8  0.004598307888954878
32 41 0 8  0.004075095057487488
32 42 0 8  0.004404755309224129
32 43 0 8  0.004136134870350361
32 44 0 8  0.00435395073145628
32 45 0 8  0.004053705371916294
32 46 0 8  0.004275798797607422
32 47 0 8  0.004348526243120432
32 48 0 8  0.004507475532591343
32 49 0 8  0.004182363860309124
32 50 0 8  0.004166868515312672
32 51 0 8  0.004997199401259422
32 52 0 8  0.004793369211256504
32 53 0 8  0.004376428667455912
32 54 0 8  0.004189871251583099
32 55 0 8  0.005509162787348032
32 56 0 8  0.004748387262225151
32 57 0 8  0.004336616024374962
32 58 0 8  0.0043390048667788506
32 59 0 8  0.004633934702724218
32 60 0 8  0.004940601531416178
32 61 0 8  0.005345555488020182
32 62 0 8  0.005393385421484709
32 63 0 8  0.00612478144466877
33 35 0 8  0.9951187372207642
33 36 0 8  0.9953228235244751
33 37 0 8  0.9961203932762146
33 38 0 8  0.00516044907271862
33 39 0 8  0.004510585684329271
33 40 0 8  0.0041441116482019424
33 41 0 8  0.004232774488627911
33 42 0 8  0.004499887581914663
33 43 0 8  0.004339189268648624
33 44 0 8  0.004350261762738228
33 45 0 8  0.004188699647784233
33 46 0 8  0.004266249015927315
33 47 0 8  0.004101993050426245
33 48 0 8  0.004440729506313801
33 49 0 8  0.004132078029215336
33 50 0 8  0.004045540001243353
33 51 0 8  0.004844745621085167
33 52 0 8  0.004608689807355404
33 53 0 8  0.004217648878693581
33 54 0 8  0.004014577716588974
33 55 0 8  0.005285802762955427
33 56 0 8  0.0047452072612941265
33 57 0 8  0.004262472502887249
33 58 0 8  0.0044680312275886536
33 59 0 8  0.004488840699195862
33 60 0 8  0.004763344302773476
33 61 0 8  0.005305755417793989
33 62 0 8  0.0048951320350170135
33 63 0 8  0.005599374882876873
34 36 0 8  0.9947876930236816
34 37 0 8  0.9937757253646851
34 38 0 8  0.9972341060638428
34 39 0 8  0.004880295135080814
34 40 0 8  0.0045912740752100945
34 41 0 8  0.0048078433610498905
34 42 0 8  0.004865559749305248
34 43 0 8  0.004407973028719425
34 44 0 8  0.0045774271711707115
34 45 0 8  0.0046823774464428425
34 46 0 8  0.00423674751073122
34 47 0 8  0.004398308228701353
34 48 0 8  0.004916519392281771
34 49 0 8  0.004327856935560703
34 50 0 8  0.0043400428257882595
34 51 0 8  0.004797223024070263
34 52 0 8  0.005178446881473064
34 53 0 8  0.0043097324669361115
34 54 0 8  0.003968269098550081
34 55 0 8  0.005381731782108545
34 56 0 8  0.005327590275555849
34 57 0 8  0.004070042632520199
34 58 0 8  0.004480074159801006
34 59 0 8  0.004380430094897747
34 60 0 8  0.004503169097006321
34 61 0 8  0.0047309608198702335
34 62 0 8  0.004249297082424164
34 63 0 8  0.005039208568632603
35 37 0 8  0.9965251088142395
35 38 0 8  0.994347095489502
35 39 0 8  0.9972790479660034
35 40 0 8  0.0050361864268779755
35 41 0 8  0.004621773026883602
35 42 0 8  0.00463416613638401
35 43 0 8  0.00504531292244792
35 44 0 8  0.005032441578805447
35 45 0 8  0.004865976516157389
35 46 0 8  0.00457804836332798
35 47 0 8  0.004586522467434406
35 48 0 8  0.005293845199048519
35 49 0 8  0.0047980304807424545
35 50 0 8  0.004366074688732624
35 51 0 8  0.004810829646885395
35 52 0 8  0.005681466311216354
35 53 0 8  0.00470605818554759
35 54 0 8  0.004389766603708267
35 55 0 8  0.005195002071559429
35 56 0 8  0.005230455659329891
35 57 0 8  0.004445047117769718
35 58 0 8  0.004598523955792189
35 59 0 8  0.004678118042647839
35 60 0 8  0.004879278130829334
35 61 0 8  0.0054487320594489574
35 62 0 8  0.005121887195855379
35 63 0 8  0.0062235621735453606
36 38 0 8  0.9962418079376221
36 39 0 8  0.99378502368927
36 40 0 8  0.9960464239120483
36 41 0 8  0.0049156248569488525
36 42 0 8  0.004410968162119389
36 43 0 8  0.004443110898137093
36 44 0 8  0.004669923335313797
36 45 0 8  0.0043822359293699265
36 46 0 8  0.0043991925194859505
36 47 0 8  0.004048500210046768
36 48 0 8  0.004395811818540096
36 49 0 8  0.004242327995598316
36 50 0 8  0.004051525145769119
36 51 0 8  0.004777722526341677
36 52 0 8  0.004275253973901272
36 53 0 8  0.00396481528878212
36 54 0 8  0.004020112566649914
36 55 0 8  0.00484200194478035
36 56 0 8  0.004297142848372459
36 57 0 8  0.0039072358049452305
36 58 0 8  0.004344254732131958
36 59 0 8  0.004644645377993584
36 60 0 8  0.004784835502505302
36 61 0 8  0.004775607027113438
36 62 0 8  0.0046487534418702126
36 63 0 8  0.005490235053002834
37 39 0 8  0.9961857199668884
37 40 0 8  0.992567777633667
37 41 0 8  0.9960144758224487
37 42 0 8  0.004967148881405592
37 43 0 8  0.003977692686021328
37 44 0 8  0.004754296038299799
37 45 0 8  0.004759091883897781
37 46 0 8  0.004491501022130251
37 47 0 8  0.004600046668201685
37 48 0 8  0.005753029137849808
37 49 0 8  0.004915401805192232
37 50 0 8  0.004271985497325659
37 51 0 8  0.005486578680574894
37 52 0 8  0.0054762037470936775
37 53 0 8  0.004979301244020462
37 54 0 8  0.0042596845887601376
37 55 0 8  0.005613523535430431
37 56 0 8  0.005817284807562828
37 57 0 8  0.0043943277560174465
37 58 0 8  0.004746070597320795
37 59 0 8  0.004540854133665562
37 60 0 8  0.004755901172757149
37 61 0 8  0.004962059669196606
37 62 0 8  0.00456485990434885
37 63 0 8  0.0052659460343420506
38 40 0 8  0.996727705001831
38 41 0 8  0.9918496608734131
38 42 0 8  0.9947974681854248
38 43 0 8  0.0049936166033148766
38 44 0 8  0.004738876596093178
38 45 0 8  0.005592638626694679
38 46 0 8  0.0052159796468913555
38 47 0 8  0.004691639449447393
38 48 0 8  0.005385001190006733
38 49 0 8  0.004618797916918993
38 50 0 8  0.004262358881533146
38 51 0 8  0.004525891039520502
38 52 0 8  0.005302486941218376
38 53 0 8  0.004281432833522558
38 54 0 8  0.0039220224134624004
38 55 0 8  0.0045567709021270275
38 56 0 8  0.004816915839910507
38 57 0 8  0.00419682078063488
38 58 0 8  0.004542706999927759
38 59 0 8  0.004419444128870964
38 60 0 8  0.004757840186357498
38 61 0 8  0.004756338894367218
38 62 0 8  0.004510032944381237
38 63 0 8  0.005304422229528427
39 41 0 8  0.9960750341415405
39 42 0 8  0.9937342405319214
39 43 0 8  0.9968234300613403
39 44 0 8  0.0045179035514593124
39 45 0 8  0.004582028836011887
39 46 0 8  0.00460435077548027
39 47 0 8  0.004800909198820591
39 48 0 8  0.005125759169459343
39 49 0 8  0.004669753834605217
39 50 0 8  0.0044556064531207085
39 51 0 8  0.00456514535471797
39 52 0 8  0.004619511775672436
39 53 0 8  0.004393699113279581
39 54 0 8  0.004231510683894157
39 55 0 8  0.004842884838581085
39 56 0 8  0.004721379838883877
39 57 0 8  0.004348349757492542
39 58 0 8  0.004666375927627087
39 59 0 8  0.004755974747240543
39 60 0 8  0.005066541023552418
39 61 0 8  0.005028950981795788
39 62 0 8  0.005179133266210556
39 63 0 8  0.006245766766369343
40 42 0 8  0.9965513348579407
40 43 0 8  0.9930609464645386
40 44 0 8  0.9944536089897156
40 45 0 8  0.00548981036990881
40 46 0 8  0.004341429099440575
40 47 0 8  0.0048986999318003654
40 48 0 8  0.006016555707901716
40 49 0 8  0.004378860350698233
40 50 0 8  0.0043577090837061405
40 51 0 8  0.004923361353576183
40 52 0 8  0.004509128630161285
40 53 0 8  0.0044919345527887344
40 54 0 8  0.004167146980762482
40 55 0 8  0.004695495590567589
40 56 0 8  0.004688222426921129
40 57 0 8  0.004413522779941559
40 58 0 8  0.00481010414659977
40 59 0 8  0.005079498514533043
40 60 0 8  0.005102341994643211
40 61 0 8  0.0052785445004701614
40 62 0 8  0.005089218728244305
40 63 0 8  0.006344916298985481
41 43 0 8  0.9954766035079956
41 44 0 8  0.9942331910133362
41 45 0 8  0.9938935041427612
41 46 0 8  0.005196369253098965
41 47 0 8  0.0046568275429308414
41 48 0 8  0.02001097798347473
41 49 0 8  0.0054725296795368195
41 50 0 8  0.004971126094460487
41 51 0 8  0.005620758980512619
41 52 0 8  0.007394242100417614
41 53 0 8  0.004525014664977789
41 54 0 8  0.004189228639006615
41 55 0 8  0.004743998404592276
41 56 0 8  0.00522937998175621
41 57 0 8  0.0043875109404325485
41 58 0 8  0.00446801632642746
41 59 0 8  0.004477553069591522
41 60 0 8  0.004928195383399725
41 61 0 8  0.00459585664793849
41 62 0 8  0.0043285926803946495
41 63 0 8  0.0048180799931287766
42 44 0 8  0.9962172508239746
42 45 0 8  0.9929267764091492
42 46 0 8  0.9965946674346924
42 47 0 8  0.005195732228457928
42 48 0 8  0.005239227320998907
42 49 0 8  0.004716980271041393
42 50 0 8  0.004796372726559639
42 51 0 8  0.004759973846375942
42 52 0 8  0.004809735342860222
42 53 0 8  0.0047351159155368805
42 54 0 8  0.004477189388126135
42 55 0 8  0.004674951545894146
42 56 0 8  0.0045624589547514915
42 57 0 8  0.004368589259684086
42 58 0 8  0.004582537338137627
42 59 0 8  0.004751197062432766
42 60 0 8  0.005242971237748861
42 61 0 8  0.005455573555082083
42 62 0 8  0.0055596898309886456
42 63 0 8  0.007936935871839523
43 45 0 8  0.9951522946357727
43 46 0 8  0.9946074485778809
43 47 0 8  0.9931249022483826
43 48 0 8  0.00470342393964529
43 49 0 8  0.0045322999358177185
43 50 0 8  0.004380513913929462
43 51 0 8  0.004940883256494999
43 52 0 8  0.004571628291159868
43 53 0 8  0.004517950117588043
43 54 0 8  0.003984290175139904
43 55 0 8  0.0050628953613340855
43 56 0 8  0.0045496257953345776
43 57 0 8  0.004208842292428017
43 58 0 8  0.004501406569033861
43 59 0 8  0.004699652548879385
43 60 0 8  0.004984165541827679
43 61 0 8  0.005537538789212704
43 62 0 8  0.006089639849960804
43 63 0 8  0.009272975847125053
44 46 0 8  0.996597170829773
44 47 0 8  0.9953399896621704
44 48 0 8  0.9940333366394043
44 49 0 8  0.005045948550105095
44 50 0 8  0.004847172647714615
44 51 0 8  0.006096958182752132
44 52 0 8  0.006593617144972086
44 53 0 8  0.004877190105617046
44 54 0 8  0.004446723032742739
44 55 0 8  0.004980637691915035
44 56 0 8  0.00525670824572444
44 57 0 8  0.0043234918266534805
44 58 0 8  0.00471015740185976
44 59 0 8  0.004834026098251343
44 60 0 8  0.005366181023418903
44 61 0 8  0.005417524836957455
44 62 0 8  0.00526021420955658
44 63 0 8  0.006490337196737528
45 47 0 8  0.9942734241485596
45 48 0 8  0.9965028762817383
45 49 0 8  0.9949134588241577
45 50 0 8  0.00493582570925355
45 51 0 8  0.0047732163220644
45 52 0 8  0.006395445205271244
45 53 0 8  0.004966886714100838
45 54 0 8  0.004737783223390579
45 55 0 8  0.004661360755562782
45 56 0 8  0.004880243446677923
45 57 0 8  0.004464037250727415
45 58 0 8  0.004454637877643108
45 59 0 8  0.004515865817666054
45 60 0 8  0.005422322079539299
45 61 0 8  0.005166313610970974
45 62 0 8  0.00538252480328083
45 63 0 8  0.006818138528615236
46 48 0 8  0.9949672222137451
46 49 0 8  0.9918626546859741
46 50 0 8  0.9966084957122803
46 51 0 8  0.004888605326414108
46 52 0 8  0.004711272194981575
46 53 0 8  0.004662329331040382
46 54 0 8  0.004643306136131287
46 55 0 8  0.005158750340342522
46 56 0 8  0.004683142527937889
46 57 0 8  0.004398264456540346
46 58 0 8  0.005145922303199768
46 59 0 8  0.006028969772160053
46 60 0 8  0.012629363685846329
46 61 0 8  0.01637108623981476
46 62 0 8  0.02602274715900421
46 63 0 8  0.047112323343753815
47 49 0 8  0.995879054069519
47 50 0 8  0.9938461780548096
47 51 0 8  0.9964078664779663
47 52 0 8  0.005247130990028381
47 53 0 8  0.00459060026332736
47 54 0 8  0.0041571082547307014
47 55 0 8  0.005086018703877926
47 56 0 8  0.004573778249323368
47 57 0 8  0.004128757864236832
47 58 0 8  0.004903335124254227
47 59 0 8  0.0053076664917171
47 60 0 8  0.007635439746081829
47 61 0 8  0.008622048422694206
47 62 0 8  0.013595041818916798
47 63 0 8  0.019196901470422745
48 50 0 8  0.9956146478652954
48 51 0 8  0.9941359758377075
48 52 0 8  0.9964137673377991
48 53 0 8  0.005250775720924139
48 54 0 8  0.004250925965607166
48 55 0 8  0.004595337435603142
48 56 0 8  0.006067989394068718
48 57 0 8  0.003943971358239651
48 58 0 8  0.004390348680317402
48 59 0 8  0.004660368897020817
48 60 0 8  0.005990756209939718
48 61 0 8  0.0061238715425133705
48 62 0 8  0.0062256320379674435
48 63 0 8  0.007907180115580559
49 51 0 8  0.9946854114532471
49 52 0 8  0.9942642450332642
49 53 0 8  0.9959172606468201
49 54 0 8  0.004615731071680784
49 55 0 8  0.004341824911534786
49 56 0 8  0.006115319672971964
49 57 0 8  0.0048314365558326244
49 58 0 8  0.007833261974155903
49 59 0 8  0.010731665417551994
49 60 0 8  0.032800205051898956
49 61 0 8  0.019741281867027283
49 62 0 8  0.01778409630060196
49 63 0 8  0.021709976717829704
50 52 0 8  0.9953611493110657
50 53 0 8  0.9939132928848267
50 54 0 8  0.9956137537956238
50 55 0 8  0.005151629913598299
50 56 0 8  0.0047615161165595055
50 57 0 8  0.005598828196525574
50 58 0 8  0.025714248418807983
50 59 0 8  0.03234867751598358
50 60 0 8  0.06786368787288666
50 61 0 8  0.046440184116363525
50 62 0 8  0.06104498356580734
50 63 0 8  0.07573878765106201
51 53 0 8  0.995913028717041
51 54 0 8  0.9940683841705322
51 55 0 8  0.9958449602127075
51 56 0 8  0.008471023291349411
51 57 0 8  0.005082221236079931
51 58 0 8  0.006888236850500107
51 59 0 8  0.01389426738023758
51 60 0 8  0.020231474190950394
51 61 0 8  0.01453273743391037
51 62 0 8  0.013818091712892056
51 63 0 8  0.01907850056886673
52 54 0 8  0.9953697919845581
52 55 0 8  0.9940344095230103
52 56 0 8  0.9961264133453369
52 57 0 8  0.020128052681684494
52 58 0 8  0.015875332057476044
52 59 0 8  0.01285560056567192
52 60 0 8  0.014694064855575562
52 61 0 8  0.010419024154543877
52 62 0 8  0.008158734068274498
52 63 0 8  0.009364878758788109
53 55 0 8  0.9944063425064087
53 56 0 8  0.9947983026504517
53 57 0 8  0.9937724471092224
53 58 0 8  0.29143065214157104
53 59 0 8  0.15395238995552063
53 60 0 8  0.16349485516548157
53 61 0 8  0.06040295585989952
53 62 0 8  0.03629601001739502
53 63 0 8  0.039826907217502594
54 56 0 8  0.9902560710906982
54 57 0 8  0.9915825128555298
54 58 0 8  0.9887294769287109
54 59 0 8  0.2001735270023346
54 60 0 8  0.18657468259334564
54 61 0 8  0.06119159981608391
54 62 0 8  0.05954714119434357
54 63 0 8  0.06112805753946304
55 57 0 8  0.9898043870925903
55 58 0 8  0.9904923439025879
55 59 0 8  0.9701008796691895
55 60 0 8  0.05112248659133911
55 61 0 8  0.0210421085357666
55 62 0 8  0.017087392508983612
55 63 0 8  0.02841578610241413
56 58 0 8  0.9869332313537598
56 59 0 8  0.9891496896743774
56 60 0 8  0.9812473058700562
56 61 0 8  0.04117664322257042
56 62 0 8  0.02469162829220295
56 63 0 8  0.027044501155614853
57 59 0 8  0.9778017401695251
57 60 0 8  0.9904351234436035
57 61 0 8  0.9868978261947632
57 62 0 8  0.12499497830867767
57 63 0 8  0.1747593730688095
58 60 0 8  0.9850846529006958
58 61 0 8  0.9889619946479797
58 62 0 8  0.9735865592956543
58 63 0 8  0.2600642740726471
59 61 0 8  0.9820177555084229
59 62 0 8  0.9783884286880493
59 63 0 8  0.9475218057632446
60 62 0 8  0.9705052375793457
60 63 0 8  0.9559140205383301
61 63 0 8  0.8976219892501831
