46	49	0	8	0.99964
45	48	0	8	0.99958
47	50	0	8	0.99957
49	52	0	8	0.99953
42	45	0	8	0.99943
48	51	0	8	0.99942
44	47	0	8	0.99929
38	41	0	8	0.99858
41	44	0	8	0.99846
39	42	0	8	0.99844
45	49	0	8	0.99841
48	52	0	8	0.99831
46	50	0	8	0.99826
50	53	0	8	0.99796
43	46	0	8	0.99796
12	15	0	8	0.99787
44	48	0	8	0.99771
41	45	0	8	0.99744
10	13	0	8	0.99673
11	14	0	8	0.99661
47	51	0	8	0.99660
35	38	0	8	0.99633
5	8	0	8	0.99632
8	11	0	8	0.99626
37	40	0	8	0.99626
36	39	0	8	0.99607
52	55	0	8	0.99570
40	43	0	8	0.99559
7	10	0	8	0.99522
6	9	0	8	0.99506
38	42	0	8	0.99485
11	15	0	8	0.99476
51	54	0	8	0.99471
9	12	0	8	0.99437
49	53	0	8	0.99437
43	47	0	8	0.99434
13	16	0	8	0.99415
42	46	0	8	0.99336
40	44	0	8	0.99127
39	43	0	8	0.99085
3	6	0	8	0.99078
22	25	0	8	0.99036
15	18	0	8	0.99002
5	9	0	8	0.98987
50	54	0	8	0.98980
4	7	0	8	0.98963
12	16	0	8	0.98959
10	14	0	8	0.98947
23	26	0	8	0.98939
14	17	0	8	0.98937
6	10	0	8	0.98908
37	41	0	8	0.98863
21	24	0	8	0.98823
20	23	0	8	0.98800
7	11	0	8	0.98781
53	56	0	8	0.98757
34	37	0	8	0.98735
8	12	0	8	0.98677
9	13	0	8	0.98582
19	22	0	8	0.98462
36	40	0	8	0.98446
4	8	0	8	0.98354
2	5	0	8	0.98298
35	39	0	8	0.98196
13	17	0	8	0.98099
2	6	0	8	0.98020
52	56	0	8	0.97687
51	55	0	8	0.97672
3	7	0	8	0.97667
14	18	0	8	0.97650
20	24	0	8	0.97542
19	23	0	8	0.97527
22	26	0	8	0.97220
21	25	0	8	0.97047
34	38	0	8	0.96661
16	19	0	8	0.96101
15	19	0	8	0.95398
18	22	0	8	0.93996
33	36	0	8	0.93718
32	35	0	8	0.93295
18	21	0	8	0.92881
1	5	0	8	0.92756
33	37	0	8	0.91221
54	57	0	8	0.88527
17	20	0	8	0.88098
24	27	0	8	0.87460
31	35	0	8	0.87037
53	57	0	8	0.85714
16	20	0	8	0.85225
25	28	0	8	0.84839
31	34	0	8	0.83786
17	21	0	8	0.82841
32	36	0	8	0.82715
23	27	0	8	0.82414
26	35	0	8	0.82181
26	29	0	8	0.80557
23	38	0	8	0.75653
12	49	0	8	0.75059
1	6	0	8	0.74840
24	28	0	8	0.74324
26	31	0	8	0.72321
57	60	0	8	0.71742
25	29	0	8	0.70755
19	42	0	8	0.69740
16	45	0	8	0.69663
26	38	0	8	0.69117
15	45	0	8	0.68398
26	34	0	8	0.68050
22	38	0	8	0.66980
23	35	0	8	0.65412
19	45	0	8	0.64715
16	49	0	8	0.62943
19	41	0	8	0.62624
23	42	0	8	0.62340
23	39	0	8	0.61598
12	48	0	8	0.61476
12	52	0	8	0.60281
12	45	0	8	0.59962
9	52	0	8	0.57306
8	52	0	8	0.57000
15	48	0	8	0.56196
19	38	0	8	0.55591
54	58	0	8	0.52336
20	42	0	8	0.50945
56	60	0	8	0.49878
13	49	0	8	0.48456
9	49	0	8	0.48411
30	34	0	8	0.47027
57	61	0	8	0.46665
27	35	0	8	0.46128
16	42	0	8	0.44998
60	63	0	8	0.44902
1	9	0	8	0.44279
27	30	0	8	0.43941
22	41	0	8	0.43898
5	56	0	8	0.42968
27	31	0	8	0.42396
56	59	0	8	0.42036
26	32	0	8	0.40514
30	33	0	8	0.37896
9	56	0	8	0.37787
9	53	0	8	0.37708
15	49	0	8	0.36579
53	58	0	8	0.35694
5	52	0	8	0.35620
16	46	0	8	0.35385
15	41	0	8	0.33032
29	34	0	8	0.31411
11	48	0	8	0.31273
55	58	0	8	0.31023
59	62	0	8	0.30654
26	30	0	8	0.30583
58	61	0	8	0.30019
56	63	0	8	0.29742
27	32	0	8	0.29699
23	41	0	8	0.29594
57	62	0	8	0.28381
56	61	0	8	0.27815
57	63	0	8	0.26555
15	44	0	8	0.26234
56	62	0	8	0.25886
53	60	0	8	0.24736
53	63	0	8	0.23781
55	59	0	8	0.23623
29	32	0	8	0.23435
53	59	0	8	0.23383
30	35	0	8	0.23032
8	56	0	8	0.22793
8	48	0	8	0.21817
59	63	0	8	0.20876
1	4	0	8	0.20800
20	38	0	8	0.20400
28	31	0	8	0.19928
11	52	0	8	0.19417
22	37	0	8	0.19284
22	34	0	8	0.18949
20	45	0	8	0.18498
58	62	0	8	0.18324
29	35	0	8	0.18173
22	35	0	8	0.17523
8	55	0	8	0.17490
54	59	0	8	0.16821
1	56	0	8	0.16299
5	55	0	8	0.16272
13	45	0	8	0.16251
26	37	0	8	0.16074
19	44	0	8	0.16027
54	60	0	8	0.15568
18	45	0	8	0.15358
18	41	0	8	0.15116
22	42	0	8	0.14592
25	38	0	8	0.14350
16	41	0	8	0.13925
12	46	0	8	0.13633
55	60	0	8	0.12909
29	33	0	8	0.12680
53	61	0	8	0.12356
53	62	0	8	0.12243
19	39	0	8	0.12050
16	48	0	8	0.12049
25	31	0	8	0.11855
27	34	0	8	0.11563
52	63	0	8	0.11372
9	63	0	8	0.10935
15	42	0	8	0.10771
15	52	0	8	0.10543
11	45	0	8	0.10500
58	63	0	8	0.10072
24	35	0	8	0.10032
27	38	0	8	0.09896
55	62	0	8	0.09603
52	57	0	8	0.09598
6	56	0	8	0.09385
9	48	0	8	0.09314
5	63	0	8	0.08871
25	34	0	8	0.08848
20	41	0	8	0.08847
49	63	0	8	0.08739
28	32	0	8	0.08626
23	34	0	8	0.08386
6	63	0	8	0.08006
55	63	0	8	0.07908
19	49	0	8	0.07662
55	61	0	8	0.07537
8	49	0	8	0.07350
54	63	0	8	0.07263
12	53	0	8	0.07061
26	39	0	8	0.06887
20	49	0	8	0.06843
29	38	0	8	0.06731
15	22	0	8	0.06703
5	53	0	8	0.06641
20	46	0	8	0.06437
12	44	0	8	0.06332
19	46	0	8	0.06310
54	62	0	8	0.06297
2	56	0	8	0.06124
15	46	0	8	0.05941
1	55	0	8	0.05880
8	51	0	8	0.05872
25	35	0	8	0.05836
54	61	0	8	0.05769
12	51	0	8	0.05655
50	63	0	8	0.05647
20	39	0	8	0.05618
19	48	0	8	0.05580
23	45	0	8	0.05514
4	56	0	8	0.05411
18	38	0	8	0.05072
10	63	0	8	0.04827
23	36	0	8	0.04778
5	61	0	8	0.04763
29	37	0	8	0.04749
18	42	0	8	0.04668
16	44	0	8	0.04628
17	45	0	8	0.04546
26	33	0	8	0.04500
1	63	0	8	0.04463
8	63	0	8	0.04422
5	57	0	8	0.04375
31	38	0	8	0.04359
4	55	0	8	0.04355
27	33	0	8	0.04297
13	46	0	8	0.04090
12	41	0	8	0.04075
19	37	0	8	0.03966
31	36	0	8	0.03842
52	60	0	8	0.03787
15	20	0	8	0.03770
52	62	0	8	0.03761
9	61	0	8	0.03719
11	49	0	8	0.03617
12	56	0	8	0.03602
12	42	0	8	0.03511
7	63	0	8	0.03505
22	45	0	8	0.03471
5	62	0	8	0.03457
50	59	0	8	0.03448
5	60	0	8	0.03390
8	53	0	8	0.03341
52	59	0	8	0.03271
26	41	0	8	0.03212
13	63	0	8	0.03200
24	38	0	8	0.03195
27	36	0	8	0.03166
52	61	0	8	0.03164
13	52	0	8	0.03162
1	52	0	8	0.03069
9	62	0	8	0.03069
5	59	0	8	0.03065
9	45	0	8	0.03061
6	53	0	8	0.03039
22	39	0	8	0.02989
6	62	0	8	0.02982
6	52	0	8	0.02955
23	32	0	8	0.02882
27	39	0	8	0.02861
31	37	0	8	0.02857
23	37	0	8	0.02848
52	58	0	8	0.02840
6	61	0	8	0.02825
1	57	0	8	0.02816
26	36	0	8	0.02781
21	38	0	8	0.02707
1	61	0	8	0.02673
16	52	0	8	0.02671
1	62	0	8	0.02643
14	45	0	8	0.02600
28	34	0	8	0.02588
25	30	0	8	0.02585
9	55	0	8	0.02585
4	63	0	8	0.02583
16	21	0	8	0.02550
18	23	0	8	0.02539
1	59	0	8	0.02530
13	53	0	8	0.02470
50	60	0	8	0.02425
8	45	0	8	0.02411
1	60	0	8	0.02357
22	31	0	8	0.02330
3	63	0	8	0.02301
49	62	0	8	0.02278
12	63	0	8	0.02271
23	31	0	8	0.02243
1	53	0	8	0.02235
49	61	0	8	0.02230
3	56	0	8	0.02187
28	35	0	8	0.02131
50	62	0	8	0.02124
15	38	0	8	0.02119
26	42	0	8	0.02117
16	23	0	8	0.02060
10	49	0	8	0.02045
13	48	0	8	0.02043
7	56	0	8	0.02037
5	58	0	8	0.02034
10	62	0	8	0.01954
4	52	0	8	0.01925
2	55	0	8	0.01917
16	22	0	8	0.01915
1	58	0	8	0.01913
50	61	0	8	0.01900
17	42	0	8	0.01878
46	63	0	8	0.01860
49	60	0	8	0.01859
7	62	0	8	0.01827
9	60	0	8	0.01821
15	23	0	8	0.01813
16	38	0	8	0.01797
11	44	0	8	0.01787
9	57	0	8	0.01769
51	63	0	8	0.01767
2	63	0	8	0.01766
2	57	0	8	0.01753
8	62	0	8	0.01737
14	19	0	8	0.01736
6	60	0	8	0.01734
2	59	0	8	0.01724
17	49	0	8	0.01724
19	35	0	8	0.01720
30	38	0	8	0.01687
11	63	0	8	0.01659
23	29	0	8	0.01619
10	53	0	8	0.01612
1	8	0	8	0.01579
2	60	0	8	0.01575
11	56	0	8	0.01566
2	62	0	8	0.01537
24	29	0	8	0.01532
25	37	0	8	0.01524
4	60	0	8	0.01516
6	59	0	8	0.01510
8	61	0	8	0.01496
17	22	0	8	0.01494
3	62	0	8	0.01486
5	49	0	8	0.01485
11	41	0	8	0.01460
20	48	0	8	0.01456
20	35	0	8	0.01453
4	62	0	8	0.01443
5	51	0	8	0.01440
2	58	0	8	0.01431
2	61	0	8	0.01405
9	59	0	8	0.01391
32	37	0	8	0.01389
32	38	0	8	0.01379
4	59	0	8	0.01371
10	61	0	8	0.01335
25	32	0	8	0.01330
11	51	0	8	0.01326
30	36	0	8	0.01314
7	61	0	8	0.01310
14	48	0	8	0.01308
18	48	0	8	0.01291
4	61	0	8	0.01290
51	62	0	8	0.01286
9	46	0	8	0.01282
6	57	0	8	0.01280
3	61	0	8	0.01275
7	52	0	8	0.01274
16	53	0	8	0.01257
23	28	0	8	0.01251
3	60	0	8	0.01231
14	22	0	8	0.01222
10	56	0	8	0.01211
10	52	0	8	0.01195
13	62	0	8	0.01184
9	58	0	8	0.01163
24	42	0	8	0.01146
28	33	0	8	0.01105
13	42	0	8	0.01091
14	63	0	8	0.01075
49	59	0	8	0.01070
48	63	0	8	0.01061
13	56	0	8	0.01046
16	56	0	8	0.01043
21	34	0	8	0.01042
8	60	0	8	0.01040
24	34	0	8	0.01037
18	44	0	8	0.01030
6	58	0	8	0.01013
19	43	0	8	0.01009
4	57	0	8	0.01003
3	59	0	8	0.00991
7	60	0	8	0.00960
12	50	0	8	0.00943
15	21	0	8	0.00943
16	43	0	8	0.00935
19	34	0	8	0.00903
27	37	0	8	0.00901
16	63	0	8	0.00900
24	39	0	8	0.00885
14	49	0	8	0.00883
8	57	0	8	0.00881
31	39	0	8	0.00880
5	48	0	8	0.00870
19	40	0	8	0.00834
19	52	0	8	0.00790
7	55	0	8	0.00771
22	44	0	8	0.00768
15	37	0	8	0.00763
14	41	0	8	0.00762
8	44	0	8	0.00744
17	41	0	8	0.00740
8	59	0	8	0.00737
10	60	0	8	0.00731
22	48	0	8	0.00731
23	46	0	8	0.00714
8	41	0	8	0.00713
16	39	0	8	0.00706
17	38	0	8	0.00704
20	34	0	8	0.00704
51	61	0	8	0.00702
20	43	0	8	0.00701
23	49	0	8	0.00700
24	31	0	8	0.00700
4	58	0	8	0.00699
13	61	0	8	0.00677
3	8	0	8	0.00677
15	35	0	8	0.00670
18	37	0	8	0.00670
14	52	0	8	0.00668
18	49	0	8	0.00664
2	7	0	8	0.00657
20	44	0	8	0.00651
25	33	0	8	0.00650
9	14	0	8	0.00635
23	40	0	8	0.00600
13	50	0	8	0.00598
7	48	0	8	0.00590
28	38	0	8	0.00584
11	55	0	8	0.00579
24	30	0	8	0.00571
20	37	0	8	0.00565
22	49	0	8	0.00561
27	42	0	8	0.00558
12	62	0	8	0.00557
12	55	0	8	0.00553
6	55	0	8	0.00551
11	53	0	8	0.00549
11	62	0	8	0.00549
51	60	0	8	0.00549
22	29	0	8	0.00545
17	46	0	8	0.00544
3	57	0	8	0.00544
12	38	0	8	0.00540
45	63	0	8	0.00538
24	32	0	8	0.00534
13	18	0	8	0.00532
22	40	0	8	0.00530
2	53	0	8	0.00529
7	59	0	8	0.00527
4	53	0	8	0.00525
1	10	0	8	0.00524
21	35	0	8	0.00519
1	51	0	8	0.00516
1	48	0	8	0.00514
21	42	0	8	0.00513
9	50	0	8	0.00510
12	22	0	8	0.00509
29	36	0	8	0.00505
15	53	0	8	0.00500
17	63	0	8	0.00498
2	52	0	8	0.00494
30	37	0	8	0.00494
14	42	0	8	0.00493
8	58	0	8	0.00490
3	58	0	8	0.00486
51	59	0	8	0.00483
20	25	0	8	0.00482
18	35	0	8	0.00478
10	45	0	8	0.00477
33	38	0	8	0.00473
23	33	0	8	0.00470
12	47	0	8	0.00468
51	56	0	8	0.00463
14	44	0	8	0.00462
23	43	0	8	0.00460
16	37	0	8	0.00457
9	41	0	8	0.00452
9	42	0	8	0.00446
1	7	0	8	0.00446
28	37	0	8	0.00433
1	54	0	8	0.00433
15	63	0	8	0.00432
22	32	0	8	0.00432
21	41	0	8	0.00428
13	60	0	8	0.00428
14	20	0	8	0.00420
3	55	0	8	0.00417
15	56	0	8	0.00416
14	62	0	8	0.00411
19	24	0	8	0.00407
12	61	0	8	0.00399
31	41	0	8	0.00397
21	31	0	8	0.00396
30	39	0	8	0.00393
50	58	0	8	0.00391
1	49	0	8	0.00388
22	52	0	8	0.00386
29	41	0	8	0.00385
21	26	0	8	0.00384
9	51	0	8	0.00378
20	52	0	8	0.00375
4	9	0	8	0.00371
3	53	0	8	0.00371
14	21	0	8	0.00363
8	46	0	8	0.00358
12	37	0	8	0.00355
11	38	0	8	0.00352
8	37	0	8	0.00351
18	52	0	8	0.00350
21	45	0	8	0.00349
26	45	0	8	0.00341
23	48	0	8	0.00339
46	62	0	8	0.00336
6	49	0	8	0.00335
16	50	0	8	0.00334
20	63	0	8	0.00331
11	42	0	8	0.00329
23	44	0	8	0.00325
6	11	0	8	0.00324
22	28	0	8	0.00321
12	60	0	8	0.00320
12	35	0	8	0.00320
3	52	0	8	0.00318
16	34	0	8	0.00316
14	38	0	8	0.00316
11	22	0	8	0.00314
18	26	0	8	0.00313
15	34	0	8	0.00309
25	41	0	8	0.00304
16	24	0	8	0.00299
32	39	0	8	0.00298
18	34	0	8	0.00298
13	41	0	8	0.00295
14	23	0	8	0.00294
21	37	0	8	0.00294
22	27	0	8	0.00293
10	59	0	8	0.00290
27	41	0	8	0.00289
9	44	0	8	0.00289
11	61	0	8	0.00285
23	30	0	8	0.00284
17	25	0	8	0.00284
10	48	0	8	0.00281
5	45	0	8	0.00279
11	46	0	8	0.00278
13	44	0	8	0.00276
12	23	0	8	0.00271
4	49	0	8	0.00270
2	8	0	8	0.00270
15	39	0	8	0.00269
48	62	0	8	0.00266
18	63	0	8	0.00265
16	62	0	8	0.00261
16	35	0	8	0.00258
7	53	0	8	0.00257
22	36	0	8	0.00257
7	57	0	8	0.00252
46	61	0	8	0.00248
7	49	0	8	0.00247
12	34	0	8	0.00243
20	26	0	8	0.00243
47	63	0	8	0.00242
11	37	0	8	0.00240
20	31	0	8	0.00240
49	58	0	8	0.00239
2	9	0	8	0.00234
18	46	0	8	0.00234
11	60	0	8	0.00233
17	23	0	8	0.00231
3	11	0	8	0.00229
16	60	0	8	0.00228
29	39	0	8	0.00228
7	58	0	8	0.00227
26	48	0	8	0.00227
16	61	0	8	0.00227
9	26	0	8	0.00224
15	51	0	8	0.00224
21	29	0	8	0.00222
21	52	0	8	0.00222
28	36	0	8	0.00221
4	48	0	8	0.00221
12	19	0	8	0.00221
16	40	0	8	0.00220
18	39	0	8	0.00218
11	26	0	8	0.00216
8	42	0	8	0.00215
26	52	0	8	0.00215
15	25	0	8	0.00214
7	12	0	8	0.00212
34	39	0	8	0.00212
20	29	0	8	0.00211
15	47	0	8	0.00210
5	37	0	8	0.00210
15	26	0	8	0.00208
22	46	0	8	0.00206
5	44	0	8	0.00204
8	54	0	8	0.00204
8	38	0	8	0.00202
5	54	0	8	0.00200
42	63	0	8	0.00199
21	49	0	8	0.00199
50	55	0	8	0.00199
11	35	0	8	0.00198
10	57	0	8	0.00197
8	50	0	8	0.00197
34	41	0	8	0.00196
1	11	0	8	0.00195
5	10	0	8	0.00194
9	23	0	8	0.00192
17	62	0	8	0.00188
15	31	0	8	0.00188
12	26	0	8	0.00187
23	52	0	8	0.00186
22	33	0	8	0.00185
12	20	0	8	0.00183
4	51	0	8	0.00183
19	26	0	8	0.00183
19	63	0	8	0.00182
14	25	0	8	0.00182
11	16	0	8	0.00180
51	57	0	8	0.00179
18	25	0	8	0.00178
19	36	0	8	0.00178
9	38	0	8	0.00177
1	46	0	8	0.00177
14	56	0	8	0.00176
24	33	0	8	0.00175
12	17	0	8	0.00175
35	42	0	8	0.00175
14	61	0	8	0.00172
13	21	0	8	0.00172
7	45	0	8	0.00171
11	25	0	8	0.00170
1	44	0	8	0.00169
26	44	0	8	0.00169
44	63	0	8	0.00168
8	35	0	8	0.00167
10	58	0	8	0.00167
9	37	0	8	0.00167
7	29	0	8	0.00164
11	23	0	8	0.00163
21	48	0	8	0.00162
5	41	0	8	0.00162
10	46	0	8	0.00162
1	45	0	8	0.00161
12	43	0	8	0.00161
4	45	0	8	0.00161
14	37	0	8	0.00161
21	44	0	8	0.00160
20	36	0	8	0.00159
12	21	0	8	0.00158
13	59	0	8	0.00158
7	51	0	8	0.00157
9	17	0	8	0.00157
51	58	0	8	0.00157
1	12	0	8	0.00157
17	48	0	8	0.00156
21	63	0	8	0.00155
8	26	0	8	0.00154
11	21	0	8	0.00154
4	37	0	8	0.00153
13	22	0	8	0.00152
15	40	0	8	0.00152
12	39	0	8	0.00151
12	59	0	8	0.00151
12	31	0	8	0.00151
17	44	0	8	0.00150
9	54	0	8	0.00149
17	34	0	8	0.00145
10	42	0	8	0.00144
14	53	0	8	0.00143
26	40	0	8	0.00143
41	48	0	8	0.00142
46	60	0	8	0.00141
12	18	0	8	0.00138
19	25	0	8	0.00138
5	50	0	8	0.00138
11	34	0	8	0.00137
1	50	0	8	0.00136
8	34	0	8	0.00136
8	13	0	8	0.00136
11	31	0	8	0.00135
3	9	0	8	0.00135
24	36	0	8	0.00134
20	56	0	8	0.00134
12	57	0	8	0.00133
19	53	0	8	0.00133
7	26	0	8	0.00132
9	15	0	8	0.00131
15	62	0	8	0.00131
48	61	0	8	0.00130
38	44	0	8	0.00130
14	60	0	8	0.00128
14	26	0	8	0.00128
14	35	0	8	0.00128
9	22	0	8	0.00127
29	48	0	8	0.00127
31	40	0	8	0.00127
12	40	0	8	0.00126
16	47	0	8	0.00126
21	56	0	8	0.00126
8	47	0	8	0.00124
15	55	0	8	0.00124
10	55	0	8	0.00123
35	41	0	8	0.00122
25	42	0	8	0.00122
15	32	0	8	0.00122
17	37	0	8	0.00121
10	25	0	8	0.00121
19	56	0	8	0.00121
10	26	0	8	0.00121
17	52	0	8	0.00120
25	39	0	8	0.00120
22	56	0	8	0.00120
26	49	0	8	0.00120
7	25	0	8	0.00119
18	40	0	8	0.00119
15	43	0	8	0.00118
13	19	0	8	0.00118
7	14	0	8	0.00118
21	46	0	8	0.00117
25	48	0	8	0.00116
6	14	0	8	0.00116
22	30	0	8	0.00115
8	29	0	8	0.00115
8	14	0	8	0.00115
19	31	0	8	0.00114
1	47	0	8	0.00114
9	25	0	8	0.00113
24	37	0	8	0.00113
16	51	0	8	0.00113
16	25	0	8	0.00112
13	57	0	8	0.00112
27	40	0	8	0.00111
20	40	0	8	0.00111
7	37	0	8	0.00110
49	56	0	8	0.00110
5	46	0	8	0.00109
4	44	0	8	0.00109
8	31	0	8	0.00108
21	39	0	8	0.00108
32	41	0	8	0.00107
16	26	0	8	0.00106
2	54	0	8	0.00106
37	44	0	8	0.00106
20	53	0	8	0.00106
16	57	0	8	0.00105
35	40	0	8	0.00105
32	40	0	8	0.00104
20	32	0	8	0.00104
16	55	0	8	0.00103
10	15	0	8	0.00103
38	48	0	8	0.00103
19	51	0	8	0.00102
41	63	0	8	0.00101
11	47	0	8	0.00100
22	43	0	8	0.00100
13	38	0	8	0.00100
11	29	0	8	0.00100
1	41	0	8	0.00099
13	58	0	8	0.00099
45	62	0	8	0.00099
17	61	0	8	0.00098
9	34	0	8	0.00098
14	34	0	8	0.00098
11	19	0	8	0.00097
23	63	0	8	0.00097
4	12	0	8	0.00097
47	62	0	8	0.00097
16	59	0	8	0.00096
7	30	0	8	0.00096
25	36	0	8	0.00096
9	24	0	8	0.00095
12	58	0	8	0.00095
13	43	0	8	0.00094
13	23	0	8	0.00094
12	25	0	8	0.00094
14	46	0	8	0.00094
4	41	0	8	0.00094
29	52	0	8	0.00093
9	35	0	8	0.00092
17	35	0	8	0.00091
7	44	0	8	0.00091
24	41	0	8	0.00091
20	62	0	8	0.00090
31	42	0	8	0.00090
16	32	0	8	0.00090
19	32	0	8	0.00090
15	29	0	8	0.00089
15	61	0	8	0.00089
23	56	0	8	0.00089
32	42	0	8	0.00089
21	28	0	8	0.00089
4	54	0	8	0.00089
14	29	0	8	0.00089
1	14	0	8	0.00089
34	40	0	8	0.00088
29	45	0	8	0.00088
21	27	0	8	0.00087
39	44	0	8	0.00087
11	59	0	8	0.00087
11	18	0	8	0.00087
18	62	0	8	0.00087
29	42	0	8	0.00086
13	20	0	8	0.00085
13	55	0	8	0.00084
12	32	0	8	0.00084
1	42	0	8	0.00084
22	63	0	8	0.00084
4	46	0	8	0.00083
11	57	0	8	0.00083
21	53	0	8	0.00082
48	60	0	8	0.00082
10	41	0	8	0.00082
2	49	0	8	0.00081
7	41	0	8	0.00081
14	31	0	8	0.00081
1	37	0	8	0.00081
38	43	0	8	0.00080
3	49	0	8	0.00080
14	39	0	8	0.00080
25	44	0	8	0.00080
18	31	0	8	0.00080
50	57	0	8	0.00080
17	24	0	8	0.00079
7	31	0	8	0.00078
6	48	0	8	0.00078
10	44	0	8	0.00077
19	47	0	8	0.00076
11	20	0	8	0.00076
28	41	0	8	0.00076
21	30	0	8	0.00076
8	22	0	8	0.00076
50	56	0	8	0.00075
2	51	0	8	0.00075
8	25	0	8	0.00075
7	34	0	8	0.00074
10	23	0	8	0.00074
25	45	0	8	0.00074
10	22	0	8	0.00074
49	54	0	8	0.00074
1	18	0	8	0.00074
17	53	0	8	0.00073
20	28	0	8	0.00073
19	29	0	8	0.00073
12	29	0	8	0.00072
15	60	0	8	0.00072
4	40	0	8	0.00072
17	60	0	8	0.00071
38	45	0	8	0.00071
12	54	0	8	0.00070
31	48	0	8	0.00070
25	52	0	8	0.00069
7	46	0	8	0.00069
16	31	0	8	0.00069
1	43	0	8	0.00069
11	39	0	8	0.00069
10	50	0	8	0.00069
8	40	0	8	0.00069
17	39	0	8	0.00069
9	29	0	8	0.00069
3	37	0	8	0.00068
4	14	0	8	0.00068
13	34	0	8	0.00068
4	42	0	8	0.00068
1	13	0	8	0.00067
5	14	0	8	0.00067
1	17	0	8	0.00067
13	25	0	8	0.00067
8	23	0	8	0.00066
2	10	0	8	0.00066
15	24	0	8	0.00066
15	50	0	8	0.00066
29	44	0	8	0.00066
44	62	0	8	0.00066
21	32	0	8	0.00066
37	42	0	8	0.00066
49	57	0	8	0.00066
9	21	0	8	0.00066
28	39	0	8	0.00065
43	63	0	8	0.00065
24	45	0	8	0.00065
9	39	0	8	0.00065
5	42	0	8	0.00064
9	20	0	8	0.00064
5	40	0	8	0.00064
19	62	0	8	0.00064
3	12	0	8	0.00064
1	40	0	8	0.00063
18	24	0	8	0.00063
10	51	0	8	0.00063
7	42	0	8	0.00063
11	32	0	8	0.00061
21	62	0	8	0.00061
13	51	0	8	0.00061
20	50	0	8	0.00061
6	54	0	8	0.00061
13	35	0	8	0.00061
5	38	0	8	0.00061
10	38	0	8	0.00060
8	32	0	8	0.00060
4	10	0	8	0.00060
31	52	0	8	0.00060
4	38	0	8	0.00060
22	55	0	8	0.00060
6	46	0	8	0.00059
37	63	0	8	0.00059
34	52	0	8	0.00059
10	39	0	8	0.00059
29	40	0	8	0.00058
7	13	0	8	0.00058
3	18	0	8	0.00058
14	51	0	8	0.00058
22	51	0	8	0.00058
23	55	0	8	0.00057
5	13	0	8	0.00057
22	53	0	8	0.00057
6	37	0	8	0.00057
7	35	0	8	0.00057
3	54	0	8	0.00057
9	27	0	8	0.00057
44	51	0	8	0.00057
26	56	0	8	0.00057
8	36	0	8	0.00056
9	31	0	8	0.00056
8	39	0	8	0.00056
7	28	0	8	0.00056
3	46	0	8	0.00055
25	49	0	8	0.00055
18	32	0	8	0.00055
4	34	0	8	0.00054
13	39	0	8	0.00054
21	43	0	8	0.00054
45	61	0	8	0.00054
20	61	0	8	0.00054
7	32	0	8	0.00054
11	50	0	8	0.00054
36	42	0	8	0.00054
5	34	0	8	0.00054
7	38	0	8	0.00053
12	36	0	8	0.00053
18	43	0	8	0.00053
9	47	0	8	0.00053
33	40	0	8	0.00053
6	45	0	8	0.00052
31	45	0	8	0.00052
18	61	0	8	0.00052
26	55	0	8	0.00052
29	49	0	8	0.00052
13	47	0	8	0.00052
23	53	0	8	0.00052
17	26	0	8	0.00051
12	24	0	8	0.00051
31	44	0	8	0.00051
44	52	0	8	0.00051
19	55	0	8	0.00051
16	36	0	8	0.00050
21	33	0	8	0.00050
30	41	0	8	0.00050
46	59	0	8	0.00050
5	11	0	8	0.00050
1	38	0	8	0.00050
47	61	0	8	0.00049
6	13	0	8	0.00049
1	20	0	8	0.00049
25	40	0	8	0.00049
7	27	0	8	0.00049
7	15	0	8	0.00049
17	56	0	8	0.00049
16	58	0	8	0.00049
11	58	0	8	0.00049
6	27	0	8	0.00049
7	50	0	8	0.00049
28	48	0	8	0.00048
13	26	0	8	0.00048
5	47	0	8	0.00048
36	41	0	8	0.00047
13	37	0	8	0.00047
4	50	0	8	0.00047
3	36	0	8	0.00047
34	48	0	8	0.00047
3	48	0	8	0.00047
26	63	0	8	0.00047
4	35	0	8	0.00047
18	56	0	8	0.00046
20	27	0	8	0.00046
40	45	0	8	0.00046
21	55	0	8	0.00046
1	15	0	8	0.00046
34	44	0	8	0.00046
1	36	0	8	0.00046
18	51	0	8	0.00045
19	50	0	8	0.00045
7	54	0	8	0.00045
26	43	0	8	0.00045
7	22	0	8	0.00045
1	39	0	8	0.00045
21	61	0	8	0.00045
3	14	0	8	0.00045
14	59	0	8	0.00045
2	48	0	8	0.00045
10	29	0	8	0.00044
4	39	0	8	0.00044
38	63	0	8	0.00044
16	54	0	8	0.00044
6	30	0	8	0.00044
42	62	0	8	0.00044
18	60	0	8	0.00044
13	31	0	8	0.00044
10	21	0	8	0.00044
3	34	0	8	0.00043
20	51	0	8	0.00043
39	63	0	8	0.00043
18	29	0	8	0.00043
30	40	0	8	0.00043
4	31	0	8	0.00043
6	29	0	8	0.00043
31	51	0	8	0.00043
47	60	0	8	0.00043
15	36	0	8	0.00042
6	51	0	8	0.00042
2	46	0	8	0.00042
4	36	0	8	0.00042
29	63	0	8	0.00042
3	51	0	8	0.00042
30	55	0	8	0.00042
11	40	0	8	0.00042
5	35	0	8	0.00042
7	39	0	8	0.00042
6	26	0	8	0.00042
21	40	0	8	0.00042
20	33	0	8	0.00041
3	35	0	8	0.00041
3	45	0	8	0.00041
3	32	0	8	0.00041
8	30	0	8	0.00041
17	43	0	8	0.00040
27	45	0	8	0.00040
2	50	0	8	0.00040
29	51	0	8	0.00040
4	32	0	8	0.00040
6	34	0	8	0.00040
1	28	0	8	0.00040
4	13	0	8	0.00040
14	55	0	8	0.00040
9	43	0	8	0.00040
1	27	0	8	0.00040
19	60	0	8	0.00039
37	48	0	8	0.00039
4	11	0	8	0.00039
19	33	0	8	0.00039
21	51	0	8	0.00039
40	63	0	8	0.00039
1	30	0	8	0.00038
8	15	0	8	0.00038
6	28	0	8	0.00038
24	63	0	8	0.00038
20	47	0	8	0.00038
41	46	0	8	0.00038
3	21	0	8	0.00038
10	37	0	8	0.00038
1	19	0	8	0.00038
5	19	0	8	0.00038
10	24	0	8	0.00037
13	29	0	8	0.00037
3	17	0	8	0.00037
24	49	0	8	0.00037
19	61	0	8	0.00037
17	40	0	8	0.00037
48	56	0	8	0.00037
37	52	0	8	0.00037
1	24	0	8	0.00037
10	35	0	8	0.00037
44	49	0	8	0.00037
29	55	0	8	0.00036
1	21	0	8	0.00036
14	32	0	8	0.00036
1	34	0	8	0.00036
20	60	0	8	0.00036
4	47	0	8	0.00036
9	28	0	8	0.00036
20	30	0	8	0.00036
6	24	0	8	0.00036
34	63	0	8	0.00036
31	49	0	8	0.00036
9	32	0	8	0.00036
27	44	0	8	0.00036
1	32	0	8	0.00036
6	12	0	8	0.00035
9	16	0	8	0.00035
5	39	0	8	0.00035
13	54	0	8	0.00035
46	51	0	8	0.00035
10	28	0	8	0.00035
1	31	0	8	0.00035
33	39	0	8	0.00035
25	63	0	8	0.00035
4	22	0	8	0.00035
16	33	0	8	0.00035
4	25	0	8	0.00035
4	18	0	8	0.00034
9	30	0	8	0.00034
28	42	0	8	0.00034
10	27	0	8	0.00034
13	28	0	8	0.00034
48	59	0	8	0.00034
9	19	0	8	0.00034
1	16	0	8	0.00034
7	23	0	8	0.00034
3	19	0	8	0.00034
3	31	0	8	0.00034
26	51	0	8	0.00034
8	17	0	8	0.00034
10	31	0	8	0.00033
17	31	0	8	0.00033
20	55	0	8	0.00033
3	44	0	8	0.00033
6	50	0	8	0.00033
10	32	0	8	0.00033
10	30	0	8	0.00033
5	26	0	8	0.00033
10	54	0	8	0.00033
21	36	0	8	0.00033
1	22	0	8	0.00033
12	28	0	8	0.00033
19	27	0	8	0.00033
16	29	0	8	0.00033
4	43	0	8	0.00033
7	40	0	8	0.00033
1	26	0	8	0.00032
5	29	0	8	0.00032
48	53	0	8	0.00032
3	42	0	8	0.00032
26	46	0	8	0.00032
10	34	0	8	0.00032
17	50	0	8	0.00032
28	44	0	8	0.00032
3	20	0	8	0.00032
6	44	0	8	0.00032
14	28	0	8	0.00032
42	61	0	8	0.00032
23	51	0	8	0.00032
8	43	0	8	0.00032
43	48	0	8	0.00032
1	33	0	8	0.00032
33	41	0	8	0.00032
31	63	0	8	0.00031
14	40	0	8	0.00031
17	59	0	8	0.00031
7	36	0	8	0.00031
28	52	0	8	0.00031
44	61	0	8	0.00031
13	32	0	8	0.00031
5	31	0	8	0.00031
11	28	0	8	0.00031
11	24	0	8	0.00031
12	30	0	8	0.00031
3	10	0	8	0.00031
1	29	0	8	0.00031
37	56	0	8	0.00030
43	62	0	8	0.00030
47	52	0	8	0.00030
3	50	0	8	0.00030
45	60	0	8	0.00030
24	40	0	8	0.00030
7	47	0	8	0.00030
6	23	0	8	0.00030
28	45	0	8	0.00030
14	24	0	8	0.00030
3	33	0	8	0.00030
45	50	0	8	0.00030
13	24	0	8	0.00030
24	48	0	8	0.00030
6	41	0	8	0.00030
10	18	0	8	0.00030
23	62	0	8	0.00030
5	36	0	8	0.00030
25	55	0	8	0.00030
4	21	0	8	0.00030
34	42	0	8	0.00029
6	25	0	8	0.00029
27	49	0	8	0.00029
1	35	0	8	0.00029
18	53	0	8	0.00029
34	51	0	8	0.00029
4	29	0	8	0.00029
3	30	0	8	0.00029
5	12	0	8	0.00029
31	55	0	8	0.00029
5	22	0	8	0.00029
14	50	0	8	0.00029
28	63	0	8	0.00029
6	42	0	8	0.00029
1	25	0	8	0.00029
35	63	0	8	0.00029
18	47	0	8	0.00029
3	28	0	8	0.00029
3	29	0	8	0.00029
49	55	0	8	0.00029
30	42	0	8	0.00029
9	40	0	8	0.00028
42	48	0	8	0.00028
5	15	0	8	0.00028
25	43	0	8	0.00028
25	51	0	8	0.00028
21	60	0	8	0.00028
22	62	0	8	0.00028
4	30	0	8	0.00028
9	18	0	8	0.00028
1	23	0	8	0.00028
18	36	0	8	0.00028
4	19	0	8	0.00028
29	56	0	8	0.00028
3	13	0	8	0.00028
4	26	0	8	0.00028
5	21	0	8	0.00027
8	24	0	8	0.00027
2	45	0	8	0.00027
5	23	0	8	0.00027
2	37	0	8	0.00027
15	59	0	8	0.00027
4	15	0	8	0.00027
11	17	0	8	0.00027
42	47	0	8	0.00027
41	62	0	8	0.00026
10	40	0	8	0.00026
35	48	0	8	0.00026
19	28	0	8	0.00026
11	30	0	8	0.00026
11	36	0	8	0.00026
10	17	0	8	0.00026
28	55	0	8	0.00026
3	22	0	8	0.00026
22	47	0	8	0.00026
3	39	0	8	0.00026
5	32	0	8	0.00026
11	54	0	8	0.00025
14	57	0	8	0.00025
28	49	0	8	0.00025
5	24	0	8	0.00025
18	55	0	8	0.00025
13	40	0	8	0.00025
3	24	0	8	0.00025
6	21	0	8	0.00025
8	21	0	8	0.00025
32	63	0	8	0.00025
25	56	0	8	0.00025
28	51	0	8	0.00025
17	55	0	8	0.00025
8	20	0	8	0.00024
10	16	0	8	0.00024
30	51	0	8	0.00024
16	30	0	8	0.00024
28	40	0	8	0.00024
11	43	0	8	0.00024
24	46	0	8	0.00024
6	31	0	8	0.00024
3	25	0	8	0.00024
15	57	0	8	0.00024
12	27	0	8	0.00024
7	24	0	8	0.00024
8	19	0	8	0.00024
2	44	0	8	0.00024
24	43	0	8	0.00024
5	30	0	8	0.00023
35	45	0	8	0.00023
8	27	0	8	0.00023
11	27	0	8	0.00023
5	33	0	8	0.00023
33	63	0	8	0.00023
4	28	0	8	0.00023
21	47	0	8	0.00023
5	17	0	8	0.00023
37	43	0	8	0.00023
5	25	0	8	0.00023
31	56	0	8	0.00023
8	16	0	8	0.00023
6	22	0	8	0.00023
17	32	0	8	0.00023
24	55	0	8	0.00022
6	35	0	8	0.00022
4	33	0	8	0.00022
8	33	0	8	0.00022
6	39	0	8	0.00022
16	27	0	8	0.00022
5	20	0	8	0.00022
27	63	0	8	0.00022
8	18	0	8	0.00022
5	16	0	8	0.00022
2	17	0	8	0.00022
3	43	0	8	0.00022
37	62	0	8	0.00022
40	62	0	8	0.00022
27	48	0	8	0.00021
25	47	0	8	0.00021
17	36	0	8	0.00021
3	40	0	8	0.00021
27	55	0	8	0.00021
6	32	0	8	0.00021
38	47	0	8	0.00021
25	46	0	8	0.00021
17	51	0	8	0.00021
3	38	0	8	0.00021
6	38	0	8	0.00021
13	30	0	8	0.00021
9	36	0	8	0.00021
37	51	0	8	0.00021
39	45	0	8	0.00020
5	18	0	8	0.00020
7	21	0	8	0.00020
2	11	0	8	0.00020
35	44	0	8	0.00020
14	47	0	8	0.00020
36	63	0	8	0.00020
24	52	0	8	0.00020
3	15	0	8	0.00020
4	20	0	8	0.00020
47	59	0	8	0.00020
6	33	0	8	0.00020
14	36	0	8	0.00020
15	30	0	8	0.00020
8	28	0	8	0.00020
27	43	0	8	0.00019
3	23	0	8	0.00019
2	47	0	8	0.00019
2	30	0	8	0.00019
41	49	0	8	0.00019
14	43	0	8	0.00019
16	28	0	8	0.00019
12	33	0	8	0.00019
21	50	0	8	0.00019
42	60	0	8	0.00019
4	23	0	8	0.00019
2	28	0	8	0.00019
3	47	0	8	0.00019
10	47	0	8	0.00019
6	36	0	8	0.00019
24	44	0	8	0.00019
35	52	0	8	0.00019
23	50	0	8	0.00019
3	41	0	8	0.00019
17	29	0	8	0.00019
34	56	0	8	0.00019
44	60	0	8	0.00018
15	28	0	8	0.00018
2	24	0	8	0.00018
7	33	0	8	0.00018
41	47	0	8	0.00018
40	48	0	8	0.00018
26	47	0	8	0.00018
18	27	0	8	0.00018
3	26	0	8	0.00018
34	49	0	8	0.00018
30	48	0	8	0.00018
10	43	0	8	0.00018
37	45	0	8	0.00018
27	52	0	8	0.00017
2	40	0	8	0.00017
24	62	0	8	0.00017
35	49	0	8	0.00017
4	17	0	8	0.00017
30	52	0	8	0.00017
26	53	0	8	0.00017
7	43	0	8	0.00017
42	49	0	8	0.00017
10	20	0	8	0.00017
24	56	0	8	0.00017
46	58	0	8	0.00017
37	55	0	8	0.00017
47	55	0	8	0.00017
5	43	0	8	0.00017
18	59	0	8	0.00017
19	59	0	8	0.00017
22	61	0	8	0.00017
13	36	0	8	0.00017
41	61	0	8	0.00017
23	47	0	8	0.00017
33	51	0	8	0.00017
3	27	0	8	0.00017
4	24	0	8	0.00016
4	27	0	8	0.00016
30	63	0	8	0.00016
38	49	0	8	0.00016
26	62	0	8	0.00016
18	28	0	8	0.00016
43	61	0	8	0.00016
5	27	0	8	0.00016
2	27	0	8	0.00016
6	20	0	8	0.00016
2	42	0	8	0.00016
21	59	0	8	0.00016
34	55	0	8	0.00016
37	47	0	8	0.00016
6	17	0	8	0.00015
22	60	0	8	0.00015
25	62	0	8	0.00015
13	27	0	8	0.00015
19	30	0	8	0.00015
14	58	0	8	0.00015
17	58	0	8	0.00015
7	17	0	8	0.00015
18	50	0	8	0.00015
15	33	0	8	0.00015
38	52	0	8	0.00015
2	36	0	8	0.00015
2	32	0	8	0.00015
7	20	0	8	0.00015
39	62	0	8	0.00015
34	45	0	8	0.00015
23	60	0	8	0.00015
38	51	0	8	0.00015
7	18	0	8	0.00015
2	18	0	8	0.00014
23	61	0	8	0.00014
2	33	0	8	0.00014
17	47	0	8	0.00014
10	36	0	8	0.00014
31	47	0	8	0.00014
2	34	0	8	0.00014
27	51	0	8	0.00014
9	33	0	8	0.00014
17	28	0	8	0.00014
46	55	0	8	0.00014
35	43	0	8	0.00014
14	30	0	8	0.00014
10	19	0	8	0.00014
29	62	0	8	0.00014
2	43	0	8	0.00013
27	62	0	8	0.00013
19	57	0	8	0.00013
6	15	0	8	0.00013
20	59	0	8	0.00013
5	28	0	8	0.00013
44	59	0	8	0.00013
44	56	0	8	0.00013
30	56	0	8	0.00013
6	47	0	8	0.00013
33	55	0	8	0.00013
15	27	0	8	0.00013
32	44	0	8	0.00013
3	16	0	8	0.00013
27	56	0	8	0.00013
17	57	0	8	0.00013
17	27	0	8	0.00013
41	52	0	8	0.00013
37	61	0	8	0.00013
41	56	0	8	0.00013
4	16	0	8	0.00013
40	55	0	8	0.00013
43	60	0	8	0.00012
6	40	0	8	0.00012
48	58	0	8	0.00012
28	62	0	8	0.00012
15	58	0	8	0.00012
39	48	0	8	0.00012
30	44	0	8	0.00012
7	19	0	8	0.00012
22	50	0	8	0.00012
37	49	0	8	0.00012
2	25	0	8	0.00012
43	51	0	8	0.00011
17	30	0	8	0.00011
2	39	0	8	0.00011
32	51	0	8	0.00011
31	46	0	8	0.00011
48	55	0	8	0.00011
2	29	0	8	0.00011
38	46	0	8	0.00011
2	41	0	8	0.00011
21	57	0	8	0.00011
32	45	0	8	0.00011
2	21	0	8	0.00011
18	33	0	8	0.00011
14	27	0	8	0.00011
11	33	0	8	0.00011
15	54	0	8	0.00011
29	47	0	8	0.00011
26	60	0	8	0.00011
19	54	0	8	0.00011
32	62	0	8	0.00011
28	56	0	8	0.00011
6	19	0	8	0.00011
46	56	0	8	0.00011
40	61	0	8	0.00011
38	62	0	8	0.00011
18	30	0	8	0.00011
2	31	0	8	0.00011
34	62	0	8	0.00011
32	48	0	8	0.00010
38	56	0	8	0.00010
25	53	0	8	0.00010
47	58	0	8	0.00010
44	55	0	8	0.00010
41	60	0	8	0.00010
31	62	0	8	0.00010
17	33	0	8	0.00010
20	57	0	8	0.00010
27	46	0	8	0.00010
END