1   M C 132.8  -94.3  141.0  117.0  157.3  4.7  4.8 0.996 0.003 0.001
2   T C  99.5  -84.5  154.9  114.1 -126.2  2.2 10.4 0.973 0.023 0.004
3   K H 143.4  -63.8  -32.5   94.9 -105.2  3.0 11.0 0.247 0.752 0.000
4   Q H 120.5  -66.6  -35.7   93.6   54.9  1.8 11.2 0.193 0.807 0.000
5   E H 107.3  -65.4  -38.7   93.1   52.9  3.3 13.7 0.085 0.915 0.000
6   K H 122.7  -65.6  -38.4   92.9   52.8  2.4 14.9 0.058 0.942 0.000
7   T H  73.4  -65.8  -39.6   93.0   51.9  3.0 15.5 0.092 0.907 0.000
8   A H  46.8  -65.5  -40.3   93.3   52.4  5.6 14.3 0.069 0.931 0.000
9   L H  88.4  -65.5  -39.4   93.2   52.0  4.1 16.1 0.074 0.926 0.000
10  N H  88.2  -66.5  -38.1   93.0   51.6  3.0 16.9 0.122 0.878 0.000
11  M H  77.6  -66.7  -38.9   93.4   51.4  6.1 15.5 0.062 0.938 0.000
12  A H  47.9  -65.3  -40.1   93.4   52.2  6.3 15.8 0.041 0.959 0.000
13  R H 127.2  -65.8  -38.5   93.0   51.8  3.3 17.4 0.030 0.970 0.000
14  F H 111.6  -66.9  -38.5   93.2   50.7  3.5 17.2 0.025 0.975 0.000
15  I H  62.0  -67.2  -39.1   94.2   51.3  9.0 15.2 0.037 0.962 0.000
16  R H 125.9  -66.2  -37.1   93.6   51.7  5.3 16.7 0.037 0.963 0.000
17  S H  74.5  -71.9  -29.7   94.1   50.1  2.6 16.1 0.098 0.902 0.000
18  Q H  87.3  -72.7  -32.5   97.2   52.3  6.4 13.7 0.119 0.881 0.000
19  T H  53.3  -69.8  -38.5   98.7   56.7  8.4 15.3 0.138 0.861 0.001
20  L H  87.0  -67.0  -37.0   94.6   52.6  5.5 16.2 0.056 0.944 0.000
21  T H  72.9  -68.4  -37.7   94.8   51.6  4.1 16.5 0.048 0.951 0.000
22  L H  75.4  -69.3  -37.0   95.4   51.2  6.8 14.4 0.019 0.981 0.000
23  L H  80.2  -68.5  -37.0   95.4   52.3  7.1 15.1 0.017 0.983 0.000
24  E H 111.0  -67.6  -37.3   94.2   52.2  3.1 16.4 0.030 0.970 0.000
25  K H 117.2  -70.0  -33.4   94.9   50.8  3.4 14.4 0.071 0.929 0.000
26  L H  79.2  -73.1  -30.6   97.0   53.2  7.1 11.1 0.127 0.872 0.000
27  N H 100.1  -70.5  -27.6   96.5   55.1  3.6 13.7 0.281 0.718 0.000
28  E H 132.6  -74.7  -22.6   96.5   53.1  2.0 12.8 0.366 0.634 0.000
29  L C  85.1  -83.6    9.9  104.8   71.4  7.7  8.4 0.522 0.477 0.001
30  D C  99.7  -72.1    5.1  100.7 -117.5  3.2 15.1 0.646 0.353 0.001
31  A H  55.0  -70.8  -30.5   97.7  103.4  7.5 11.3 0.377 0.623 0.000
32  D H  86.2  -66.9  -35.3   95.2   56.4  4.7 15.1 0.206 0.794 0.000
33  E H 120.5  -67.6  -36.2   94.1   52.9  2.2 16.1 0.120 0.880 0.000
34  Q H  92.3  -68.7  -36.2   94.6   51.7  5.1 15.1 0.093 0.907 0.000
35  A H  42.0  -66.0  -38.9   94.1   53.5  9.7 14.4 0.116 0.883 0.000
36  D H  93.9  -66.6  -36.5   93.4   53.4  2.6 17.8 0.164 0.836 0.000
37  I H  75.5  -69.3  -36.2   94.5   51.4  7.3 16.8 0.063 0.937 0.000
38  C H  30.4  -66.1  -39.6   94.3   55.1 15.8 13.8 0.029 0.971 0.000
39  E H 101.8  -65.9  -37.3   93.9   55.0  6.0 17.6 0.016 0.984 0.000
40  S H  74.4  -67.4  -35.8   92.2   50.5  1.7 19.4 0.018 0.982 0.000
41  L H  50.8  -69.9  -35.6   94.4   50.7 12.2 14.6 0.022 0.978 0.000
42  H H  71.0  -63.4  -40.2   93.3   54.2 13.0 16.6 0.044 0.956 0.000
43  D H  99.5  -65.1  -37.9   91.8   51.1  1.5 20.3 0.037 0.963 0.000
44  H H  88.9  -68.2  -37.2   93.2   49.7  5.8 18.7 0.040 0.960 0.000
45  A H  18.5  -64.6  -42.2   93.5   52.1 15.7 15.0 0.009 0.991 0.000
46  D H  70.7  -64.8  -39.1   93.2   52.0  7.5 18.9 0.005 0.995 0.000
47  E H 113.1  -65.7  -39.2   92.0   50.5  1.8 20.7 0.003 0.997 0.000
48  L H  49.1  -67.0  -39.9   93.2   50.3 10.4 17.4 0.003 0.997 0.000
49  Y H  63.9  -64.7  -40.0   93.0   51.3 14.9 15.9 0.005 0.995 0.000
50  R H 128.8  -65.8  -38.4   92.8   51.6  3.6 19.4 0.015 0.985 0.000
51  S H  56.6  -67.2  -38.6   92.9   50.5  3.9 19.6 0.042 0.958 0.000
52  C H  25.4  -67.5  -39.1   93.6   50.3 14.0 13.8 0.071 0.929 0.000
53  L H  75.0  -65.8  -37.5   93.2   52.1  9.7 15.3 0.145 0.853 0.002
54  A H  76.1  -67.7  -35.7   92.6   51.4  1.8 17.1 0.256 0.742 0.002
55  R H 123.4  -70.6  -33.5   93.5   50.6  4.2 14.4 0.409 0.586 0.005
56  F C  76.0  -82.1  -18.5   98.1   47.4 11.2 10.4 0.565 0.427 0.008
57  G C  53.5   57.3  -20.2  102.0  -20.3  3.3 13.7 0.805 0.183 0.011
58  D C 112.5  -78.3  -14.4   98.8   54.2  2.0 12.2 0.773 0.217 0.010
59  D C 102.8  -86.0    5.8  100.3   47.0  3.6 10.8 0.820 0.172 0.007
60  G C  60.3   74.7    4.4   99.8  -96.3  2.1 11.5 0.897 0.100 0.004
61  E C 121.5  -82.0   10.5  104.1  104.0  4.8 11.4 0.867 0.126 0.007
62  N C 108.9  -87.1   35.5  104.3   63.3  3.9 12.5 0.918 0.074 0.008
63  L C 109.5  -88.3   59.3  107.0  155.3  7.8  9.4 0.996 0.004 0.001
