12 19 0.576
46 53 0.469
13 19 0.466
12 21 0.458
22 83 0.450
63 70 0.434
47 53 0.421
12 20 0.395
13 22 0.390
31 88 0.387
46 55 0.371
10 21 0.371
46 54 0.359
47 56 0.349
14 65 0.349
47 54 0.342
44 56 0.335
44 55 0.330
45 56 0.329
33 83 0.315
44 57 0.312
13 20 0.311
30 88 0.311
45 55 0.293
11 22 0.292
11 21 0.291
34 83 0.290
16 62 0.288
63 72 0.287
64 70 0.283
46 56 0.283
14 20 0.279
9 23 0.279
10 23 0.266
73 89 0.255
71 89 0.252
12 22 0.249
48 54 0.247
47 55 0.246
10 22 0.238
16 63 0.237
71 92 0.236
13 21 0.236
9 24 0.230
24 90 0.229
90 97 0.219
8 23 0.212
59 74 0.211
45 57 0.207
21 83 0.207
20 83 0.205
61 74 0.204
22 85 0.203
63 71 0.198
31 89 0.198
61 72 0.195
45 58 0.192
69 93 0.192
44 58 0.192
31 75 0.192
43 57 0.189
42 58 0.186
61 73 0.183
42 59 0.175
30 76 0.175
22 84 0.175
60 74 0.174
8 24 0.174
35 79 0.171
42 57 0.171
57 76 0.167
56 76 0.165
58 76 0.164
58 74 0.163
42 60 0.163
43 58 0.163
24 95 0.161
13 65 0.158
62 72 0.157
34 82 0.154
31 87 0.151
10 24 0.150
8 29 0.148
89 95 0.147
57 77 0.146
22 82 0.144
13 64 0.143
32 76 0.143
64 71 0.141
32 88 0.140
73 88 0.140
59 76 0.140
56 78 0.139
14 64 0.138
71 93 0.138
32 75 0.138
11 23 0.137
65 71 0.137
74 88 0.137
29 88 0.135
26 90 0.134
33 82 0.133
11 24 0.133
58 77 0.132
32 83 0.130
30 75 0.130
11 66 0.129
56 77 0.128
59 75 0.127
15 62 0.126
35 77 0.125
62 73 0.121
58 75 0.121
31 76 0.120
35 78 0.120
30 74 0.120
69 92 0.119
10 82 0.119
24 97 0.118
32 77 0.117
43 59 0.116
23 83 0.116
66 93 0.115
60 73 0.113
15 63 0.112
35 83 0.111
31 86 0.109
13 66 0.109
62 75 0.108
34 80 0.108
33 84 0.108
55 79 0.107
34 79 0.107
35 57 0.105
62 74 0.104
60 72 0.103
32 78 0.103
61 75 0.102
13 83 0.102
63 73 0.100
13 85 0.100
41 60 0.100
31 74 0.100
35 80 0.099
33 75 0.099
21 82 0.099
57 78 0.097
11 20 0.097
59 77 0.097
90 96 0.096
16 64 0.096
11 19 0.096
63 69 0.096
34 81 0.096
62 70 0.094
30 87 0.093
41 59 0.093
14 66 0.093
60 75 0.092
34 78 0.092
30 89 0.092
35 81 0.091
33 76 0.089
14 62 0.089
15 65 0.088
14 63 0.088
9 87 0.088
12 66 0.087
17 62 0.087
11 67 0.087
8 87 0.086
57 79 0.085
64 72 0.083
31 83 0.083
9 97 0.083
72 89 0.083
34 84 0.083
61 71 0.083
10 20 0.082
22 86 0.081
23 87 0.080
64 73 0.080
47 76 0.079
32 84 0.079
28 88 0.079
11 85 0.078
31 84 0.078
34 77 0.077
10 83 0.077
26 97 0.076
59 73 0.076
12 67 0.076
62 71 0.075
25 31 0.075
54 78 0.074
56 79 0.074
64 89 0.074
15 64 0.074
24 87 0.074
31 90 0.073
23 84 0.073
33 77 0.073
23 85 0.073
12 65 0.072
33 81 0.072
57 75 0.071
24 93 0.071
54 79 0.070
71 90 0.070
31 77 0.069
12 18 0.069
9 21 0.069
9 85 0.069
74 89 0.068
31 85 0.068
73 92 0.068
36 79 0.068
24 83 0.068
17 63 0.067
16 65 0.067
9 82 0.066
36 78 0.066
8 82 0.066
9 22 0.066
66 89 0.066
55 78 0.066
41 58 0.066
66 95 0.066
22 81 0.066
11 65 0.066
8 26 0.065
60 76 0.065
8 25 0.063
38 59 0.063
89 97 0.063
21 84 0.062
25 90 0.062
33 79 0.062
38 60 0.062
40 60 0.061
43 56 0.061
20 82 0.061
58 78 0.061
32 74 0.060
33 80 0.060
33 78 0.059
75 88 0.059
57 74 0.058
43 55 0.058
87 97 0.057
24 89 0.057
16 61 0.057
32 79 0.057
69 95 0.055
13 67 0.055
41 57 0.055
22 90 0.055
44 59 0.054
43 60 0.054
60 77 0.054
58 73 0.053
23 86 0.053
38 57 0.053
32 86 0.052
90 99 0.052
46 52 0.052
71 88 0.052
24 86 0.052
24 84 0.052
29 76 0.051
31 73 0.051
23 90 0.051
26 87 0.051
20 85 0.051
35 82 0.051
69 94 0.050
32 89 0.050
9 25 0.050
39 60 0.050
7 87 0.050
91 97 0.050
75 84 0.049
9 86 0.049
10 85 0.049
40 59 0.049
6 97 0.049
70 92 0.049
75 89 0.049
24 96 0.049
21 81 0.049
9 83 0.049
54 80 0.049
71 91 0.048
14 21 0.048
87 95 0.048
32 85 0.048
39 59 0.048
31 78 0.048
25 87 0.048
48 81 0.048
68 93 0.047
45 59 0.047
33 88 0.047
26 88 0.047
45 76 0.047
69 89 0.046
13 63 0.046
66 97 0.046
32 80 0.046
32 47 0.045
56 75 0.045
8 28 0.045
38 58 0.045
9 29 0.045
22 87 0.045
30 58 0.045
40 58 0.044
10 87 0.044
87 99 0.044
36 77 0.044
70 93 0.044
24 85 0.044
7 29 0.044
54 76 0.044
30 86 0.044
26 89 0.043
37 79 0.043
8 85 0.043
25 86 0.043
24 88 0.043
32 58 0.043
12 64 0.043
83 97 0.043
32 82 0.043
20 84 0.043
11 82 0.042
13 23 0.042
84 90 0.042
3 9 0.042
93 99 0.042
32 87 0.042
23 89 0.042
36 83 0.041
16 60 0.041
58 79 0.041
3 97 0.041
8 30 0.041
27 90 0.041
55 76 0.041
31 58 0.041
26 95 0.040
39 58 0.040
32 81 0.040
13 82 0.040
45 53 0.040
20 37 0.040
44 54 0.040
32 57 0.040
30 77 0.040
72 88 0.039
47 78 0.039
49 81 0.039
84 97 0.039
75 85 0.039
73 90 0.039
7 24 0.039
37 83 0.039
29 87 0.039
26 99 0.039
13 62 0.038
33 86 0.038
67 93 0.038
11 86 0.038
15 33 0.038
37 77 0.038
50 81 0.038
85 93 0.038
55 80 0.038
88 97 0.038
34 76 0.038
4 97 0.038
90 98 0.038
61 70 0.038
11 83 0.038
26 86 0.037
8 32 0.037
9 91 0.037
22 32 0.037
59 72 0.037
75 83 0.037
23 82 0.037
9 89 0.037
13 84 0.036
76 84 0.036
30 47 0.036
24 94 0.036
73 87 0.036
9 84 0.036
8 86 0.036
62 69 0.036
22 97 0.036
27 88 0.036
35 76 0.035
56 80 0.035
28 87 0.035
87 93 0.035
8 84 0.035
30 78 0.035
5 97 0.035
14 22 0.035
59 78 0.034
48 82 0.034
25 95 0.034
18 62 0.034
22 33 0.034
2 8 0.034
88 95 0.034
50 78 0.034
8 83 0.034
77 83 0.034
23 88 0.034
7 23 0.034
43 74 0.034
28 89 0.033
66 94 0.033
24 30 0.033
74 87 0.033
9 90 0.033
76 83 0.033
59 79 0.033
37 43 0.033
14 67 0.033
36 81 0.033
55 77 0.033
7 97 0.033
37 78 0.033
8 22 0.033
29 89 0.033
21 85 0.033
9 95 0.033
25 97 0.032
15 22 0.032
24 31 0.032
22 89 0.032
23 29 0.032
33 58 0.032
33 85 0.032
20 86 0.032
33 57 0.032
25 32 0.032
45 54 0.032
28 90 0.032
26 98 0.032
33 39 0.032
29 75 0.031
10 81 0.031
8 31 0.031
67 95 0.031
23 97 0.031
23 81 0.031
53 79 0.031
72 92 0.031
30 57 0.031
48 80 0.031
22 88 0.031
1 8 0.030
36 80 0.030
39 57 0.030
30 90 0.030
9 26 0.030
50 80 0.030
30 50 0.030
91 99 0.030
10 84 0.030
49 80 0.029
24 99 0.029
8 27 0.029
11 64 0.029
31 57 0.029
11 84 0.029
42 74 0.029
42 76 0.029
84 93 0.029
64 90 0.029
34 87 0.029
42 56 0.029
4 10 0.029
38 77 0.029
38 79 0.029
73 93 0.028
68 95 0.028
41 61 0.028
71 95 0.028
54 77 0.028
60 71 0.028
11 87 0.028
10 86 0.028
8 88 0.028
28 76 0.028
5 24 0.028
12 83 0.028
83 89 0.028
31 50 0.028
60 79 0.027
7 91 0.027
35 56 0.027
75 86 0.027
26 93 0.027
6 29 0.027
44 60 0.027
22 95 0.027
3 32 0.027
6 30 0.027
25 88 0.027
25 89 0.027
13 97 0.027
27 87 0.027
24 32 0.027
8 97 0.027
72 90 0.027
8 80 0.027
29 50 0.027
66 92 0.027
83 95 0.026
22 80 0.026
17 61 0.026
89 96 0.026
33 89 0.026
31 82 0.026
60 78 0.026
35 43 0.026
54 81 0.026
12 85 0.026
27 97 0.026
37 60 0.026
84 95 0.026
26 94 0.026
57 80 0.026
56 74 0.026
34 88 0.026
42 61 0.026
83 93 0.026
7 86 0.026
48 78 0.026
63 75 0.026
7 26 0.026
32 59 0.025
63 74 0.025
21 86 0.025
6 87 0.025
38 44 0.025
33 62 0.025
66 90 0.025
77 84 0.025
11 97 0.025
1 7 0.025
38 62 0.025
64 93 0.025
22 76 0.025
46 76 0.025
35 44 0.025
9 28 0.025
6 26 0.025
34 85 0.025
9 81 0.025
12 68 0.025
26 96 0.025
84 99 0.025
10 19 0.024
38 45 0.024
50 79 0.024
66 99 0.024
75 87 0.024
62 76 0.024
83 99 0.024
35 58 0.024
34 86 0.024
67 96 0.024
33 74 0.024
27 89 0.024
9 62 0.024
3 33 0.024
5 26 0.024
30 85 0.024
33 87 0.024
11 68 0.024
25 85 0.023
32 50 0.023
13 33 0.023
9 75 0.023
3 95 0.023
32 97 0.023
37 57 0.023
9 20 0.023
6 91 0.023
58 72 0.023
23 31 0.023
85 95 0.023
11 62 0.023
64 75 0.023
49 78 0.023
17 65 0.023
32 56 0.023
7 30 0.023
7 82 0.023
20 35 0.023
40 57 0.023
52 79 0.023
30 49 0.023
24 98 0.023
9 99 0.023
9 88 0.022
7 88 0.022
35 41 0.022
86 95 0.022
8 89 0.022
80 99 0.022
89 99 0.022
20 97 0.022
3 98 0.022
31 47 0.022
51 80 0.022
31 97 0.022
29 74 0.022
49 82 0.022
76 88 0.022
31 79 0.022
30 56 0.022
30 54 0.022
9 32 0.022
8 91 0.022
66 96 0.022
38 61 0.022
69 96 0.022
53 80 0.022
35 45 0.022
33 59 0.022
48 55 0.022
81 99 0.022
26 32 0.022
41 62 0.022
29 47 0.022
46 57 0.021
75 95 0.021
83 90 0.021
36 82 0.021
2 9 0.021
29 49 0.021
9 30 0.021
18 38 0.021
23 32 0.021
32 55 0.021
32 73 0.021
61 76 0.021
10 97 0.021
22 31 0.021
20 36 0.021
37 62 0.021
38 78 0.021
7 25 0.021
12 23 0.021
10 80 0.021
9 66 0.021
15 83 0.021
1 9 0.021
10 25 0.021
23 80 0.021
76 82 0.021
24 33 0.020
22 75 0.020
25 96 0.020
76 85 0.020
9 93 0.020
27 86 0.020
30 59 0.020
31 93 0.020
37 82 0.020
27 99 0.020
8 81 0.020
5 91 0.020
81 97 0.020
32 49 0.020
74 92 0.020
52 80 0.020
33 90 0.020
88 99 0.020
47 79 0.020
34 75 0.020
28 97 0.020
20 81 0.020
28 86 0.020
6 24 0.020
3 96 0.020
10 36 0.020
6 96 0.020
73 86 0.019
67 94 0.019
78 84 0.019
9 27 0.019
24 91 0.019
86 97 0.019
5 32 0.019
82 99 0.019
38 83 0.019
73 95 0.019
45 78 0.019
9 31 0.019
11 75 0.019
25 83 0.019
23 95 0.019
9 96 0.019
10 75 0.019
11 25 0.019
67 97 0.019
32 99 0.019
42 75 0.019
36 57 0.019
3 13 0.019
36 76 0.019
31 56 0.019
11 95 0.019
26 91 0.019
26 85 0.019
15 61 0.019
18 37 0.019
20 95 0.019
30 84 0.019
6 98 0.019
3 10 0.019
8 21 0.019
7 92 0.019
7 93 0.019
12 62 0.019
7 84 0.019
7 85 0.019
25 33 0.019
17 64 0.018
11 31 0.018
39 45 0.018
5 28 0.018
5 29 0.018
83 94 0.018
50 82 0.018
42 62 0.018
30 73 0.018
6 99 0.018
47 81 0.018
7 89 0.018
17 60 0.018
47 77 0.018
6 93 0.018
2 98 0.018
8 33 0.018
29 97 0.018
83 98 0.018
35 75 0.018
85 97 0.018
9 33 0.018
24 92 0.018
74 86 0.018
13 24 0.018
32 95 0.018
9 67 0.018
44 76 0.018
5 95 0.018
61 77 0.018
7 32 0.018
31 92 0.017
9 71 0.017
4 98 0.017
9 73 0.017
35 84 0.017
9 68 0.017
32 54 0.017
15 21 0.017
12 82 0.017
43 54 0.017
40 61 0.017
29 90 0.017
22 28 0.017
82 97 0.017
18 63 0.017
35 59 0.017
23 30 0.017
35 60 0.017
5 96 0.017
48 83 0.017
57 81 0.017
11 18 0.017
31 91 0.017
9 98 0.017
6 92 0.017
69 91 0.017
11 69 0.017
65 89 0.017
85 91 0.017
31 49 0.017
22 93 0.017
35 42 0.017
20 33 0.017
2 97 0.017
48 79 0.017
4 32 0.017
70 89 0.017
5 27 0.017
34 40 0.017
13 95 0.017
49 79 0.017
7 95 0.017
84 96 0.017
48 56 0.017
25 99 0.017
13 86 0.017
9 94 0.017
7 96 0.017
6 32 0.017
86 93 0.016
10 91 0.016
32 90 0.016
20 96 0.016
3 31 0.016
42 55 0.016
4 99 0.016
10 90 0.016
55 81 0.016
48 99 0.016
10 66 0.016
22 99 0.016
39 61 0.016
92 99 0.016
52 81 0.016
31 95 0.016
25 84 0.016
20 87 0.016
50 76 0.016
18 40 0.016
20 32 0.016
7 31 0.016
45 79 0.016
37 61 0.016
65 72 0.016
11 93 0.016
61 69 0.016
10 26 0.016
83 96 0.016
89 98 0.016
51 78 0.016
11 26 0.016
23 50 0.016
75 97 0.016
71 87 0.016
33 60 0.016
6 95 0.016
4 96 0.015
87 98 0.015
49 55 0.015
5 23 0.015
71 94 0.015
8 90 0.015
7 83 0.015
19 83 0.015
10 76 0.015
28 47 0.015
31 59 0.015
10 77 0.015
9 80 0.015
45 75 0.015
7 28 0.015
9 19 0.015
37 81 0.015
21 80 0.015
23 33 0.015
4 30 0.015
69 97 0.015
68 92 0.015
66 85 0.015
44 53 0.015
38 82 0.015
53 81 0.015
34 57 0.015
47 80 0.015
3 99 0.015
4 91 0.015
11 33 0.015
13 31 0.015
3 94 0.015
31 62 0.015
62 77 0.015
10 79 0.015
59 81 0.015
28 50 0.015
91 98 0.015
3 24 0.015
26 92 0.015
46 98 0.015
16 66 0.015
76 86 0.015
29 86 0.015
13 75 0.015
47 96 0.015
38 75 0.015
7 90 0.015
62 82 0.015
51 79 0.015
5 99 0.015
1 10 0.015
3 11 0.015
35 55 0.015
23 93 0.015
6 31 0.015
62 83 0.015
11 32 0.015
5 98 0.015
1 99 0.015
10 67 0.015
85 99 0.015
49 76 0.015
21 99 0.014
31 54 0.014
28 77 0.014
11 71 0.014
49 83 0.014
73 91 0.014
4 26 0.014
80 97 0.014
9 92 0.014
29 51 0.014
51 81 0.014
21 87 0.014
28 75 0.014
23 99 0.014
39 62 0.014
32 48 0.014
4 31 0.014
5 25 0.014
46 58 0.014
3 91 0.014
74 84 0.014
31 94 0.014
2 33 0.014
14 70 0.014
13 81 0.014
42 77 0.014
47 99 0.014
64 99 0.014
31 80 0.014
7 99 0.014
76 87 0.014
86 99 0.014
2 99 0.014
47 74 0.014
10 29 0.014
4 28 0.014
4 24 0.014
11 90 0.014
69 90 0.014
1 97 0.014
3 85 0.014
84 98 0.014
4 95 0.014
56 81 0.014
7 80 0.014
32 38 0.014
74 85 0.014
13 32 0.014
46 78 0.014
64 95 0.014
70 91 0.014
9 69 0.014
3 30 0.014
68 94 0.014
5 31 0.013
11 99 0.013
45 60 0.013
88 98 0.013
12 24 0.013
13 99 0.013
47 57 0.013
3 29 0.013
43 76 0.013
10 78 0.013
15 97 0.013
47 97 0.013
8 99 0.013
30 60 0.013
47 75 0.013
11 81 0.013
11 70 0.013
4 29 0.013
22 96 0.013
8 62 0.013
8 95 0.013
21 35 0.013
28 99 0.013
1 98 0.013
49 99 0.013
20 38 0.013
11 63 0.013
20 99 0.013
62 95 0.013
3 90 0.013
8 96 0.013
3 28 0.013
37 59 0.013
47 59 0.013
12 84 0.013
35 62 0.013
3 86 0.013
54 82 0.013
35 61 0.013
32 62 0.013
10 62 0.013
6 28 0.013
27 33 0.013
11 27 0.013
27 95 0.013
33 47 0.013
6 82 0.013
3 93 0.013
45 74 0.013
24 82 0.013
10 32 0.013
30 83 0.013
5 89 0.013
64 97 0.013
30 45 0.013
7 98 0.013
38 97 0.013
5 33 0.013
3 84 0.013
73 85 0.013
7 94 0.013
84 94 0.013
10 92 0.013
10 18 0.013
3 25 0.013
39 79 0.013
88 94 0.013
18 60 0.013
3 47 0.013
79 99 0.013
15 66 0.012
6 88 0.012
6 86 0.012
32 60 0.012
22 34 0.012
11 92 0.012
37 76 0.012
15 32 0.012
25 98 0.012
9 74 0.012
22 78 0.012
34 89 0.012
88 96 0.012
31 81 0.012
6 84 0.012
28 74 0.012
64 74 0.012
24 47 0.012
22 30 0.012
23 49 0.012
41 75 0.012
47 82 0.012
11 76 0.012
6 85 0.012
62 84 0.012
22 74 0.012
58 80 0.012
12 81 0.012
10 93 0.012
5 30 0.012
31 71 0.012
32 96 0.012
27 85 0.012
82 93 0.012
8 79 0.012
4 33 0.012
45 77 0.012
8 93 0.012
59 71 0.012
67 99 0.012
25 93 0.012
10 89 0.012
19 37 0.012
6 94 0.012
14 68 0.012
38 76 0.012
8 75 0.012
67 89 0.012
53 82 0.012
65 95 0.012
7 27 0.012
30 91 0.012
25 94 0.012
22 35 0.012
9 36 0.012
87 94 0.012
2 32 0.012
30 48 0.012
5 84 0.012
60 81 0.012
22 37 0.012
7 81 0.012
28 34 0.012
74 93 0.012
4 27 0.012
8 54 0.012
10 31 0.012
21 97 0.012
29 77 0.012
49 97 0.012
9 77 0.012
6 89 0.012
2 10 0.012
33 95 0.012
80 98 0.012
82 95 0.011
26 33 0.011
9 70 0.011
8 92 0.011
11 80 0.011
66 88 0.011
57 82 0.011
5 85 0.011
53 78 0.011
76 89 0.011
3 12 0.011
36 61 0.011
27 94 0.011
24 80 0.011
12 63 0.011
20 34 0.011
10 95 0.011
60 70 0.011
6 27 0.011
14 61 0.011
8 52 0.011
84 92 0.011
5 21 0.011
22 98 0.011
87 96 0.011
11 94 0.011
30 97 0.011
53 76 0.011
13 68 0.011
16 70 0.011
57 73 0.011
20 88 0.011
36 75 0.011
48 97 0.011
1 24 0.011
82 89 0.011
68 96 0.011
74 90 0.011
67 92 0.011
45 52 0.011
12 69 0.011
33 40 0.011
55 75 0.011
85 92 0.011
52 78 0.011
54 99 0.011
11 89 0.011
31 72 0.011
73 97 0.011
20 40 0.011
27 98 0.011
27 93 0.011
62 89 0.011
34 62 0.011
70 90 0.011
35 46 0.011
30 93 0.011
86 92 0.011
8 94 0.011
13 77 0.011
23 98 0.011
8 34 0.011
46 59 0.011
13 76 0.011
30 80 0.011
7 33 0.011
37 58 0.011
72 91 0.011
57 99 0.011
11 77 0.011
11 79 0.011
9 76 0.011
72 93 0.011
35 74 0.011
43 61 0.011
8 73 0.011
22 62 0.011
31 99 0.011
3 26 0.011
41 74 0.011
30 79 0.011
33 42 0.011
54 75 0.011
20 62 0.011
33 41 0.011
44 74 0.011
14 69 0.011
10 28 0.011
41 56 0.011
6 81 0.011
48 76 0.011
50 99 0.011
78 99 0.010
35 47 0.010
82 94 0.010
6 23 0.010
38 56 0.010
11 28 0.010
32 94 0.010
64 86 0.010
24 81 0.010
6 33 0.010
29 48 0.010
32 46 0.010
46 99 0.010
36 60 0.010
4 85 0.010
92 98 0.010
30 55 0.010
34 58 0.010
4 87 0.010
38 74 0.010
37 80 0.010
29 99 0.010
41 76 0.010
6 25 0.010
32 93 0.010
7 21 0.010
11 78 0.010
9 72 0.010
30 62 0.010
15 60 0.010
6 90 0.010
74 97 0.010
75 93 0.010
75 82 0.010
19 97 0.010
23 74 0.010
51 82 0.010
18 65 0.010
50 83 0.010
84 91 0.010
43 75 0.010
65 93 0.010
51 76 0.010
62 68 0.010
8 36 0.010
10 99 0.010
11 29 0.010
30 71 0.010
4 94 0.010
21 96 0.010
22 94 0.010
9 65 0.010
39 83 0.010
22 77 0.010
9 64 0.010
22 29 0.010
74 83 0.010
31 37 0.010
10 30 0.010
62 81 0.010
10 88 0.010
2 96 0.010
18 36 0.010
50 77 0.010
58 99 0.010
33 56 0.010
34 74 0.010
55 82 0.010
27 91 0.010
15 85 0.010
51 99 0.010
18 97 0.010
31 38 0.010
66 86 0.010
18 83 0.010
77 85 0.010
3 87 0.010
19 82 0.010
47 83 0.010
48 95 0.010
15 23 0.010
33 61 0.010
34 45 0.010
13 96 0.010
37 44 0.010
60 99 0.010
49 77 0.010
73 96 0.010
31 55 0.010
28 49 0.010
31 63 0.010
75 81 0.009
37 45 0.009
9 79 0.009
30 95 0.009
38 96 0.009
7 79 0.009
49 96 0.009
59 80 0.009
32 51 0.009
30 92 0.009
6 80 0.009
64 85 0.009
8 98 0.009
36 42 0.009
64 88 0.009
22 36 0.009
40 79 0.009
10 33 0.009
10 71 0.009
15 99 0.009
4 84 0.009
4 93 0.009
12 80 0.009
82 88 0.009
13 61 0.009
23 96 0.009
2 95 0.009
5 92 0.009
40 62 0.009
74 95 0.009
28 91 0.009
68 89 0.009
10 94 0.009
32 61 0.009
10 74 0.009
5 94 0.009
10 96 0.009
22 47 0.009
70 95 0.009
1 95 0.009
56 99 0.009
30 72 0.009
18 61 0.009
66 98 0.009
30 51 0.009
29 78 0.009
5 93 0.009
9 78 0.009
9 49 0.009
30 46 0.009
37 96 0.009
33 97 0.009
23 75 0.009
12 70 0.009
9 38 0.009
4 23 0.009
64 94 0.009
11 96 0.009
3 27 0.009
63 89 0.009
69 99 0.009
82 98 0.009
4 89 0.009
60 82 0.009
71 97 0.009
33 72 0.009
11 73 0.009
10 27 0.009
47 58 0.009
31 45 0.009
19 96 0.009
13 90 0.009
32 44 0.009
2 26 0.009
21 33 0.009
33 49 0.009
5 90 0.009
8 71 0.009
36 62 0.009
31 60 0.009
22 79 0.009
27 96 0.009
69 88 0.009
11 88 0.009
52 82 0.009
8 20 0.009
54 97 0.009
5 22 0.009
3 89 0.009
36 43 0.009
5 87 0.009
31 98 0.009
36 97 0.009
21 62 0.009
7 72 0.009
9 63 0.009
24 78 0.009
31 64 0.009
34 61 0.009
38 80 0.009
4 25 0.009
18 44 0.009
24 75 0.009
2 24 0.009
52 83 0.009
12 95 0.009
10 73 0.009
33 73 0.009
45 80 0.009
57 83 0.008
37 75 0.008
15 96 0.008
7 73 0.008
35 97 0.008
52 76 0.008
22 73 0.008
77 89 0.008
1 26 0.008
34 42 0.008
77 99 0.008
19 99 0.008
41 55 0.008
30 99 0.008
29 73 0.008
3 23 0.008
31 44 0.008
28 85 0.008
23 79 0.008
28 78 0.008
7 46 0.008
9 51 0.008
14 60 0.008
1 33 0.008
8 72 0.008
14 83 0.008
23 76 0.008
13 70 0.008
7 48 0.008
85 94 0.008
24 76 0.008
40 83 0.008
21 95 0.008
21 36 0.008
16 59 0.008
28 95 0.008
54 83 0.008
7 22 0.008
18 33 0.008
83 92 0.008
36 59 0.008
13 38 0.008
76 99 0.008
38 99 0.008
83 91 0.008
3 92 0.008
34 90 0.008
73 84 0.008
64 83 0.008
12 97 0.008
50 84 0.008
51 83 0.008
65 97 0.008
32 98 0.008
31 51 0.008
20 89 0.008
38 63 0.008
12 86 0.008
9 34 0.008
20 31 0.008
8 51 0.008
15 38 0.008
51 84 0.008
1 25 0.008
59 82 0.008
13 87 0.008
34 41 0.008
1 94 0.008
72 95 0.008
28 84 0.008
41 97 0.008
75 99 0.008
36 58 0.008
33 99 0.008
26 84 0.008
44 61 0.008
36 99 0.008
66 87 0.008
20 98 0.008
60 80 0.008
1 96 0.008
73 94 0.008
23 94 0.008
25 47 0.008
40 77 0.008
23 78 0.008
71 96 0.008
85 96 0.008
48 77 0.008
10 65 0.008
32 39 0.008
13 73 0.008
45 73 0.008
9 61 0.008
13 98 0.008
9 50 0.008
59 99 0.008
9 45 0.008
25 75 0.008
1 32 0.008
32 45 0.008
8 46 0.008
37 84 0.008
18 95 0.008
10 69 0.008
44 75 0.008
19 95 0.008
10 68 0.008
30 94 0.008
30 43 0.008
38 95 0.008
33 45 0.008
11 72 0.008
22 48 0.008
4 86 0.008
30 53 0.008
54 89 0.008
2 94 0.008
75 92 0.008
32 43 0.008
33 54 0.008
34 46 0.008
10 70 0.008
33 64 0.008
1 28 0.008
30 44 0.008
36 84 0.008
35 99 0.008
36 44 0.007
35 54 0.007
13 93 0.007
8 68 0.007
23 47 0.007
65 73 0.007
33 96 0.007
65 99 0.007
4 82 0.007
11 91 0.007
52 99 0.007
7 71 0.007
21 89 0.007
37 63 0.007
8 76 0.007
62 93 0.007
32 72 0.007
27 76 0.007
44 78 0.007
10 34 0.007
62 97 0.007
18 42 0.007
73 99 0.007
38 84 0.007
45 87 0.007
53 77 0.007
18 43 0.007
32 64 0.007
34 97 0.007
58 81 0.007
3 34 0.007
5 82 0.007
56 82 0.007
4 90 0.007
36 96 0.007
18 39 0.007
6 83 0.007
31 53 0.007
3 46 0.007
45 83 0.007
8 66 0.007
34 60 0.007
78 85 0.007
42 78 0.007
28 93 0.007
3 64 0.007
28 58 0.007
64 92 0.007
2 25 0.007
43 78 0.007
5 75 0.007
79 97 0.007
30 82 0.007
77 88 0.007
39 82 0.007
8 35 0.007
35 96 0.007
33 50 0.007
24 77 0.007
22 50 0.007
6 77 0.007
2 28 0.007
7 78 0.007
8 50 0.007
12 78 0.007
1 27 0.007
8 53 0.007
8 74 0.007
19 65 0.007
53 83 0.007
34 47 0.007
36 91 0.007
11 38 0.007
81 98 0.007
9 44 0.007
7 52 0.007
24 74 0.007
3 66 0.007
5 86 0.007
9 47 0.007
26 83 0.007
52 97 0.007
13 71 0.007
8 49 0.007
38 81 0.007
16 97 0.007
33 44 0.007
27 34 0.007
47 98 0.007
61 79 0.007
29 85 0.007
42 63 0.007
46 60 0.007
50 97 0.007
34 44 0.007
21 37 0.007
16 38 0.007
39 74 0.007
86 98 0.007
6 34 0.007
2 31 0.007
14 23 0.007
22 92 0.007
28 51 0.007
34 59 0.007
56 83 0.007
10 98 0.007
72 87 0.007
27 50 0.007
62 86 0.007
21 98 0.007
29 91 0.007
34 91 0.007
8 67 0.007
12 75 0.007
19 33 0.007
16 67 0.007
3 88 0.007
23 48 0.007
46 79 0.007
38 55 0.007
57 97 0.007
6 21 0.007
5 11 0.007
7 75 0.007
29 54 0.007
82 90 0.007
33 43 0.007
11 74 0.007
7 47 0.007
13 89 0.007
62 85 0.007
13 74 0.007
39 63 0.007
11 30 0.007
29 58 0.007
9 54 0.007
14 71 0.007
5 81 0.007
51 97 0.007
13 69 0.007
12 99 0.007
3 82 0.007
49 84 0.007
21 88 0.007
3 15 0.007
25 76 0.007
46 97 0.007
31 48 0.007
20 75 0.007
17 59 0.007
86 94 0.007
43 62 0.007
54 87 0.007
31 43 0.007
64 77 0.007
46 75 0.007
28 92 0.007
21 90 0.007
6 22 0.007
75 90 0.007
31 61 0.007
33 46 0.007
39 77 0.007
13 80 0.007
9 46 0.007
33 71 0.007
19 62 0.007
41 77 0.007
28 98 0.007
21 78 0.007
13 94 0.007
8 78 0.007
40 75 0.007
47 84 0.007
18 96 0.007
12 71 0.007
54 74 0.006
40 82 0.006
21 79 0.006
10 72 0.006
23 62 0.006
6 75 0.006
32 42 0.006
47 60 0.006
3 83 0.006
29 52 0.006
15 82 0.006
34 95 0.006
8 69 0.006
13 78 0.006
71 86 0.006
62 90 0.006
27 92 0.006
25 91 0.006
34 99 0.006
5 88 0.006
13 60 0.006
11 17 0.006
22 45 0.006
8 56 0.006
31 42 0.006
20 90 0.006
59 97 0.006
14 33 0.006
24 73 0.006
32 71 0.006
35 86 0.006
8 77 0.006
48 84 0.006
34 43 0.006
48 94 0.006
40 96 0.006
54 93 0.006
5 47 0.006
47 73 0.006
8 47 0.006
7 62 0.006
2 90 0.006
9 52 0.006
15 98 0.006
51 77 0.006
3 14 0.006
48 96 0.006
68 97 0.006
28 73 0.006
38 46 0.006
23 91 0.006
15 71 0.006
13 37 0.006
19 63 0.006
45 82 0.006
6 76 0.006
6 78 0.006
62 96 0.006
14 99 0.006
47 95 0.006
44 62 0.006
23 34 0.006
32 52 0.006
30 38 0.006
49 75 0.006
77 97 0.006
33 93 0.006
12 72 0.006
53 99 0.006
6 36 0.006
62 99 0.006
11 36 0.006
31 96 0.006
23 51 0.006
56 73 0.006
18 82 0.006
13 28 0.006
38 86 0.006
20 80 0.006
14 75 0.006
58 82 0.006
7 50 0.006
18 79 0.006
46 77 0.006
19 85 0.006
12 87 0.006
52 89 0.006
5 80 0.006
5 76 0.006
74 91 0.006
39 80 0.006
10 38 0.006
54 84 0.006
17 57 0.006
49 95 0.006
21 75 0.006
50 75 0.006
5 50 0.006
20 76 0.006
46 74 0.006
81 95 0.006
75 96 0.006
74 96 0.006
8 44 0.006
21 45 0.006
12 94 0.006
42 79 0.006
33 91 0.006
1 11 0.006
82 96 0.006
27 51 0.006
30 42 0.006
11 60 0.006
7 51 0.006
36 95 0.006
7 34 0.006
17 66 0.006
12 79 0.006
7 49 0.006
35 85 0.006
2 93 0.006
15 67 0.006
8 64 0.006
67 90 0.006
77 86 0.006
11 61 0.006
55 99 0.006
76 97 0.006
64 84 0.006
47 94 0.006
20 39 0.006
81 89 0.006
19 35 0.006
46 96 0.006
65 90 0.006
4 34 0.006
30 36 0.006
2 86 0.006
17 97 0.006
61 78 0.006
22 60 0.006
24 79 0.006
2 29 0.006
35 88 0.006
4 92 0.006
15 39 0.006
39 75 0.006
76 93 0.006
31 46 0.006
39 76 0.006
3 48 0.006
71 99 0.006
8 38 0.006
81 87 0.006
76 92 0.006
2 30 0.006
14 97 0.006
58 97 0.006
28 56 0.006
7 76 0.006
12 77 0.006
23 77 0.006
67 98 0.006
53 87 0.006
62 79 0.006
5 15 0.006
17 38 0.006
31 66 0.006
54 90 0.006
12 73 0.006
41 79 0.006
2 34 0.006
54 88 0.006
19 84 0.006
29 84 0.006
74 99 0.006
14 82 0.006
27 75 0.006
9 56 0.006
31 52 0.006
9 15 0.006
33 63 0.006
28 94 0.006
38 85 0.006
66 72 0.006
3 81 0.006
65 96 0.006
15 84 0.006
55 74 0.006
8 45 0.006
27 62 0.006
4 11 0.006
18 41 0.006
22 91 0.006
21 76 0.006
43 77 0.006
1 86 0.006
60 83 0.006
10 64 0.006
6 79 0.006
3 77 0.006
4 47 0.006
29 83 0.006
13 79 0.006
9 48 0.006
2 27 0.006
5 83 0.006
13 72 0.006
64 87 0.006
24 38 0.006
3 50 0.006
3 75 0.006
78 97 0.006
20 60 0.006
22 49 0.006
15 95 0.006
40 99 0.006
30 61 0.006
29 53 0.006
18 99 0.005
16 22 0.005
16 40 0.005
3 38 0.005
7 44 0.005
15 31 0.005
55 83 0.005
15 37 0.005
30 81 0.005
14 24 0.005
43 53 0.005
9 35 0.005
45 97 0.005
12 31 0.005
32 40 0.005
70 94 0.005
14 32 0.005
46 82 0.005
17 58 0.005
80 88 0.005
45 99 0.005
30 52 0.005
1 90 0.005
20 41 0.005
26 76 0.005
9 60 0.005
45 81 0.005
1 93 0.005
25 50 0.005
15 36 0.005
75 94 0.005
27 63 0.005
7 53 0.005
20 50 0.005
29 98 0.005
77 87 0.005
38 90 0.005
35 87 0.005
36 86 0.005
21 32 0.005
9 58 0.005
22 38 0.005
1 85 0.005
9 59 0.005
25 74 0.005
33 48 0.005
24 49 0.005
2 85 0.005
1 29 0.005
13 56 0.005
80 95 0.005
63 95 0.005
76 95 0.005
60 97 0.005
37 74 0.005
29 45 0.005
50 87 0.005
60 95 0.005
29 95 0.005
10 35 0.005
13 92 0.005
45 62 0.005
2 23 0.005
39 56 0.005
14 85 0.005
6 64 0.005
11 98 0.005
73 83 0.005
43 73 0.005
54 85 0.005
15 40 0.005
11 59 0.005
6 72 0.005
24 48 0.005
59 83 0.005
2 91 0.005
24 50 0.005
27 49 0.005
4 88 0.005
40 76 0.005
32 91 0.005
35 91 0.005
86 96 0.005
8 48 0.005
21 34 0.005
68 99 0.005
1 91 0.005
1 31 0.005
8 43 0.005
74 82 0.005
44 77 0.005
12 32 0.005
20 57 0.005
7 74 0.005
8 19 0.005
19 32 0.005
51 95 0.005
45 96 0.005
37 99 0.005
25 73 0.005
1 23 0.005
8 65 0.005
36 45 0.005
53 97 0.005
41 99 0.005
10 37 0.005
66 91 0.005
38 47 0.005
3 78 0.005
35 90 0.005
27 47 0.005
40 74 0.005
13 88 0.005
8 57 0.005
62 94 0.005
26 47 0.005
80 94 0.005
70 88 0.005
25 49 0.005
3 49 0.005
17 70 0.005
12 76 0.005
37 97 0.005
33 55 0.005
60 89 0.005
19 38 0.005
2 11 0.005
16 33 0.005
9 39 0.005
14 96 0.005
15 34 0.005
27 84 0.005
69 98 0.005
46 83 0.005
63 93 0.005
19 60 0.005
9 43 0.005
34 56 0.005
15 48 0.005
64 96 0.005
35 64 0.005
18 64 0.005
40 56 0.005
53 89 0.005
50 95 0.005
24 46 0.005
30 37 0.005
49 98 0.005
46 80 0.005
29 59 0.005
22 46 0.005
15 73 0.005
29 93 0.005
61 99 0.005
59 70 0.005
12 96 0.005
15 75 0.005
7 77 0.005
43 79 0.005
79 98 0.005
4 80 0.005
36 88 0.005
32 63 0.005
47 87 0.005
41 83 0.005
45 61 0.005
6 35 0.005
25 92 0.005
25 45 0.005
46 81 0.005
56 97 0.005
61 95 0.005
39 99 0.005
26 50 0.005
14 76 0.005
49 56 0.005
80 93 0.005
32 53 0.005
29 56 0.005
39 78 0.005
15 42 0.005
74 94 0.005
30 98 0.005
42 99 0.005
16 96 0.005
1 13 0.005
52 84 0.005
28 62 0.005
13 25 0.005
73 98 0.005
23 54 0.005
29 46 0.005
6 73 0.005
40 78 0.005
45 95 0.005
22 66 0.005
50 96 0.005
38 73 0.005
16 99 0.005
44 79 0.005
6 46 0.005
30 64 0.005
13 34 0.005
3 80 0.005
5 13 0.005
85 98 0.005
18 66 0.005
2 87 0.005
48 98 0.005
6 44 0.005
37 85 0.005
5 77 0.005
17 33 0.005
44 82 0.005
29 57 0.005
42 73 0.005
5 66 0.005
4 66 0.005
69 87 0.005
20 28 0.005
13 30 0.005
2 89 0.005
81 88 0.005
70 97 0.005
59 84 0.005
65 94 0.005
54 95 0.005
15 72 0.005
79 95 0.005
52 98 0.005
81 93 0.005
7 13 0.005
34 63 0.005
1 75 0.005
32 41 0.005
40 95 0.005
1 34 0.005
23 46 0.005
20 77 0.005
28 59 0.005
22 64 0.005
33 94 0.005
34 55 0.005
15 35 0.005
3 21 0.005
49 94 0.005
68 90 0.005
24 34 0.005
6 47 0.005
25 82 0.005
26 75 0.005
53 88 0.005
80 86 0.005
26 49 0.005
13 29 0.005
51 96 0.005
71 85 0.005
3 51 0.005
81 94 0.005
34 64 0.005
35 89 0.005
28 48 0.005
47 86 0.005
73 80 0.005
8 61 0.005
42 54 0.005
72 97 0.005
45 94 0.005
38 98 0.005
18 59 0.005
44 97 0.005
42 83 0.005
13 59 0.005
20 92 0.005
9 40 0.005
3 76 0.005
41 78 0.004
10 63 0.004
1 30 0.004
5 44 0.004
23 73 0.004
37 95 0.004
29 92 0.004
17 99 0.004
19 31 0.004
13 49 0.004
38 64 0.004
32 69 0.004
60 84 0.004
3 22 0.004
12 88 0.004
5 34 0.004
11 35 0.004
12 60 0.004
54 86 0.004
3 62 0.004
27 77 0.004
19 81 0.004
13 26 0.004
23 52 0.004
22 54 0.004
19 98 0.004
13 36 0.004
47 93 0.004
38 93 0.004
25 54 0.004
1 89 0.004
47 62 0.004
13 35 0.004
13 91 0.004
16 83 0.004
18 45 0.004
34 50 0.004
9 37 0.004
22 61 0.004
18 75 0.004
14 72 0.004
7 69 0.004
7 43 0.004
7 67 0.004
12 25 0.004
35 95 0.004
6 62 0.004
40 46 0.004
7 70 0.004
16 42 0.004
23 59 0.004
38 88 0.004
32 66 0.004
80 96 0.004
11 37 0.004
15 81 0.004
62 88 0.004
34 96 0.004
58 71 0.004
21 94 0.004
35 53 0.004
31 69 0.004
56 62 0.004
20 45 0.004
50 98 0.004
45 51 0.004
29 55 0.004
3 37 0.004
18 84 0.004
39 97 0.004
30 96 0.004
4 75 0.004
20 59 0.004
3 65 0.004
40 97 0.004
74 80 0.004
9 53 0.004
8 70 0.004
14 51 0.004
38 54 0.004
18 35 0.004
23 92 0.004
25 34 0.004
28 71 0.004
28 96 0.004
25 48 0.004
43 72 0.004
6 71 0.004
27 74 0.004
82 92 0.004
17 83 0.004
23 55 0.004
15 24 0.004
20 94 0.004
16 58 0.004
20 74 0.004
16 71 0.004
62 78 0.004
5 78 0.004
58 83 0.004
39 55 0.004
15 70 0.004
39 95 0.004
12 93 0.004
68 91 0.004
6 50 0.004
64 82 0.004
15 41 0.004
15 47 0.004
19 75 0.004
6 74 0.004
3 43 0.004
49 93 0.004
70 96 0.004
52 77 0.004
29 72 0.004
36 56 0.004
48 75 0.004
16 72 0.004
4 83 0.004
14 73 0.004
32 92 0.004
19 87 0.004
20 78 0.004
51 98 0.004
7 36 0.004
27 59 0.004
29 71 0.004
54 60 0.004
27 58 0.004
20 63 0.004
16 75 0.004
37 56 0.004
5 51 0.004
7 64 0.004
8 59 0.004
78 86 0.004
62 80 0.004
21 74 0.004
1 87 0.004
25 77 0.004
4 77 0.004
79 85 0.004
39 96 0.004
24 62 0.004
4 15 0.004
7 66 0.004
35 63 0.004
7 45 0.004
4 22 0.004
78 98 0.004
63 97 0.004
54 98 0.004
60 88 0.004
22 51 0.004
28 60 0.004
42 85 0.004
28 54 0.004
28 53 0.004
25 46 0.004
24 54 0.004
35 94 0.004
28 52 0.004
5 49 0.004
50 56 0.004
59 95 0.004
72 96 0.004
50 85 0.004
27 64 0.004
39 46 0.004
27 56 0.004
34 54 0.004
41 82 0.004
63 99 0.004
14 59 0.004
4 76 0.004
3 54 0.004
50 93 0.004
35 49 0.004
4 68 0.004
29 96 0.004
72 86 0.004
15 89 0.004
56 84 0.004
36 63 0.004
15 59 0.004
28 72 0.004
63 77 0.004
15 86 0.004
44 73 0.004
28 46 0.004
29 62 0.004
20 61 0.004
66 83 0.004
9 42 0.004
44 95 0.004
3 44 0.004
24 51 0.004
6 53 0.004
17 74 0.004
3 16 0.004
29 94 0.004
23 40 0.004
18 85 0.004
41 63 0.004
28 57 0.004
28 83 0.004
78 95 0.004
77 95 0.004
5 64 0.004
10 46 0.004
41 95 0.004
36 74 0.004
4 81 0.004
50 86 0.004
34 94 0.004
22 41 0.004
31 39 0.004
15 44 0.004
22 44 0.004
29 60 0.004
9 57 0.004
19 36 0.004
23 38 0.004
40 80 0.004
5 74 0.004
22 59 0.004
19 40 0.004
8 63 0.004
55 85 0.004
3 53 0.004
20 42 0.004
3 52 0.004
53 84 0.004
51 75 0.004
11 51 0.004
72 99 0.004
26 48 0.004
16 37 0.004
25 52 0.004
16 95 0.004
61 81 0.004
36 98 0.004
13 47 0.004
25 38 0.004
20 93 0.004
45 72 0.004
3 35 0.004
2 13 0.004
21 77 0.004
12 61 0.004
8 55 0.004
28 37 0.004
10 50 0.004
70 99 0.004
25 51 0.004
31 70 0.004
20 58 0.004
14 95 0.004
16 73 0.004
67 88 0.004
22 57 0.004
42 82 0.004
12 26 0.004
12 38 0.004
8 37 0.004
59 86 0.004
40 63 0.004
21 31 0.004
71 83 0.004
20 79 0.004
47 88 0.004
1 92 0.004
44 80 0.004
37 86 0.004
56 86 0.004
5 46 0.004
15 49 0.004
6 49 0.004
19 61 0.004
59 87 0.004
23 45 0.004
29 79 0.004
81 90 0.004
45 88 0.004
57 84 0.004
1 47 0.004
13 48 0.004
45 98 0.004
8 40 0.004
19 59 0.004
49 87 0.004
49 85 0.004
12 89 0.004
58 98 0.004
11 34 0.004
35 93 0.004
28 35 0.004
14 56 0.004
6 48 0.004
53 85 0.004
71 84 0.004
16 44 0.004
12 74 0.004
11 45 0.004
43 96 0.004
15 74 0.004
19 86 0.004
7 35 0.004
12 33 0.004
22 56 0.004
52 96 0.004
44 99 0.004
3 36 0.004
76 90 0.004
5 79 0.004
11 56 0.004
8 58 0.004
1 84 0.004
24 53 0.004
28 55 0.004
3 74 0.004
52 95 0.004
42 80 0.004
7 58 0.004
1 88 0.004
16 41 0.004
7 38 0.004
16 23 0.004
18 78 0.004
63 76 0.003
66 84 0.003
28 79 0.003
23 37 0.003
77 90 0.003
7 37 0.003
14 78 0.003
49 88 0.003
56 98 0.003
5 20 0.003
37 64 0.003
66 75 0.003
61 68 0.003
22 72 0.003
24 45 0.003
55 97 0.003
41 54 0.003
24 64 0.003
13 57 0.003
17 96 0.003
30 70 0.003
13 27 0.003
25 78 0.003
16 36 0.003
12 36 0.003
9 41 0.003
17 67 0.003
38 94 0.003
6 66 0.003
38 89 0.003
49 74 0.003
21 61 0.003
77 93 0.003
10 49 0.003
64 76 0.003
7 42 0.003
17 23 0.003
43 99 0.003
14 38 0.003
26 62 0.003
20 65 0.003
3 79 0.003
44 83 0.003
16 39 0.003
50 73 0.003
2 84 0.003
6 43 0.003
42 97 0.003
81 96 0.003
27 61 0.003
49 90 0.003
80 90 0.003
8 42 0.003
49 86 0.003
60 87 0.003
41 96 0.003
23 35 0.003
8 60 0.003
33 92 0.003
18 81 0.003
26 51 0.003
41 73 0.003
72 94 0.003
47 72 0.003
3 40 0.003
2 75 0.003
5 43 0.003
53 98 0.003
13 50 0.003
55 86 0.003
28 80 0.003
51 89 0.003
1 76 0.003
22 39 0.003
2 88 0.003
25 56 0.003
31 67 0.003
22 40 0.003
3 39 0.003
42 81 0.003
4 13 0.003
50 94 0.003
5 19 0.003
5 73 0.003
25 53 0.003
28 61 0.003
23 42 0.003
27 52 0.003
2 92 0.003
9 18 0.003
32 67 0.003
14 74 0.003
43 80 0.003
29 35 0.003
36 46 0.003
5 48 0.003
14 98 0.003
51 94 0.003
3 71 0.003
10 47 0.003
61 82 0.003
36 47 0.003
72 85 0.003
51 57 0.003
47 64 0.003
25 81 0.003
34 73 0.003
19 74 0.003
10 60 0.003
10 45 0.003
11 58 0.003
24 36 0.003
3 61 0.003
62 92 0.003
36 89 0.003
22 58 0.003
75 98 0.003
6 52 0.003
7 59 0.003
27 35 0.003
57 98 0.003
54 73 0.003
13 51 0.003
17 75 0.003
34 49 0.003
21 63 0.003
45 84 0.003
20 49 0.003
42 95 0.003
44 72 0.003
48 59 0.003
22 52 0.003
12 28 0.003
16 69 0.003
46 95 0.003
39 81 0.003
15 54 0.003
37 73 0.003
8 39 0.003
70 87 0.003
23 39 0.003
7 54 0.003
4 50 0.003
43 82 0.003
63 90 0.003
16 74 0.003
29 44 0.003
43 95 0.003
7 41 0.003
48 88 0.003
16 56 0.003
10 44 0.003
48 74 0.003
60 69 0.003
19 88 0.003
28 45 0.003
29 43 0.003
50 90 0.003
17 95 0.003
1 77 0.003
79 93 0.003
40 55 0.003
44 81 0.003
4 78 0.003
6 51 0.003
4 36 0.003
10 54 0.003
65 92 0.003
77 92 0.003
24 35 0.003
26 58 0.003
46 73 0.003
20 73 0.003
61 97 0.003
33 66 0.003
16 45 0.003
26 77 0.003
35 50 0.003
18 74 0.003
35 73 0.003
28 36 0.003
11 46 0.003
52 88 0.003
28 44 0.003
51 87 0.003
13 58 0.003
76 96 0.003
67 91 0.003
26 52 0.003
13 54 0.003
14 77 0.003
7 68 0.003
14 31 0.003
40 84 0.003
68 88 0.003
15 45 0.003
1 22 0.003
33 98 0.003
77 94 0.003
22 42 0.003
41 85 0.003
55 90 0.003
74 98 0.003
39 84 0.003
76 94 0.003
40 81 0.003
73 79 0.003
65 75 0.003
44 96 0.003
16 57 0.003
4 38 0.003
59 98 0.003
5 52 0.003
37 46 0.003
8 41 0.003
16 68 0.003
18 32 0.003
15 43 0.003
25 59 0.003
60 85 0.003
5 71 0.003
21 93 0.003
26 34 0.003
63 82 0.003
54 92 0.003
30 63 0.003
1 74 0.003
42 72 0.003
58 64 0.003
78 93 0.003
34 48 0.003
7 57 0.003
31 41 0.003
77 98 0.003
16 32 0.003
21 44 0.003
36 85 0.003
42 64 0.003
5 37 0.003
37 88 0.003
34 93 0.003
7 39 0.003
52 75 0.003
20 51 0.003
18 34 0.003
6 41 0.003
17 69 0.003
3 17 0.003
17 40 0.003
21 47 0.003
15 77 0.003
61 80 0.003
51 93 0.003
56 88 0.003
2 47 0.003
58 89 0.003
44 52 0.003
12 98 0.003
78 94 0.003
5 68 0.003
23 43 0.003
6 37 0.003
35 48 0.003
1 78 0.003
27 60 0.003
3 41 0.003
25 62 0.003
14 84 0.003
26 56 0.003
26 74 0.003
36 90 0.003
27 55 0.003
11 44 0.003
47 89 0.003
43 81 0.003
23 58 0.003
6 63 0.003
56 87 0.003
29 37 0.003
6 38 0.003
10 51 0.003
25 72 0.003
1 35 0.003
28 81 0.003
58 88 0.003
24 52 0.003
37 91 0.003
20 30 0.003
21 28 0.003
15 93 0.003
13 45 0.003
49 89 0.003
4 12 0.003
48 87 0.003
18 76 0.003
23 61 0.003
1 12 0.003
17 37 0.003
79 90 0.003
10 61 0.003
5 36 0.003
21 73 0.003
11 50 0.003
51 85 0.003
45 90 0.003
41 98 0.003
20 48 0.003
18 73 0.003
48 93 0.003
51 90 0.003
20 47 0.003
28 64 0.003
30 41 0.003
80 89 0.003
23 53 0.003
5 35 0.003
61 83 0.003
16 82 0.003
37 55 0.003
10 39 0.003
4 44 0.003
21 48 0.003
64 91 0.003
51 86 0.003
3 63 0.003
39 86 0.003
9 55 0.003
11 47 0.003
5 53 0.003
40 94 0.003
15 51 0.003
15 90 0.003
14 81 0.003
17 72 0.003
55 89 0.003
41 47 0.003
15 25 0.003
1 80 0.003
42 84 0.003
1 82 0.003
60 93 0.003
4 73 0.003
20 44 0.003
27 73 0.003
16 43 0.003
23 44 0.003
80 87 0.003
54 94 0.003
22 63 0.003
5 67 0.003
19 41 0.003
43 63 0.003
17 71 0.003
3 56 0.003
48 58 0.003
35 98 0.003
28 38 0.003
4 74 0.003
1 46 0.003
21 60 0.003
8 14 0.003
27 54 0.003
52 87 0.003
4 46 0.003
46 87 0.003
24 43 0.003
19 58 0.003
6 54 0.003
26 73 0.003
60 98 0.003
7 63 0.003
25 35 0.003
18 77 0.003
59 88 0.003
12 59 0.003
23 36 0.003
4 48 0.003
11 54 0.003
21 50 0.003
30 66 0.003
37 47 0.003
53 75 0.003
11 49 0.003
12 92 0.003
21 46 0.003
5 38 0.003
10 48 0.003
3 70 0.003
21 29 0.003
56 85 0.003
56 89 0.003
4 79 0.003
22 70 0.003
17 51 0.003
6 67 0.003
28 63 0.003
64 98 0.003
47 90 0.003
5 62 0.003
7 19 0.003
33 70 0.003
13 55 0.003
20 54 0.003
25 64 0.003
47 85 0.003
46 94 0.003
41 81 0.003
46 62 0.003
58 87 0.003
73 81 0.003
4 37 0.003
11 52 0.003
35 92 0.003
15 76 0.003
10 56 0.003
48 86 0.003
62 87 0.003
78 96 0.003
27 83 0.003
3 20 0.003
12 90 0.003
49 73 0.003
50 74 0.003
58 84 0.003
5 72 0.003
14 86 0.003
4 64 0.003
13 39 0.003
65 88 0.003
15 56 0.003
24 72 0.003
20 43 0.003
7 65 0.003
3 60 0.003
10 52 0.003
7 40 0.003
22 55 0.003
18 58 0.003
24 59 0.003
20 91 0.003
15 30 0.003
26 55 0.003
16 48 0.003
47 61 0.003
74 81 0.003
4 21 0.003
22 65 0.003
15 68 0.003
79 94 0.003
1 64 0.003
46 86 0.003
15 69 0.003
18 80 0.003
4 67 0.003
19 73 0.003
56 95 0.003
27 78 0.003
28 42 0.003
42 96 0.003
2 35 0.003
21 40 0.003
17 56 0.003
25 55 0.003
1 53 0.003
6 58 0.003
3 67 0.003
13 44 0.003
39 93 0.003
29 61 0.003
6 12 0.003
63 83 0.003
4 71 0.003
48 62 0.003
31 40 0.003
41 94 0.003
17 36 0.003
4 69 0.003
11 57 0.003
63 96 0.003
5 14 0.003
60 90 0.003
56 72 0.003
23 60 0.003
7 20 0.003
57 72 0.003
32 70 0.003
17 34 0.003
50 89 0.003
26 54 0.003
60 86 0.003
72 84 0.003
20 56 0.003
45 64 0.003
3 19 0.003
19 64 0.003
59 93 0.003
50 88 0.003
7 56 0.003
6 40 0.003
43 97 0.003
19 45 0.003
55 98 0.003
75 91 0.003
38 91 0.003
10 16 0.003
26 53 0.003
7 61 0.003
36 93 0.003
4 49 0.003
1 48 0.003
22 71 0.003
5 39 0.003
55 88 0.003
27 53 0.003
79 86 0.003
36 87 0.003
33 51 0.003
82 91 0.003
42 98 0.003
39 47 0.003
25 80 0.003
17 73 0.003
3 45 0.003
79 96 0.003
19 66 0.003
14 50 0.003
48 73 0.003
2 77 0.003
12 30 0.003
59 89 0.003
2 76 0.003
61 89 0.003
7 15 0.003
18 87 0.003
8 15 0.003
71 98 0.003
43 83 0.003
5 63 0.002
29 64 0.002
34 92 0.002
58 85 0.002
38 87 0.002
38 92 0.002
34 66 0.002
1 83 0.002
69 85 0.002
41 80 0.002
39 90 0.002
21 57 0.002
17 87 0.002
27 57 0.002
22 67 0.002
19 51 0.002
23 41 0.002
17 44 0.002
24 56 0.002
2 12 0.002
4 62 0.002
77 96 0.002
64 81 0.002
15 78 0.002
20 46 0.002
54 91 0.002
33 53 0.002
14 54 0.002
1 81 0.002
40 86 0.002
51 59 0.002
2 82 0.002
46 72 0.002
26 64 0.002
60 94 0.002
15 28 0.002
18 88 0.002
12 56 0.002
29 42 0.002
5 54 0.002
78 89 0.002
1 54 0.002
55 87 0.002
19 76 0.002
55 84 0.002
25 58 0.002
23 66 0.002
65 98 0.002
6 42 0.002
17 35 0.002
18 70 0.002
13 52 0.002
13 42 0.002
61 93 0.002
17 68 0.002
17 98 0.002
24 37 0.002
14 36 0.002
45 93 0.002
1 15 0.002
45 71 0.002
37 72 0.002
31 65 0.002
53 59 0.002
17 82 0.002
42 94 0.002
36 55 0.002
60 66 0.002
33 52 0.002
70 86 0.002
46 88 0.002
24 60 0.002
32 68 0.002
19 34 0.002
18 31 0.002
63 94 0.002
41 64 0.002
4 70 0.002
26 38 0.002
4 72 0.002
15 87 0.002
3 58 0.002
2 48 0.002
16 84 0.002
55 61 0.002
25 60 0.002
15 58 0.002
63 92 0.002
29 38 0.002
29 82 0.002
29 81 0.002
3 42 0.002
3 59 0.002
15 57 0.002
4 35 0.002
64 78 0.002
21 39 0.002
6 20 0.002
48 57 0.002
18 57 0.002
36 92 0.002
19 42 0.002
5 60 0.002
21 67 0.002
16 76 0.002
18 98 0.002
20 64 0.002
29 69 0.002
45 89 0.002
16 98 0.002
67 83 0.002
65 83 0.002
16 85 0.002
2 46 0.002
26 78 0.002
21 49 0.002
3 73 0.002
2 74 0.002
37 98 0.002
54 96 0.002
19 44 0.002
19 77 0.002
40 91 0.002
22 43 0.002
15 46 0.002
46 84 0.002
46 61 0.002
10 59 0.002
53 86 0.002
29 70 0.002
21 43 0.002
76 91 0.002
6 68 0.002
24 66 0.002
40 64 0.002
49 57 0.002
13 40 0.002
57 88 0.002
1 38 0.002
79 87 0.002
21 58 0.002
20 66 0.002
1 49 0.002
40 93 0.002
48 60 0.002
14 47 0.002
3 68 0.002
16 34 0.002
17 84 0.002
39 85 0.002
52 85 0.002
18 86 0.002
10 41 0.002
50 57 0.002
18 56 0.002
60 96 0.002
6 69 0.002
40 98 0.002
43 94 0.002
19 50 0.002
24 42 0.002
28 82 0.002
68 98 0.002
35 51 0.002
27 48 0.002
2 22 0.002
15 50 0.002
48 85 0.002
10 42 0.002
37 90 0.002
16 55 0.002
3 18 0.002
2 37 0.002
45 91 0.002
32 65 0.002
59 85 0.002
16 47 0.002
17 32 0.002
29 80 0.002
10 58 0.002
57 94 0.002
70 85 0.002
28 41 0.002
73 82 0.002
4 65 0.002
3 72 0.002
1 62 0.002
6 45 0.002
36 64 0.002
48 89 0.002
31 68 0.002
41 84 0.002
12 27 0.002
21 38 0.002
27 72 0.002
47 71 0.002
4 43 0.002
1 60 0.002
1 79 0.002
23 56 0.002
10 17 0.002
13 43 0.002
6 59 0.002
21 91 0.002
15 55 0.002
18 94 0.002
24 44 0.002
2 80 0.002
27 81 0.002
23 71 0.002
1 37 0.002
18 46 0.002
18 54 0.002
78 90 0.002
23 57 0.002
53 90 0.002
37 93 0.002
14 37 0.002
37 87 0.002
62 98 0.002
55 95 0.002
57 63 0.002
13 41 0.002
1 44 0.002
58 86 0.002
19 56 0.002
9 17 0.002
40 73 0.002
39 94 0.002
1 73 0.002
1 21 0.002
2 81 0.002
69 75 0.002
17 39 0.002
35 52 0.002
76 98 0.002
40 85 0.002
14 94 0.002
17 85 0.002
12 54 0.002
26 80 0.002
46 93 0.002
21 27 0.002
53 95 0.002
21 59 0.002
15 79 0.002
72 83 0.002
2 83 0.002
39 65 0.002
19 93 0.002
59 94 0.002
1 52 0.002
27 66 0.002
14 58 0.002
16 54 0.002
44 90 0.002
39 64 0.002
5 61 0.002
1 36 0.002
27 36 0.002
5 45 0.002
66 73 0.002
44 50 0.002
58 95 0.002
14 52 0.002
12 35 0.002
38 53 0.002
9 16 0.002
1 61 0.002
2 78 0.002
6 39 0.002
21 72 0.002
17 42 0.002
66 82 0.002
21 30 0.002
61 96 0.002
11 39 0.002
57 95 0.002
14 80 0.002
1 50 0.002
16 86 0.002
5 42 0.002
56 90 0.002
24 57 0.002
27 45 0.002
15 52 0.002
17 43 0.002
6 60 0.002
18 47 0.002
67 85 0.002
19 90 0.002
2 38 0.002
1 56 0.002
36 73 0.002
26 35 0.002
23 64 0.002
34 72 0.002
14 93 0.002
1 43 0.002
43 71 0.002
37 89 0.002
3 57 0.002
10 57 0.002
13 46 0.002
1 63 0.002
27 37 0.002
7 60 0.002
25 40 0.002
11 42 0.002
2 49 0.002
1 45 0.002
78 87 0.002
1 51 0.002
40 47 0.002
10 40 0.002
20 29 0.002
35 65 0.002
1 40 0.002
69 86 0.002
12 58 0.002
4 54 0.002
57 87 0.002
21 41 0.002
15 94 0.002
1 14 0.002
18 48 0.002
11 48 0.002
6 61 0.002
17 81 0.002
46 90 0.002
12 45 0.002
39 89 0.002
24 58 0.002
17 25 0.002
38 50 0.002
37 92 0.002
39 91 0.002
42 86 0.002
14 34 0.002
67 87 0.002
23 65 0.002
25 61 0.002
29 36 0.002
26 46 0.002
12 44 0.002
45 86 0.002
16 35 0.002
49 58 0.002
47 91 0.002
14 79 0.002
1 39 0.002
19 89 0.002
21 92 0.002
36 94 0.002
19 57 0.002
17 93 0.002
39 98 0.002
79 89 0.002
20 27 0.002
63 84 0.002
5 58 0.002
24 39 0.002
30 69 0.002
53 96 0.002
39 73 0.002
20 72 0.002
21 51 0.002
55 73 0.002
2 36 0.002
26 72 0.002
16 46 0.002
43 64 0.002
18 24 0.002
2 53 0.002
61 86 0.002
3 55 0.002
1 72 0.002
22 53 0.002
26 60 0.002
2 43 0.002
17 86 0.002
63 85 0.002
5 41 0.002
65 87 0.002
62 91 0.002
42 53 0.002
72 80 0.002
11 43 0.002
25 79 0.002
3 69 0.002
14 39 0.002
39 54 0.002
20 26 0.002
2 54 0.002
44 63 0.002
7 55 0.002
72 98 0.002
17 54 0.002
45 85 0.002
79 88 0.002
65 85 0.002
1 58 0.002
46 85 0.002
69 76 0.002
14 44 0.002
24 69 0.002
25 44 0.002
16 49 0.002
57 86 0.002
25 41 0.002
56 64 0.002
1 59 0.002
24 71 0.002
43 84 0.002
5 65 0.002
15 80 0.002
61 85 0.002
1 19 0.002
30 40 0.002
30 39 0.002
24 40 0.002
26 81 0.002
27 80 0.002
4 51 0.002
39 87 0.002
19 49 0.002
5 12 0.002
36 54 0.002
6 13 0.002
19 48 0.002
21 42 0.002
17 45 0.002
16 81 0.002
19 43 0.002
21 55 0.002
51 88 0.002
26 82 0.002
5 69 0.002
61 84 0.002
38 72 0.002
25 66 0.002
12 34 0.002
67 73 0.002
28 43 0.002
46 89 0.002
14 57 0.002
23 70 0.002
57 89 0.002
12 52 0.002
19 39 0.002
49 62 0.002
24 41 0.002
18 89 0.002
4 20 0.002
17 76 0.002
52 94 0.002
52 86 0.002
27 46 0.002
55 93 0.002
34 98 0.002
11 41 0.002
16 94 0.002
1 66 0.002
15 26 0.002
59 69 0.002
34 67 0.002
44 94 0.002
4 52 0.002
20 70 0.002
6 70 0.002
11 53 0.002
26 59 0.002
34 71 0.002
35 71 0.002
16 51 0.002
78 88 0.002
5 40 0.002
26 79 0.002
52 60 0.002
16 31 0.002
19 25 0.002
41 86 0.002
12 91 0.002
18 90 0.002
19 80 0.002
19 70 0.002
21 54 0.002
25 57 0.002
17 41 0.002
4 41 0.002
25 71 0.002
14 35 0.002
25 63 0.002
19 94 0.002
48 90 0.002
52 90 0.002
11 55 0.002
19 67 0.002
23 72 0.002
77 91 0.002
15 88 0.002
44 91 0.002
29 68 0.002
2 39 0.002
14 49 0.002
42 87 0.002
34 65 0.002
42 88 0.002
64 80 0.002
1 57 0.002
14 40 0.002
37 50 0.002
14 45 0.002
17 55 0.002
33 69 0.002
44 64 0.002
65 86 0.002
12 37 0.002
58 70 0.002
80 92 0.002
24 55 0.002
57 85 0.002
24 61 0.002
18 51 0.002
25 67 0.002
25 36 0.002
33 65 0.002
26 63 0.002
29 63 0.002
26 36 0.002
2 40 0.002
17 24 0.002
1 41 0.002
25 65 0.002
26 45 0.002
42 93 0.002
37 94 0.002
5 59 0.002
15 92 0.002
61 67 0.002
5 16 0.002
72 78 0.002
21 66 0.002
5 56 0.002
68 87 0.002
18 67 0.002
14 87 0.002
35 66 0.002
14 42 0.002
50 91 0.002
12 57 0.002
21 65 0.002
28 66 0.002
2 79 0.002
5 55 0.002
44 71 0.002
5 57 0.002
27 38 0.002
4 14 0.002
39 88 0.002
4 40 0.002
4 53 0.002
10 53 0.002
40 54 0.002
54 72 0.002
16 93 0.002
14 30 0.002
41 72 0.002
61 90 0.002
21 64 0.002
14 25 0.002
4 39 0.002
12 46 0.002
15 91 0.002
42 48 0.002
44 88 0.002
59 96 0.002
17 77 0.002
41 88 0.002
6 19 0.002
56 93 0.002
51 74 0.002
19 79 0.002
10 43 0.002
25 69 0.002
20 71 0.002
47 63 0.002
19 47 0.002
51 91 0.002
45 69 0.002
6 57 0.002
17 31 0.002
59 65 0.002
53 93 0.002
23 69 0.002
20 52 0.002
12 47 0.002
38 49 0.002
21 70 0.002
41 93 0.002
1 71 0.002
2 50 0.002
1 65 0.002
24 63 0.002
81 92 0.002
52 93 0.002
67 86 0.002
26 61 0.002
4 45 0.002
6 65 0.002
40 87 0.002
15 27 0.002
12 29 0.002
17 79 0.002
66 81 0.002
70 76 0.002
14 92 0.002
13 53 0.002
17 48 0.002
17 94 0.002
25 68 0.002
4 16 0.002
17 89 0.002
63 81 0.002
1 17 0.002
12 49 0.002
15 29 0.002
25 70 0.002
14 48 0.002
1 55 0.002
16 25 0.002
40 88 0.002
26 66 0.002
2 64 0.002
27 82 0.002
28 40 0.002
24 70 0.002
12 39 0.002
2 44 0.002
61 88 0.002
27 79 0.002
19 78 0.002
25 37 0.002
72 82 0.002
16 77 0.002
19 46 0.002
20 55 0.002
61 94 0.002
16 89 0.002
48 72 0.002
49 91 0.002
40 90 0.002
63 98 0.002
45 63 0.002
44 98 0.002
18 72 0.002
70 98 0.002
43 98 0.002
5 70 0.002
78 92 0.002
18 25 0.002
23 63 0.002
18 50 0.002
11 40 0.002
12 51 0.002
33 67 0.002
29 66 0.002
46 64 0.001
12 40 0.001
8 16 0.001
25 43 0.001
1 67 0.001
79 92 0.001
27 71 0.001
40 89 0.001
43 88 0.001
58 96 0.001
19 54 0.001
16 50 0.001
12 43 0.001
42 90 0.001
18 49 0.001
60 67 0.001
19 92 0.001
4 63 0.001
24 65 0.001
6 14 0.001
1 20 0.001
37 71 0.001
44 93 0.001
34 53 0.001
4 42 0.001
25 42 0.001
19 52 0.001
41 87 0.001
57 96 0.001
53 60 0.001
2 62 0.001
14 55 0.001
2 60 0.001
18 93 0.001
22 68 0.001
69 84 0.001
8 18 0.001
42 70 0.001
18 71 0.001
2 21 0.001
14 41 0.001
45 66 0.001
59 90 0.001
33 68 0.001
4 61 0.001
71 77 0.001
17 88 0.001
34 52 0.001
26 57 0.001
2 73 0.001
23 67 0.001
14 43 0.001
54 62 0.001
44 87 0.001
2 51 0.001
36 72 0.001
61 98 0.001
16 87 0.001
45 65 0.001
64 79 0.001
54 61 0.001
24 67 0.001
2 41 0.001
21 71 0.001
43 93 0.001
21 56 0.001
55 91 0.001
55 62 0.001
12 42 0.001
44 51 0.001
29 41 0.001
29 39 0.001
6 56 0.001
4 60 0.001
16 24 0.001
49 59 0.001
55 96 0.001
54 70 0.001
44 84 0.001
2 14 0.001
43 85 0.001
2 61 0.001
57 64 0.001
26 41 0.001
30 67 0.001
19 29 0.001
63 91 0.001
48 64 0.001
2 58 0.001
14 46 0.001
15 53 0.001
17 90 0.001
38 66 0.001
7 14 0.001
1 68 0.001
4 19 0.001
2 59 0.001
1 70 0.001
10 55 0.001
45 70 0.001
1 42 0.001
34 51 0.001
49 92 0.001
28 69 0.001
61 87 0.001
16 90 0.001
14 90 0.001
17 47 0.001
19 30 0.001
36 50 0.001
2 52 0.001
48 61 0.001
65 84 0.001
17 78 0.001
39 53 0.001
71 82 0.001
78 91 0.001
26 44 0.001
19 55 0.001
41 53 0.001
18 69 0.001
6 15 0.001
19 72 0.001
57 93 0.001
25 39 0.001
12 50 0.001
47 69 0.001
19 28 0.001
47 92 0.001
17 80 0.001
63 79 0.001
61 92 0.001
70 83 0.001
47 65 0.001
80 91 0.001
72 81 0.001
17 50 0.001
17 49 0.001
28 39 0.001
12 48 0.001
54 64 0.001
46 63 0.001
2 42 0.001
18 55 0.001
6 55 0.001
16 52 0.001
1 16 0.001
50 72 0.001
67 84 0.001
2 45 0.001
7 17 0.001
16 88 0.001
65 74 0.001
29 67 0.001
56 96 0.001
51 58 0.001
48 92 0.001
51 71 0.001
1 18 0.001
26 37 0.001
34 69 0.001
52 74 0.001
26 71 0.001
53 91 0.001
60 92 0.001
53 94 0.001
39 66 0.001
81 91 0.001
43 70 0.001
50 92 0.001
37 51 0.001
65 77 0.001
38 48 0.001
12 41 0.001
1 69 0.001
2 71 0.001
44 69 0.001
35 72 0.001
63 78 0.001
24 68 0.001
4 58 0.001
21 68 0.001
42 89 0.001
50 64 0.001
51 92 0.001
27 44 0.001
12 55 0.001
37 49 0.001
38 65 0.001
18 52 0.001
68 85 0.001
42 71 0.001
5 17 0.001
28 70 0.001
58 94 0.001
16 78 0.001
54 69 0.001
2 56 0.001
52 59 0.001
36 66 0.001
56 63 0.001
50 62 0.001
68 86 0.001
14 88 0.001
53 64 0.001
26 42 0.001
27 65 0.001
30 65 0.001
16 28 0.001
26 40 0.001
47 66 0.001
41 65 0.001
27 67 0.001
29 40 0.001
30 68 0.001
51 73 0.001
2 66 0.001
63 88 0.001
39 92 0.001
37 54 0.001
65 91 0.001
26 43 0.001
58 90 0.001
79 91 0.001
53 92 0.001
19 71 0.001
2 17 0.001
12 53 0.001
42 69 0.001
55 94 0.001
2 72 0.001
18 30 0.001
66 74 0.001
48 71 0.001
21 52 0.001
28 65 0.001
44 70 0.001
49 72 0.001
37 70 0.001
65 82 0.001
14 89 0.001
28 68 0.001
53 74 0.001
4 56 0.001
41 91 0.001
57 91 0.001
70 84 0.001
19 69 0.001
69 83 0.001
36 53 0.001
17 52 0.001
20 53 0.001
38 71 0.001
7 18 0.001
56 94 0.001
4 59 0.001
50 66 0.001
65 81 0.001
2 57 0.001
16 79 0.001
26 65 0.001
27 42 0.001
46 91 0.001
37 65 0.001
38 51 0.001
2 15 0.001
49 63 0.001
42 50 0.001
46 71 0.001
2 20 0.001
2 18 0.001
16 80 0.001
36 49 0.001
4 57 0.001
67 75 0.001
66 80 0.001
27 43 0.001
37 66 0.001
2 63 0.001
58 93 0.001
27 41 0.001
41 52 0.001
49 71 0.001
17 46 0.001
26 67 0.001
50 58 0.001
49 64 0.001
27 40 0.001
56 91 0.001
36 52 0.001
42 65 0.001
71 81 0.001
54 66 0.001
7 16 0.001
44 85 0.001
40 65 0.001
44 89 0.001
2 55 0.001
47 70 0.001
52 64 0.001
60 68 0.001
14 26 0.001
19 68 0.001
42 91 0.001
23 68 0.001
35 69 0.001
18 53 0.001
18 68 0.001
22 69 0.001
36 51 0.001
29 65 0.001
2 68 0.001
60 91 0.001
66 77 0.001
20 69 0.001
18 28 0.001
41 89 0.001
17 28 0.001
2 67 0.001
65 76 0.001
48 91 0.001
19 91 0.001
2 19 0.001
61 91 0.001
34 70 0.001
19 27 0.001
4 55 0.001
28 67 0.001
27 39 0.001
49 60 0.001
63 86 0.001
20 68 0.001
20 67 0.001
16 91 0.001
38 69 0.001
6 16 0.001
59 66 0.001
66 79 0.001
57 90 0.001
4 18 0.001
55 92 0.001
46 69 0.001
52 58 0.001
19 53 0.001
48 63 0.001
72 79 0.001
27 68 0.001
40 52 0.001
63 87 0.001
40 72 0.001
41 90 0.001
37 69 0.001
59 92 0.001
17 53 0.001
63 80 0.001
53 61 0.001
2 16 0.001
39 72 0.001
42 49 0.001
26 39 0.001
43 69 0.001
26 70 0.001
56 66 0.001
27 70 0.001
41 66 0.001
42 66 0.001
52 91 0.001
50 59 0.001
26 69 0.001
43 52 0.001
43 49 0.001
44 65 0.001
35 70 0.001
68 84 0.001
58 91 0.001
56 71 0.001
27 69 0.001
16 26 0.001
66 76 0.001
18 26 0.001
41 71 0.001
38 70 0.001
54 71 0.001
36 69 0.001
26 68 0.001
36 70 0.001
70 81 0.001
2 65 0.001
38 52 0.001
34 68 0.001
50 71 0.001
21 53 0.001
38 68 0.001
17 30 0.001
59 67 0.001
41 70 0.001
68 75 0.001
21 69 0.001
18 92 0.001
5 18 0.001
65 80 0.001
51 72 0.001
55 72 0.001
2 70 0.001
19 26 0.001
18 29 0.001
43 90 0.001
6 17 0.001
17 29 0.001
36 71 0.001
16 30 0.001
16 92 0.001
43 89 0.001
6 18 0.001
56 70 0.001
14 53 0.001
40 66 0.001
43 50 0.001
40 92 0.001
46 66 0.001
44 86 0.001
68 83 0.001
14 91 0.001
53 73 0.001
49 61 0.001
59 91 0.001
46 70 0.001
39 69 0.001
40 53 0.001
57 71 0.001
14 29 0.001
48 66 0.001
37 52 0.001
52 73 0.001
41 51 0.001
14 28 0.001
55 66 0.001
39 52 0.001
16 53 0.001
71 78 0.001
52 66 0.001
36 48 0.001
36 65 0.001
41 50 0.001
52 92 0.001
17 92 0.001
45 92 0.001
55 63 0.001
46 92 0.001
54 63 0.001
4 17 0.001
67 81 0.001
17 91 0.001
39 49 0.001
16 27 0.001
70 82 0.001
57 92 0.001
65 78 0.001
43 51 0.001
51 60 0.001
43 91 0.001
58 65 0.001
43 65 0.001
43 87 0.001
44 66 0.001
70 77 0.001
43 86 0.001
53 71 0.001
51 66 0.001
39 71 0.001
35 68 0.001
37 48 0.001
43 66 0.001
18 91 0.001
39 51 0.001
42 92 0.001
45 67 0.001
2 69 0.001
35 67 0.001
44 92 0.001
55 64 0.001
67 82 0.001
47 68 0.001
54 67 0.001
71 80 0.001
50 60 0.001
37 53 0.001
41 48 0.001
56 92 0.001
50 63 0.001
52 72 0.001
58 66 0.001
50 65 0.001
38 67 0.001
66 78 0.001
45 68 0.001
56 69 0.001
58 92 0.001
53 62 0.001
37 68 0.001
52 71 0.001
39 67 0.001
46 65 0.001
14 27 0.001
57 70 0.001
52 62 0.001
65 79 0.001
36 68 0.001
41 69 0.001
18 27 0.001
42 52 0.001
58 69 0.001
17 27 0.001
53 72 0.001
8 17 0.001
55 70 0.001
39 50 0.001
40 48 0.001
69 77 0.001
51 62 0.001
71 79 0.001
51 64 0.001
48 70 0.001
48 65 0.001
16 29 0.001
17 26 0.001
43 92 0.001
67 74 0.001
49 65 0.001
69 81 0.001
49 66 0.001
42 51 0.001
41 92 0.001
41 67 0.001
46 68 0.001
44 68 0.001
70 80 0.001
52 63 0.001
41 49 0.001
53 70 0.001
49 70 0.001
68 82 0.000
69 82 0.000
51 63 0.000
49 69 0.000
39 68 0.000
42 68 0.000
42 67 0.000
40 71 0.000
36 67 0.000
53 66 0.000
54 68 0.000
51 61 0.000
53 69 0.000
47 67 0.000
54 65 0.000
41 68 0.000
50 70 0.000
55 65 0.000
57 65 0.000
48 69 0.000
56 65 0.000
52 65 0.000
39 48 0.000
58 67 0.000
39 70 0.000
55 71 0.000
37 67 0.000
57 69 0.000
49 67 0.000
53 63 0.000
43 67 0.000
50 61 0.000
50 68 0.000
49 68 0.000
52 61 0.000
52 70 0.000
53 65 0.000
51 65 0.000
59 68 0.000
52 69 0.000
68 74 0.000
43 68 0.000
68 76 0.000
50 69 0.000
67 77 0.000
50 67 0.000
40 51 0.000
40 50 0.000
68 77 0.000
40 49 0.000
40 69 0.000
55 69 0.000
51 70 0.000
46 67 0.000
40 67 0.000
40 70 0.000
67 76 0.000
48 67 0.000
44 67 0.000
56 68 0.000
48 68 0.000
68 81 0.000
57 67 0.000
40 68 0.000
51 67 0.000
51 69 0.000
53 67 0.000
52 68 0.000
67 80 0.000
52 67 0.000
67 79 0.000
56 67 0.000
70 78 0.000
69 80 0.000
57 66 0.000
67 78 0.000
58 68 0.000
55 67 0.000
70 79 0.000
51 68 0.000
55 68 0.000
68 80 0.000
53 68 0.000
57 68 0.000
69 79 0.000
68 78 0.000
69 78 0.000
68 79 0.000