32	47	32_V	47_I	0.4174	4.336	1.000
69	89	69_H	89_L	0.2628	2.731	1.000
54	82	54_I	82_V	0.2003	2.081	1.000
25	87	25_D	87_R	0.1948	2.024	1.000
16	63	16_G	63_L	0.1861	1.933	1.000
24	90	24_L	90_L	0.1694	1.760	1.000
4	7	4_T	7_Q	0.1691	1.757	1.000
10	54	10_L	54_I	0.1599	1.662	0.999
36	77	36_M	77_V	0.1597	1.659	0.999
25	29	25_D	29_D	0.1577	1.638	0.999
48	82	48_G	82_V	0.1527	1.586	0.999
46	55	46_M	55_K	0.1520	1.579	0.998
13	33	13_I	33_L	0.1496	1.554	0.998
25	49	25_D	49_G	0.1495	1.553	0.998
73	89	73_G	89_L	0.1419	1.475	0.997
71	93	71_A	93_I	0.1413	1.468	0.997
33	62	33_L	62_I	0.1409	1.464	0.997
12	19	12_T	19_L	0.1403	1.457	0.996
6	9	6_W	9_P	0.1387	1.441	0.996
86	94	86_G	94_G	0.1341	1.393	0.994
24	54	24_L	54_I	0.1316	1.367	0.993
9	17	9_P	17_G	0.1302	1.352	0.993
22	85	22_A	85_I	0.1257	1.306	0.990
57	61	57_R	61_Q	0.1246	1.295	0.989
15	85	15_I	85_I	0.1241	1.290	0.989
27	31	27_G	31_T	0.1212	1.260	0.986
20	36	20_K	36_M	0.1178	1.224	0.983
25	28	25_D	28_A	0.1172	1.218	0.982
63	89	63_L	89_L	0.1157	1.202	0.980
71	90	71_A	90_L	0.1148	1.193	0.978
71	89	71_A	89_L	0.1116	1.160	0.973
54	84	54_I	84_I	0.1112	1.156	0.972
51	86	51_G	86_G	0.1090	1.132	0.968
32	54	32_V	54_I	0.1081	1.123	0.966
1	99	1_P	99_F	0.1079	1.121	0.965
22	84	22_A	84_I	0.1077	1.119	0.965
94	97	94_G	97_L	0.1065	1.107	0.962
16	39	16_G	39_P	0.1040	1.080	0.954
24	30	24_L	30_D	0.1034	1.075	0.953
24	80	24_L	80_T	0.1014	1.054	0.946
24	82	24_L	82_V	0.1012	1.051	0.945
39	42	39_P	42_W	0.1011	1.051	0.945
32	77	32_V	77_V	0.0994	1.033	0.938
63	71	63_L	71_A	0.0980	1.018	0.932
30	88	30_D	88_N	0.0966	1.004	0.926
50	82	50_I	82_V	0.0966	1.004	0.926
95	99	95_C	99_F	0.0960	0.998	0.923
12	91	12_T	91_T	0.0955	0.993	0.920
25	32	25_D	32_V	0.0945	0.981	0.914
62	67	62_I	67_C	0.0944	0.981	0.914
20	69	20_K	69_H	0.0944	0.981	0.914
87	90	87_R	90_L	0.0929	0.965	0.905
56	62	56_V	62_I	0.0924	0.960	0.902
28	32	28_A	32_V	0.0922	0.958	0.901
64	89	64_I	89_L	0.0915	0.951	0.896
84	91	84_I	91_T	0.0902	0.938	0.888
24	53	24_L	53_F	0.0889	0.924	0.878
37	40	37_S	40_G	0.0889	0.924	0.878
52	56	52_G	56_V	0.0888	0.922	0.876
15	68	15_I	68_G	0.0885	0.919	0.874
72	92	72_I	92_Q	0.0882	0.917	0.872
17	80	17_G	80_T	0.0878	0.913	0.869
16	19	16_G	19_L	0.0877	0.911	0.868
48	51	48_G	51_G	0.0858	0.892	0.852
3	6	3_I	6_W	0.0856	0.889	0.849
46	84	46_M	84_I	0.0851	0.884	0.845
13	89	13_I	89_L	0.0851	0.884	0.845
57	76	57_R	76_L	0.0837	0.869	0.831
10	84	10_L	84_I	0.0833	0.866	0.828
28	31	28_A	31_T	0.0832	0.865	0.827
50	84	50_I	84_I	0.0830	0.863	0.825
51	87	51_G	87_R	0.0828	0.861	0.823
75	78	75_V	78_G	0.0825	0.857	0.819
11	15	11_V	15_I	0.0824	0.856	0.818
96	99	96_T	99_F	0.0818	0.850	0.812
24	46	24_L	46_M	0.0817	0.849	0.811
22	47	22_A	47_I	0.0817	0.849	0.811
4	31	4_T	31_T	0.0816	0.848	0.810
51	78	51_G	78_G	0.0814	0.845	0.807
3	7	3_I	7_Q	0.0808	0.840	0.801
23	29	23_L	29_D	0.0803	0.834	0.795
23	26	23_L	26_T	0.0802	0.833	0.793
5	9	5_L	9_P	0.0796	0.828	0.788
13	85	13_I	85_I	0.0796	0.827	0.787
32	99	32_V	99_F	0.0795	0.826	0.785
68	86	68_G	86_G	0.0795	0.826	0.785
20	39	20_K	39_P	0.0793	0.824	0.783
41	69	41_R	69_H	0.0792	0.823	0.782
2	7	2_Q	7_Q	0.0786	0.817	0.775
39	72	39_P	72_I	0.0785	0.815	0.772
14	19	14_K	19_L	0.0784	0.814	0.771
21	91	21_E	91_T	0.0782	0.812	0.769
35	40	35_E	40_G	0.0782	0.812	0.769
12	89	12_T	89_L	0.0779	0.810	0.766
26	29	26_T	29_D	0.0778	0.808	0.764
49	86	49_G	86_G	0.0775	0.805	0.760
92	95	92_Q	95_C	0.0774	0.804	0.759
43	59	43_K	59_Y	0.0770	0.800	0.754
11	16	11_V	16_G	0.0767	0.797	0.750
95	98	95_C	98_N	0.0765	0.795	0.747
18	71	18_Q	71_A	0.0754	0.784	0.733
29	42	29_D	42_W	0.0752	0.782	0.730
11	14	11_V	14_K	0.0752	0.781	0.729
49	68	49_G	68_G	0.0748	0.777	0.723
48	94	48_G	94_G	0.0743	0.772	0.716
51	68	51_G	68_G	0.0742	0.771	0.715
74	82	74_T	82_V	0.0739	0.768	0.711
20	54	20_K	54_I	0.0733	0.761	0.701
85	99	85_I	99_F	0.0730	0.758	0.696
41	58	41_R	58_Q	0.0727	0.755	0.692
15	60	15_I	60_D	0.0724	0.752	0.688
30	38	30_D	38_L	0.0718	0.746	0.679
39	62	39_P	62_I	0.0715	0.742	0.673
62	75	62_I	75_V	0.0712	0.740	0.670
33	77	33_L	77_V	0.0708	0.735	0.662
47	85	47_I	85_I	0.0705	0.732	0.657
8	16	8_R	16_G	0.0704	0.732	0.657
2	19	2_Q	19_L	0.0701	0.728	0.651
12	15	12_T	15_I	0.0700	0.728	0.651
48	81	48_G	81_P	0.0699	0.726	0.648
52	78	52_G	78_G	0.0695	0.722	0.642
18	47	18_Q	47_I	0.0694	0.721	0.640
38	43	38_L	43_K	0.0693	0.721	0.640
65	68	65_E	68_G	0.0687	0.714	0.629
65	90	65_E	90_L	0.0687	0.714	0.629
29	97	29_D	97_L	0.0684	0.711	0.624
16	34	16_G	34_E	0.0684	0.711	0.624
58	63	58_Q	63_L	0.0683	0.710	0.623
30	78	30_D	78_G	0.0682	0.709	0.621
28	52	28_A	52_G	0.0681	0.708	0.619
9	15	9_P	15_I	0.0679	0.706	0.616
60	73	60_D	73_G	0.0675	0.701	0.608
43	93	43_K	93_I	0.0673	0.700	0.606
7	21	7_Q	21_E	0.0672	0.699	0.605
44	96	44_P	96_T	0.0672	0.698	0.603
83	88	83_N	88_N	0.0672	0.698	0.603
5	8	5_L	8_R	0.0670	0.696	0.600
31	42	31_T	42_W	0.0669	0.695	0.598
73	86	73_G	86_G	0.0668	0.694	0.596
26	31	26_T	31_T	0.0664	0.689	0.588
53	96	53_F	96_T	0.0663	0.689	0.588
27	86	27_G	86_G	0.0663	0.689	0.588
20	33	20_K	33_L	0.0662	0.688	0.587
20	67	20_K	67_C	0.0661	0.686	0.583
48	86	48_G	86_G	0.0660	0.685	0.582
8	13	8_R	13_I	0.0659	0.685	0.582
6	48	6_W	48_G	0.0653	0.679	0.571
10	13	10_L	13_I	0.0652	0.677	0.568
35	41	35_E	41_R	0.0651	0.677	0.568
