65	70	0	8	0.99724
14	19	0	8	0.99664
15	18	0	8	0.99595
64	71	0	8	0.99574
14	18	0	8	0.99452
47	54	0	8	0.99364
66	69	0	8	0.99179
65	69	0	8	0.99119
13	20	0	8	0.99079
49	52	0	8	0.99023
14	17	0	8	0.98994
12	19	0	8	0.98619
90	93	0	8	0.98548
63	72	0	8	0.98466
65	68	0	8	0.98378
13	19	0	8	0.98371
48	53	0	8	0.98300
63	70	0	8	0.97789
48	52	0	8	0.97420
64	70	0	8	0.97418
13	66	0	8	0.96947
15	20	0	8	0.96816
91	94	0	8	0.96642
56	77	0	8	0.95949
63	71	0	8	0.95784
62	73	0	8	0.95781
13	64	0	8	0.95675
47	53	0	8	0.95651
14	65	0	8	0.95319
62	72	0	8	0.95315
46	53	0	8	0.95091
88	91	0	8	0.94944
89	92	0	8	0.94726
61	72	0	8	0.94659
60	74	0	8	0.94333
13	65	0	8	0.94303
46	55	0	8	0.94051
14	64	0	8	0.93978
61	73	0	8	0.93974
90	95	0	8	0.93544
59	75	0	8	0.93473
89	93	0	8	0.93356
11	22	0	8	0.93142
66	71	0	8	0.92979
57	76	0	8	0.92878
47	56	0	8	0.92585
90	94	0	8	0.92351
46	54	0	8	0.92339
13	22	0	8	0.92178
33	36	0	8	0.91591
59	74	0	8	0.90739
44	56	0	8	0.90629
12	21	0	8	0.90159
66	93	0	8	0.90004
15	64	0	8	0.89859
15	63	0	8	0.88998
48	54	0	8	0.88996
45	56	0	8	0.88949
56	76	0	8	0.88739
71	89	0	8	0.88382
10	22	0	8	0.88302
88	92	0	8	0.88270
61	74	0	8	0.87891
64	73	0	8	0.87446
14	20	0	8	0.87237
59	76	0	8	0.87229
62	75	0	8	0.87022
9	23	0	8	0.86707
10	23	0	8	0.86053
22	85	0	8	0.85644
11	66	0	8	0.85467
45	55	0	8	0.85340
86	89	0	8	0.85220
58	74	0	8	0.84815
58	75	0	8	0.83955
24	90	0	8	0.83902
10	21	0	8	0.83750
24	86	0	8	0.83736
23	85	0	8	0.83482
16	63	0	8	0.83480
71	93	0	8	0.83292
54	82	0	8	0.82982
44	55	0	8	0.82941
56	78	0	8	0.82842
12	20	0	8	0.82822
65	71	0	8	0.82734
91	95	0	8	0.82632
11	24	0	8	0.82142
58	76	0	8	0.80983
12	66	0	8	0.80832
24	85	0	8	0.80647
15	62	0	8	0.80588
11	21	0	8	0.79805
22	84	0	8	0.79190
9	24	0	8	0.78539
57	77	0	8	0.77908
32	47	0	8	0.77729
44	57	0	8	0.77368
64	72	0	8	0.76970
22	83	0	8	0.76963
12	67	0	8	0.76920
49	53	0	8	0.76550
62	74	0	8	0.75927
64	89	0	8	0.75437
23	84	0	8	0.75370
66	89	0	8	0.75024
25	86	0	8	0.74164
71	92	0	8	0.73838
86	90	0	8	0.72454
87	90	0	8	0.71913
32	77	0	8	0.71904
4	7	0	8	0.71786
24	84	0	8	0.71308
42	58	0	8	0.68794
8	23	0	8	0.67559
90	97	0	8	0.67254
30	88	0	8	0.66132
28	86	0	8	0.66082
42	57	0	8	0.65857
63	73	0	8	0.65677
32	54	0	8	0.65501
46	56	0	8	0.65371
30	86	0	8	0.64959
12	22	0	8	0.64955
43	58	0	8	0.64907
23	83	0	8	0.64693
15	36	0	8	0.64515
55	78	0	8	0.64379
36	77	0	8	0.63840
10	24	0	8	0.62680
87	91	0	8	0.61648
13	21	0	8	0.61325
57	78	0	8	0.61186
59	77	0	8	0.61181
28	87	0	8	0.60688
30	87	0	8	0.60531
13	33	0	8	0.60306
11	67	0	8	0.60143
43	57	0	8	0.60048
54	80	0	8	0.60012
31	34	0	8	0.59511
85	89	0	8	0.59173
25	87	0	8	0.58551
15	65	0	8	0.58400
32	84	0	8	0.58178
15	38	0	8	0.57938
69	93	0	8	0.57793
47	55	0	8	0.57586
33	77	0	8	0.57215
8	24	0	8	0.57173
21	83	0	8	0.56722
27	86	0	8	0.56071
20	33	0	8	0.56062
26	86	0	8	0.55992
24	87	0	8	0.55991
29	87	0	8	0.55322
73	89	0	8	0.55296
13	85	0	8	0.54752
25	85	0	8	0.54536
16	62	0	8	0.53452
14	66	0	8	0.52902
29	86	0	8	0.52130
38	59	0	8	0.51067
31	84	0	8	0.50593
55	79	0	8	0.50381
36	62	0	8	0.50235
11	23	0	8	0.49901
22	33	0	8	0.49597
15	33	0	8	0.49239
28	31	0	8	0.49162
16	64	0	8	0.49012
42	59	0	8	0.48696
24	89	0	8	0.48691
27	87	0	8	0.47654
91	96	0	8	0.47175
87	97	0	8	0.47167
90	96	0	8	0.46881
14	67	0	8	0.46832
8	25	0	8	0.46671
38	62	0	8	0.46301
84	89	0	8	0.46244
40	59	0	8	0.45996
32	78	0	8	0.45960
54	79	0	8	0.45058
26	87	0	8	0.44916
42	56	0	8	0.44468
16	39	0	8	0.44125
69	92	0	8	0.43719
20	83	0	8	0.42747
9	25	0	8	0.42734
3	7	0	8	0.42552
31	86	0	8	0.42524
20	36	0	8	0.42420
32	76	0	8	0.42207
54	78	0	8	0.42072
49	54	0	8	0.41952
45	57	0	8	0.41603
40	60	0	8	0.41229
5	8	0	8	0.41153
38	42	0	8	0.40931
39	59	0	8	0.40738
15	37	0	8	0.39735
39	61	0	8	0.39036
66	70	0	8	0.38957
16	37	0	8	0.38856
13	67	0	8	0.38776
32	56	0	8	0.38653
43	56	0	8	0.38638
54	77	0	8	0.38415
32	82	0	8	0.38114
67	93	0	8	0.37963
33	84	0	8	0.37727
39	60	0	8	0.37516
80	83	0	8	0.37348
33	82	0	8	0.37118
36	75	0	8	0.37082
16	38	0	8	0.37012
66	92	0	8	0.36850
32	80	0	8	0.36801
60	75	0	8	0.36456
54	81	0	8	0.36158
38	41	0	8	0.35818
23	26	0	8	0.35799
48	51	0	8	0.35362
85	90	0	8	0.34903
44	58	0	8	0.34879
31	83	0	8	0.34625
13	89	0	8	0.34241
22	82	0	8	0.33877
77	80	0	8	0.33507
37	62	0	8	0.33115
58	77	0	8	0.32809
33	75	0	8	0.32722
15	19	0	8	0.32646
25	84	0	8	0.32591
31	82	0	8	0.32323
19	67	0	8	0.32123
61	75	0	8	0.32040
39	62	0	8	0.31758
56	79	0	8	0.31746
8	26	0	8	0.31500
50	82	0	8	0.31401
38	77	0	8	0.31197
34	37	0	8	0.30615
25	28	0	8	0.30232
91	97	0	8	0.30101
29	88	0	8	0.29997
38	75	0	8	0.29901
75	85	0	8	0.29723
55	80	0	8	0.29598
17	65	0	8	0.29405
4	8	0	8	0.29380
27	30	0	8	0.29342
9	26	0	8	0.29125
31	85	0	8	0.28969
24	31	0	8	0.28791
26	90	0	8	0.28244
48	82	0	8	0.28224
75	84	0	8	0.28075
22	32	0	8	0.28047
14	63	0	8	0.27788
18	36	0	8	0.27771
76	80	0	8	0.27661
18	37	0	8	0.27654
11	90	0	8	0.27620
56	80	0	8	0.27438
41	59	0	8	0.27368
23	86	0	8	0.26620
85	88	0	8	0.26612
58	61	0	8	0.26608
27	31	0	8	0.26565
38	60	0	8	0.26499
47	82	0	8	0.26325
26	29	0	8	0.26316
23	82	0	8	0.26228
49	82	0	8	0.26140
13	93	0	8	0.26132
33	78	0	8	0.26113
36	59	0	8	0.26024
47	84	0	8	0.26007
22	31	0	8	0.25911
24	97	0	8	0.25900
31	81	0	8	0.25895
32	75	0	8	0.25662
38	61	0	8	0.25450
3	8	0	8	0.25401
30	47	0	8	0.25339
52	81	0	8	0.25303
53	80	0	8	0.25126
32	81	0	8	0.25124
75	89	0	8	0.24677
12	68	0	8	0.24528
53	81	0	8	0.24481
30	45	0	8	0.24056
11	85	0	8	0.23784
53	79	0	8	0.23706
96	99	0	8	0.23523
40	58	0	8	0.23490
30	89	0	8	0.23317
39	42	0	8	0.23314
17	63	0	8	0.23305
16	65	0	8	0.23305
25	31	0	8	0.23234
3	23	0	8	0.23196
55	77	0	8	0.23194
64	75	0	8	0.22875
23	31	0	8	0.22859
12	65	0	8	0.22635
40	61	0	8	0.22632
57	75	0	8	0.22602
33	80	0	8	0.22476
1	4	0	8	0.22322
64	85	0	8	0.22266
59	62	0	8	0.22245
56	75	0	8	0.22236
42	77	0	8	0.22231
24	33	0	8	0.22109
15	39	0	8	0.21959
60	73	0	8	0.21681
25	29	0	8	0.21576
34	78	0	8	0.21557
30	84	0	8	0.21449
52	82	0	8	0.21445
31	88	0	8	0.21427
33	76	0	8	0.21343
32	36	0	8	0.21317
32	83	0	8	0.21251
54	84	0	8	0.20921
26	97	0	8	0.20850
33	38	0	8	0.20788
15	75	0	8	0.20777
11	84	0	8	0.20767
50	84	0	8	0.20761
9	97	0	8	0.20418
73	88	0	8	0.19880
33	83	0	8	0.19529
75	90	0	8	0.19473
42	45	0	8	0.19375
26	31	0	8	0.19273
35	77	0	8	0.19140
66	95	0	8	0.19089
83	86	0	8	0.19077
66	85	0	8	0.19015
72	89	0	8	0.18963
28	85	0	8	0.18871
3	97	0	8	0.18854
41	58	0	8	0.18658
75	83	0	8	0.18607
28	88	0	8	0.18600
3	6	0	8	0.18568
18	38	0	8	0.18480
37	59	0	8	0.18396
34	80	0	8	0.18380
33	56	0	8	0.18314
7	25	0	8	0.18073
15	93	0	8	0.18061
29	32	0	8	0.18043
76	81	0	8	0.17878
53	82	0	8	0.17834
13	75	0	8	0.17820
24	28	0	8	0.17804
35	38	0	8	0.17613
80	84	0	8	0.17546
35	78	0	8	0.17531
3	95	0	8	0.17502
45	58	0	8	0.17426
28	83	0	8	0.17297
21	82	0	8	0.17192
13	84	0	8	0.17128
7	26	0	8	0.17055
39	63	0	8	0.17034
26	30	0	8	0.16905
28	84	0	8	0.16829
42	76	0	8	0.16742
57	61	0	8	0.16597
42	75	0	8	0.16585
77	82	0	8	0.16539
33	37	0	8	0.16539
31	80	0	8	0.16313
6	26	0	8	0.16302
20	85	0	8	0.16296
30	83	0	8	0.16217
3	96	0	8	0.16211
9	22	0	8	0.16190
30	34	0	8	0.16151
32	79	0	8	0.16120
31	89	0	8	0.16110
24	30	0	8	0.16091
11	97	0	8	0.16027
37	41	0	8	0.15964
77	84	0	8	0.15943
21	81	0	8	0.15873
51	81	0	8	0.15785
2	97	0	8	0.15710
25	30	0	8	0.15688
11	95	0	8	0.15473
30	85	0	8	0.15356
24	95	0	8	0.15332
24	29	0	8	0.15211
76	79	0	8	0.15186
73	85	0	8	0.15121
75	86	0	8	0.15100
51	82	0	8	0.15067
66	90	0	8	0.15005
6	25	0	8	0.14956
24	27	0	8	0.14877
47	77	0	8	0.14835
41	60	0	8	0.14777
31	87	0	8	0.14730
44	76	0	8	0.14719
28	32	0	8	0.14710
5	23	0	8	0.14687
2	96	0	8	0.14655
13	71	0	8	0.14634
31	76	0	8	0.14627
5	26	0	8	0.14612
24	32	0	8	0.14591
31	35	0	8	0.14511
64	93	0	8	0.14390
32	86	0	8	0.14385
71	90	0	8	0.14351
2	98	0	8	0.14297
11	89	0	8	0.14265
48	84	0	8	0.14225
2	95	0	8	0.14170
31	78	0	8	0.14105
76	82	0	8	0.14100
83	87	0	8	0.14037
5	97	0	8	0.14029
69	89	0	8	0.13895
73	93	0	8	0.13857
3	9	0	8	0.13830
42	60	0	8	0.13739
24	83	0	8	0.13691
25	90	0	8	0.13626
84	87	0	8	0.13581
73	86	0	8	0.13533
84	88	0	8	0.13531
32	89	0	8	0.13490
26	84	0	8	0.13487
32	35	0	8	0.13466
3	98	0	8	0.13393
49	84	0	8	0.13321
5	9	0	8	0.13220
11	93	0	8	0.13206
76	83	0	8	0.13148
20	32	0	8	0.13133
75	97	0	8	0.13079
39	74	0	8	0.13024
32	85	0	8	0.13017
37	77	0	8	0.12972
9	95	0	8	0.12711
39	72	0	8	0.12704
34	79	0	8	0.12615
8	97	0	8	0.12578
4	98	0	8	0.12569
36	78	0	8	0.12563
73	92	0	8	0.12563
23	29	0	8	0.12473
11	75	0	8	0.12423
33	62	0	8	0.12371
14	62	0	8	0.12300
6	9	0	8	0.12251
38	58	0	8	0.12231
34	77	0	8	0.12196
35	79	0	8	0.12164
23	30	0	8	0.12137
89	95	0	8	0.12127
39	75	0	8	0.12101
27	85	0	8	0.12027
19	22	0	8	0.12008
27	88	0	8	0.12007
23	32	0	8	0.11992
71	88	0	8	0.11918
22	66	0	8	0.11901
35	57	0	8	0.11874
33	54	0	8	0.11864
22	89	0	8	0.11829
43	59	0	8	0.11818
2	5	0	8	0.11790
4	97	0	8	0.11759
13	36	0	8	0.11754
26	85	0	8	0.11734
76	84	0	8	0.11700
1	96	0	8	0.11693
23	89	0	8	0.11640
5	25	0	8	0.11618
9	12	0	8	0.11605
74	83	0	8	0.11588
33	81	0	8	0.11532
7	10	0	8	0.11530
38	76	0	8	0.11468
22	75	0	8	0.11458
23	27	0	8	0.11429
2	6	0	8	0.11420
16	36	0	8	0.11419
23	90	0	8	0.11416
23	93	0	8	0.11408
2	94	0	8	0.11358
18	39	0	8	0.11357
46	82	0	8	0.11352
1	94	0	8	0.11306
54	90	0	8	0.11303
39	58	0	8	0.11203
5	99	0	8	0.11185
50	81	0	8	0.11111
3	26	0	8	0.11100
78	83	0	8	0.11072
34	38	0	8	0.11063
1	95	0	8	0.10950
84	90	0	8	0.10920
50	83	0	8	0.10807
25	83	0	8	0.10800
20	82	0	8	0.10766
75	93	0	8	0.10761
5	98	0	8	0.10734
47	89	0	8	0.10716
9	90	0	8	0.10656
21	85	0	8	0.10630
73	90	0	8	0.10577
31	77	0	8	0.10525
72	92	0	8	0.10501
22	86	0	8	0.10338
73	84	0	8	0.10300
87	92	0	8	0.10283
13	90	0	8	0.10242
51	54	0	8	0.10232
3	25	0	8	0.10224
74	84	0	8	0.10206
37	63	0	8	0.10179
27	83	0	8	0.10163
23	28	0	8	0.10163
29	47	0	8	0.10029
26	99	0	8	0.09971
28	47	0	8	0.09937
31	47	0	8	0.09819
25	88	0	8	0.09805
95	99	0	8	0.09784
15	85	0	8	0.09770
87	99	0	8	0.09696
21	33	0	8	0.09682
7	23	0	8	0.09644
30	81	0	8	0.09576
26	83	0	8	0.09563
87	98	0	8	0.09523
26	88	0	8	0.09452
37	40	0	8	0.09451
8	11	0	8	0.09425
9	21	0	8	0.09408
78	82	0	8	0.09388
79	83	0	8	0.09365
75	82	0	8	0.09351
36	42	0	8	0.09344
25	97	0	8	0.09322
27	84	0	8	0.09309
36	56	0	8	0.09304
67	95	0	8	0.09267
4	99	0	8	0.09239
36	76	0	8	0.09198
75	95	0	8	0.09176
29	83	0	8	0.09160
32	45	0	8	0.09144
38	57	0	8	0.09127
57	79	0	8	0.09124
6	27	0	8	0.09123
11	68	0	8	0.09065
64	90	0	8	0.09052
47	85	0	8	0.09049
1	5	0	8	0.08988
22	64	0	8	0.08957
10	84	0	8	0.08909
36	80	0	8	0.08897
6	97	0	8	0.08894
48	81	0	8	0.08870
37	61	0	8	0.08812
2	7	0	8	0.08776
74	85	0	8	0.08770
3	99	0	8	0.08751
34	81	0	8	0.08747
47	80	0	8	0.08698
14	68	0	8	0.08590
62	71	0	8	0.08574
26	98	0	8	0.08550
74	89	0	8	0.08542
36	57	0	8	0.08539
50	97	0	8	0.08509
3	21	0	8	0.08474
9	99	0	8	0.08470
31	79	0	8	0.08448
47	76	0	8	0.08439
24	88	0	8	0.08421
11	86	0	8	0.08416
48	80	0	8	0.08402
81	84	0	8	0.08382
49	83	0	8	0.08355
11	71	0	8	0.08348
37	75	0	8	0.08346
28	48	0	8	0.08345
55	81	0	8	0.08329
76	85	0	8	0.08322
23	33	0	8	0.08320
56	82	0	8	0.08266
40	43	0	8	0.08237
30	54	0	8	0.08223
79	82	0	8	0.08184
78	81	0	8	0.08163
35	80	0	8	0.08127
33	79	0	8	0.08119
77	83	0	8	0.08106
20	35	0	8	0.08077
74	88	0	8	0.08013
16	40	0	8	0.07992
22	81	0	8	0.07983
30	48	0	8	0.07975
2	99	0	8	0.07972
6	10	0	8	0.07950
38	63	0	8	0.07943
44	79	0	8	0.07932
49	81	0	8	0.07926
49	97	0	8	0.07919
37	60	0	8	0.07884
5	27	0	8	0.07867
6	98	0	8	0.07841
67	94	0	8	0.07812
30	33	0	8	0.07798
75	98	0	8	0.07793
8	98	0	8	0.07786
77	81	0	8	0.07777
69	94	0	8	0.07760
50	54	0	8	0.07749
5	50	0	8	0.07740
9	98	0	8	0.07730
26	32	0	8	0.07717
29	84	0	8	0.07708
6	99	0	8	0.07701
6	23	0	8	0.07698
47	86	0	8	0.07633
1	98	0	8	0.07619
32	48	0	8	0.07592
28	49	0	8	0.07577
15	73	0	8	0.07556
26	50	0	8	0.07533
8	27	0	8	0.07445
41	61	0	8	0.07445
49	85	0	8	0.07400
3	24	0	8	0.07387
42	79	0	8	0.07378
30	76	0	8	0.07351
23	97	0	8	0.07333
33	85	0	8	0.07309
35	41	0	8	0.07309
82	85	0	8	0.07294
51	83	0	8	0.07285
48	83	0	8	0.07284
47	75	0	8	0.07278
35	42	0	8	0.07269
13	83	0	8	0.07257
29	85	0	8	0.07252
13	32	0	8	0.07207
8	99	0	8	0.07195
25	98	0	8	0.07172
24	75	0	8	0.07152
67	92	0	8	0.07089
26	91	0	8	0.07080
44	78	0	8	0.07078
22	90	0	8	0.07070
25	99	0	8	0.07049
23	81	0	8	0.07038
86	91	0	8	0.07020
22	30	0	8	0.07006
17	39	0	8	0.06997
49	99	0	8	0.06997
44	47	0	8	0.06993
26	47	0	8	0.06973
4	26	0	8	0.06957
74	86	0	8	0.06957
35	56	0	8	0.06955
86	97	0	8	0.06953
49	86	0	8	0.06940
1	97	0	8	0.06938
5	95	0	8	0.06926
26	49	0	8	0.06905
3	94	0	8	0.06894
40	62	0	8	0.06883
38	56	0	8	0.06875
9	87	0	8	0.06854
29	48	0	8	0.06846
4	96	0	8	0.06838
36	60	0	8	0.06835
34	82	0	8	0.06823
15	66	0	8	0.06790
66	94	0	8	0.06789
3	50	0	8	0.06767
48	85	0	8	0.06757
25	32	0	8	0.06736
15	22	0	8	0.06730
95	98	0	8	0.06719
31	54	0	8	0.06711
27	49	0	8	0.06695
10	67	0	8	0.06671
41	57	0	8	0.06607
26	52	0	8	0.06592
36	41	0	8	0.06579
9	84	0	8	0.06563
15	77	0	8	0.06549
33	59	0	8	0.06516
70	92	0	8	0.06489
37	42	0	8	0.06465
75	81	0	8	0.06457
45	88	0	8	0.06391
15	83	0	8	0.06377
4	25	0	8	0.06367
40	57	0	8	0.06345
24	47	0	8	0.06324
15	32	0	8	0.06323
13	95	0	8	0.06280
40	74	0	8	0.06267
26	51	0	8	0.06245
50	99	0	8	0.06235
3	10	0	8	0.06228
60	76	0	8	0.06221
9	27	0	8	0.06218
20	81	0	8	0.06216
73	95	0	8	0.06191
36	61	0	8	0.06182
5	10	0	8	0.06177
11	82	0	8	0.06167
6	50	0	8	0.06151
73	83	0	8	0.06145
33	47	0	8	0.06121
10	97	0	8	0.06119
60	72	0	8	0.06102
74	81	0	8	0.06101
59	73	0	8	0.06093
31	75	0	8	0.06084
11	69	0	8	0.06074
17	37	0	8	0.06068
3	11	0	8	0.06040
32	55	0	8	0.06038
38	43	0	8	0.06031
42	61	0	8	0.06001
83	88	0	8	0.06000
21	80	0	8	0.05999
38	79	0	8	0.05990
36	79	0	8	0.05982
23	75	0	8	0.05976
62	89	0	8	0.05962
42	74	0	8	0.05955
52	80	0	8	0.05949
39	76	0	8	0.05945
7	24	0	8	0.05927
47	90	0	8	0.05917
30	80	0	8	0.05916
55	82	0	8	0.05899
30	91	0	8	0.05891
56	59	0	8	0.05883
33	42	0	8	0.05864
47	87	0	8	0.05861
29	49	0	8	0.05859
21	32	0	8	0.05852
75	80	0	8	0.05847
5	24	0	8	0.05820
46	49	0	8	0.05815
27	47	0	8	0.05804
20	37	0	8	0.05795
1	99	0	8	0.05791
27	48	0	8	0.05749
24	82	0	8	0.05724
11	33	0	8	0.05724
72	93	0	8	0.05703
48	86	0	8	0.05694
10	98	0	8	0.05690
64	86	0	8	0.05687
25	89	0	8	0.05681
26	89	0	8	0.05653
26	48	0	8	0.05649
32	57	0	8	0.05616
6	95	0	8	0.05607
23	95	0	8	0.05597
27	51	0	8	0.05587
47	81	0	8	0.05583
58	78	0	8	0.05577
55	76	0	8	0.05537
4	95	0	8	0.05535
27	52	0	8	0.05534
2	8	0	8	0.05533
8	95	0	8	0.05528
28	81	0	8	0.05513
24	99	0	8	0.05475
77	97	0	8	0.05467
30	56	0	8	0.05458
33	57	0	8	0.05455
76	86	0	8	0.05453
19	66	0	8	0.05448
71	94	0	8	0.05413
30	82	0	8	0.05396
56	81	0	8	0.05393
9	93	0	8	0.05375
10	99	0	8	0.05374
36	64	0	8	0.05366
23	87	0	8	0.05337
3	49	0	8	0.05332
24	93	0	8	0.05326
6	24	0	8	0.05294
11	98	0	8	0.05290
42	80	0	8	0.05252
30	46	0	8	0.05241
29	45	0	8	0.05227
13	63	0	8	0.05205
21	67	0	8	0.05204
7	27	0	8	0.05201
47	88	0	8	0.05148
66	88	0	8	0.05145
22	29	0	8	0.05114
28	90	0	8	0.05088
71	85	0	8	0.05068
35	59	0	8	0.05058
22	36	0	8	0.05047
11	73	0	8	0.05045
1	7	0	8	0.05012
10	82	0	8	0.04945
27	50	0	8	0.04940
74	82	0	8	0.04915
6	28	0	8	0.04892
8	50	0	8	0.04866
4	23	0	8	0.04864
46	80	0	8	0.04858
78	84	0	8	0.04853
3	66	0	8	0.04834
4	9	0	8	0.04827
42	78	0	8	0.04826
38	78	0	8	0.04822
85	97	0	8	0.04812
40	75	0	8	0.04806
3	67	0	8	0.04772
50	85	0	8	0.04770
3	27	0	8	0.04767
30	78	0	8	0.04749
5	28	0	8	0.04748
3	76	0	8	0.04746
9	96	0	8	0.04739
5	49	0	8	0.04729
19	63	0	8	0.04705
31	49	0	8	0.04700
9	67	0	8	0.04697
50	98	0	8	0.04685
33	86	0	8	0.04678
87	96	0	8	0.04677
15	89	0	8	0.04668
5	96	0	8	0.04648
20	64	0	8	0.04646
27	32	0	8	0.04645
64	92	0	8	0.04626
11	87	0	8	0.04608
52	79	0	8	0.04600
34	41	0	8	0.04596
26	95	0	8	0.04592
34	56	0	8	0.04574
5	51	0	8	0.04559
35	47	0	8	0.04542
47	78	0	8	0.04518
35	45	0	8	0.04517
38	74	0	8	0.04514
19	64	0	8	0.04514
22	93	0	8	0.04513
49	80	0	8	0.04499
70	93	0	8	0.04490
4	50	0	8	0.04486
30	49	0	8	0.04483
52	83	0	8	0.04478
33	89	0	8	0.04467
85	93	0	8	0.04466
50	86	0	8	0.04458
2	9	0	8	0.04458
20	38	0	8	0.04455
29	34	0	8	0.04446
71	95	0	8	0.04442
11	31	0	8	0.04438
38	80	0	8	0.04430
17	67	0	8	0.04423
33	64	0	8	0.04422
39	73	0	8	0.04421
36	39	0	8	0.04420
37	74	0	8	0.04404
16	72	0	8	0.04395
2	51	0	8	0.04391
10	46	0	8	0.04386
5	75	0	8	0.04382
3	75	0	8	0.04371
6	96	0	8	0.04371
39	77	0	8	0.04366
28	52	0	8	0.04363
47	52	0	8	0.04362
29	81	0	8	0.04345
5	76	0	8	0.04345
76	97	0	8	0.04340
20	34	0	8	0.04330
64	84	0	8	0.04327
75	88	0	8	0.04327
10	25	0	8	0.04280
31	56	0	8	0.04259
11	83	0	8	0.04254
32	88	0	8	0.04216
4	94	0	8	0.04200
31	36	0	8	0.04186
7	97	0	8	0.04185
2	50	0	8	0.04183
28	82	0	8	0.04183
9	86	0	8	0.04162
25	50	0	8	0.04155
51	84	0	8	0.04151
31	48	0	8	0.04141
34	83	0	8	0.04139
3	90	0	8	0.04131
51	80	0	8	0.04129
3	51	0	8	0.04096
2	26	0	8	0.04083
35	76	0	8	0.04080
35	44	0	8	0.04052
76	99	0	8	0.04038
1	21	0	8	0.04001
50	80	0	8	0.03997
80	85	0	8	0.03976
4	27	0	8	0.03976
24	77	0	8	0.03971
28	51	0	8	0.03964
35	43	0	8	0.03956
77	99	0	8	0.03955
64	69	0	8	0.03922
13	23	0	8	0.03917
13	24	0	8	0.03905
49	98	0	8	0.03903
24	98	0	8	0.03903
1	51	0	8	0.03899
28	89	0	8	0.03883
9	82	0	8	0.03878
45	54	0	8	0.03860
72	88	0	8	0.03859
50	90	0	8	0.03844
4	51	0	8	0.03832
21	31	0	8	0.03814
66	97	0	8	0.03808
40	76	0	8	0.03805
53	78	0	8	0.03803
33	44	0	8	0.03787
90	98	0	8	0.03780
9	85	0	8	0.03769
57	80	0	8	0.03766
9	28	0	8	0.03757
50	53	0	8	0.03755
2	25	0	8	0.03738
12	64	0	8	0.03731
5	53	0	8	0.03717
7	50	0	8	0.03695
2	23	0	8	0.03690
8	22	0	8	0.03689
44	77	0	8	0.03666
10	95	0	8	0.03646
3	53	0	8	0.03641
21	66	0	8	0.03632
30	92	0	8	0.03632
16	61	0	8	0.03632
8	67	0	8	0.03625
54	89	0	8	0.03616
29	42	0	8	0.03611
83	89	0	8	0.03610
29	91	0	8	0.03605
21	84	0	8	0.03603
23	99	0	8	0.03600
54	83	0	8	0.03592
94	97	0	8	0.03569
8	96	0	8	0.03565
2	67	0	8	0.03561
75	99	0	8	0.03559
38	44	0	8	0.03556
16	70	0	8	0.03551
25	52	0	8	0.03548
10	85	0	8	0.03520
6	49	0	8	0.03515
92	95	0	8	0.03510
53	56	0	8	0.03502
13	73	0	8	0.03502
64	74	0	8	0.03492
6	94	0	8	0.03491
94	98	0	8	0.03479
29	33	0	8	0.03477
11	77	0	8	0.03477
37	76	0	8	0.03475
28	50	0	8	0.03472
28	97	0	8	0.03464
44	80	0	8	0.03444
28	46	0	8	0.03443
2	21	0	8	0.03436
49	87	0	8	0.03425
12	63	0	8	0.03412
7	98	0	8	0.03406
23	80	0	8	0.03403
3	91	0	8	0.03403
27	90	0	8	0.03381
3	52	0	8	0.03373
2	49	0	8	0.03367
76	98	0	8	0.03355
68	93	0	8	0.03349
57	74	0	8	0.03346
62	85	0	8	0.03344
7	99	0	8	0.03340
5	47	0	8	0.03312
27	99	0	8	0.03308
57	60	0	8	0.03307
34	42	0	8	0.03297
3	28	0	8	0.03278
29	89	0	8	0.03268
20	93	0	8	0.03267
93	96	0	8	0.03255
9	94	0	8	0.03254
30	44	0	8	0.03254
37	78	0	8	0.03245
36	47	0	8	0.03241
48	87	0	8	0.03236
49	89	0	8	0.03230
88	97	0	8	0.03223
91	98	0	8	0.03219
5	94	0	8	0.03217
5	52	0	8	0.03209
1	26	0	8	0.03207
81	85	0	8	0.03199
40	77	0	8	0.03194
1	25	0	8	0.03186
8	46	0	8	0.03182
43	55	0	8	0.03181
13	62	0	8	0.03178
59	78	0	8	0.03178
64	88	0	8	0.03175
56	84	0	8	0.03172
3	87	0	8	0.03167
18	35	0	8	0.03167
5	11	0	8	0.03165
78	99	0	8	0.03160
1	23	0	8	0.03152
1	9	0	8	0.03147
29	46	0	8	0.03145
30	77	0	8	0.03143
10	83	0	8	0.03134
58	62	0	8	0.03130
9	29	0	8	0.03120
18	63	0	8	0.03117
32	44	0	8	0.03104
22	34	0	8	0.03104
15	71	0	8	0.03102
77	95	0	8	0.03101
83	99	0	8	0.03086
36	63	0	8	0.03084
6	51	0	8	0.03083
49	90	0	8	0.03082
11	20	0	8	0.03081
28	45	0	8	0.03072
25	51	0	8	0.03071
25	49	0	8	0.03056
35	81	0	8	0.03051
9	75	0	8	0.03050
23	50	0	8	0.03049
5	48	0	8	0.03041
8	29	0	8	0.03041
26	96	0	8	0.03036
3	77	0	8	0.03030
77	85	0	8	0.03030
1	52	0	8	0.03024
23	53	0	8	0.03023
32	49	0	8	0.03010
20	23	0	8	0.03009
40	72	0	8	0.03001
28	91	0	8	0.02996
1	67	0	8	0.02995
9	81	0	8	0.02992
22	26	0	8	0.02987
71	86	0	8	0.02985
47	92	0	8	0.02985
90	99	0	8	0.02982
93	97	0	8	0.02980
62	84	0	8	0.02979
31	74	0	8	0.02975
50	87	0	8	0.02973
29	52	0	8	0.02963
31	45	0	8	0.02951
36	40	0	8	0.02951
27	91	0	8	0.02940
22	97	0	8	0.02934
1	50	0	8	0.02932
41	44	0	8	0.02921
2	52	0	8	0.02919
1	8	0	8	0.02913
24	66	0	8	0.02912
46	81	0	8	0.02911
38	64	0	8	0.02905
11	64	0	8	0.02888
23	98	0	8	0.02882
36	58	0	8	0.02870
47	83	0	8	0.02866
11	99	0	8	0.02860
39	57	0	8	0.02855
27	98	0	8	0.02847
3	93	0	8	0.02843
73	87	0	8	0.02839
28	33	0	8	0.02836
36	44	0	8	0.02834
27	97	0	8	0.02834
75	87	0	8	0.02827
4	49	0	8	0.02822
48	89	0	8	0.02818
1	93	0	8	0.02808
20	31	0	8	0.02793
27	81	0	8	0.02779
36	82	0	8	0.02770
28	99	0	8	0.02765
44	74	0	8	0.02762
2	93	0	8	0.02757
84	97	0	8	0.02750
22	77	0	8	0.02746
52	84	0	8	0.02745
9	66	0	8	0.02744
3	48	0	8	0.02744
29	82	0	8	0.02741
48	97	0	8	0.02736
32	53	0	8	0.02732
9	31	0	8	0.02730
34	43	0	8	0.02730
1	79	0	8	0.02723
81	99	0	8	0.02719
5	77	0	8	0.02704
80	99	0	8	0.02699
6	76	0	8	0.02693
3	81	0	8	0.02689
15	35	0	8	0.02680
85	91	0	8	0.02680
41	56	0	8	0.02676
3	22	0	8	0.02668
2	76	0	8	0.02664
25	33	0	8	0.02663
5	21	0	8	0.02662
14	39	0	8	0.02655
54	85	0	8	0.02655
40	79	0	8	0.02641
35	75	0	8	0.02626
5	81	0	8	0.02622
67	96	0	8	0.02619
15	72	0	8	0.02618
26	81	0	8	0.02618
66	86	0	8	0.02612
17	38	0	8	0.02610
32	87	0	8	0.02597
30	79	0	8	0.02587
89	97	0	8	0.02583
64	97	0	8	0.02582
20	84	0	8	0.02579
8	28	0	8	0.02573
46	84	0	8	0.02572
28	54	0	8	0.02569
2	78	0	8	0.02564
29	51	0	8	0.02555
30	52	0	8	0.02555
27	89	0	8	0.02543
22	80	0	8	0.02539
37	72	0	8	0.02537
54	97	0	8	0.02537
74	99	0	8	0.02525
74	80	0	8	0.02524
37	64	0	8	0.02521
1	6	0	8	0.02518
67	97	0	8	0.02517
33	39	0	8	0.02513
15	76	0	8	0.02510
22	28	0	8	0.02508
54	76	0	8	0.02504
2	75	0	8	0.02503
5	87	0	8	0.02497
35	58	0	8	0.02495
60	63	0	8	0.02483
2	27	0	8	0.02482
20	67	0	8	0.02477
26	33	0	8	0.02474
7	96	0	8	0.02471
35	62	0	8	0.02463
30	90	0	8	0.02463
28	34	0	8	0.02460
47	97	0	8	0.02450
35	39	0	8	0.02447
31	42	0	8	0.02439
4	10	0	8	0.02438
79	99	0	8	0.02438
3	47	0	8	0.02437
15	67	0	8	0.02434
26	46	0	8	0.02431
64	95	0	8	0.02427
32	46	0	8	0.02421
10	81	0	8	0.02416
1	78	0	8	0.02414
7	95	0	8	0.02412
23	88	0	8	0.02410
66	75	0	8	0.02409
11	32	0	8	0.02409
78	85	0	8	0.02407
22	87	0	8	0.02407
62	97	0	8	0.02406
84	99	0	8	0.02400
13	97	0	8	0.02396
67	89	0	8	0.02394
2	79	0	8	0.02388
71	74	0	8	0.02378
10	90	0	8	0.02358
24	54	0	8	0.02350
37	57	0	8	0.02347
13	31	0	8	0.02347
16	20	0	8	0.02347
39	43	0	8	0.02347
94	99	0	8	0.02338
32	42	0	8	0.02336
36	74	0	8	0.02333
1	27	0	8	0.02324
6	29	0	8	0.02317
51	79	0	8	0.02314
1	53	0	8	0.02309
30	42	0	8	0.02301
2	53	0	8	0.02296
29	50	0	8	0.02293
32	38	0	8	0.02292
30	53	0	8	0.02264
9	83	0	8	0.02262
60	77	0	8	0.02255
13	38	0	8	0.02254
8	90	0	8	0.02253
69	95	0	8	0.02248
3	79	0	8	0.02246
8	87	0	8	0.02246
42	85	0	8	0.02245
10	50	0	8	0.02243
15	95	0	8	0.02240
11	96	0	8	0.02234
27	82	0	8	0.02232
37	79	0	8	0.02228
43	80	0	8	0.02225
80	97	0	8	0.02225
3	85	0	8	0.02225
6	81	0	8	0.02222
85	99	0	8	0.02218
15	40	0	8	0.02206
8	81	0	8	0.02195
50	89	0	8	0.02193
13	69	0	8	0.02190
25	82	0	8	0.02186
83	90	0	8	0.02180
8	47	0	8	0.02176
87	95	0	8	0.02173
23	47	0	8	0.02170
7	94	0	8	0.02167
6	53	0	8	0.02160
38	72	0	8	0.02159
6	11	0	8	0.02156
43	76	0	8	0.02153
22	95	0	8	0.02147
34	44	0	8	0.02145
41	74	0	8	0.02144
25	47	0	8	0.02141
84	93	0	8	0.02136
10	93	0	8	0.02129
8	48	0	8	0.02119
3	78	0	8	0.02117
24	96	0	8	0.02115
28	98	0	8	0.02113
5	29	0	8	0.02110
11	81	0	8	0.02109
82	86	0	8	0.02108
34	39	0	8	0.02100
25	48	0	8	0.02099
82	90	0	8	0.02097
38	73	0	8	0.02097
25	81	0	8	0.02094
59	63	0	8	0.02091
1	49	0	8	0.02089
86	99	0	8	0.02086
6	48	0	8	0.02080
8	94	0	8	0.02075
9	77	0	8	0.02065
8	21	0	8	0.02065
3	54	0	8	0.02062
51	97	0	8	0.02062
5	91	0	8	0.02059
11	80	0	8	0.02038
3	29	0	8	0.02035
33	45	0	8	0.02032
82	99	0	8	0.02031
4	28	0	8	0.02028
1	10	0	8	0.02024
82	93	0	8	0.02021
4	76	0	8	0.02017
29	44	0	8	0.02015
29	54	0	8	0.02014
24	46	0	8	0.02012
11	94	0	8	0.02008
2	28	0	8	0.02007
21	34	0	8	0.02004
17	64	0	8	0.01999
26	82	0	8	0.01990
43	79	0	8	0.01983
51	90	0	8	0.01982
35	40	0	8	0.01981
11	65	0	8	0.01981
34	59	0	8	0.01978
23	92	0	8	0.01974
5	46	0	8	0.01973
9	50	0	8	0.01971
10	66	0	8	0.01962
50	95	0	8	0.01962
83	97	0	8	0.01961
8	66	0	8	0.01959
6	75	0	8	0.01957
30	35	0	8	0.01956
70	89	0	8	0.01954
25	91	0	8	0.01948
9	91	0	8	0.01945
56	97	0	8	0.01943
78	98	0	8	0.01935
72	84	0	8	0.01929
40	56	0	8	0.01929
28	42	0	8	0.01928
3	69	0	8	0.01927
1	28	0	8	0.01926
46	88	0	8	0.01926
6	47	0	8	0.01921
73	94	0	8	0.01916
77	86	0	8	0.01905
32	59	0	8	0.01903
42	81	0	8	0.01903
9	47	0	8	0.01901
75	96	0	8	0.01900
83	98	0	8	0.01898
15	59	0	8	0.01897
40	63	0	8	0.01892
50	96	0	8	0.01891
47	93	0	8	0.01891
34	57	0	8	0.01891
79	84	0	8	0.01889
2	77	0	8	0.01888
37	58	0	8	0.01887
5	90	0	8	0.01886
77	98	0	8	0.01885
4	48	0	8	0.01885
5	80	0	8	0.01878
17	62	0	8	0.01874
2	10	0	8	0.01852
48	99	0	8	0.01848
15	61	0	8	0.01844
46	85	0	8	0.01843
2	81	0	8	0.01838
1	76	0	8	0.01836
21	95	0	8	0.01836
6	91	0	8	0.01832
1	92	0	8	0.01832
82	89	0	8	0.01831
5	66	0	8	0.01825
34	76	0	8	0.01824
25	96	0	8	0.01820
21	97	0	8	0.01819
42	82	0	8	0.01817
14	37	0	8	0.01815
3	46	0	8	0.01813
4	24	0	8	0.01812
45	80	0	8	0.01809
47	99	0	8	0.01801
25	95	0	8	0.01799
21	75	0	8	0.01798
19	93	0	8	0.01795
76	95	0	8	0.01794
72	85	0	8	0.01793
6	52	0	8	0.01791
7	49	0	8	0.01789
24	50	0	8	0.01776
30	43	0	8	0.01773
85	95	0	8	0.01766
19	65	0	8	0.01766
72	95	0	8	0.01765
19	62	0	8	0.01764
15	84	0	8	0.01764
1	55	0	8	0.01763
33	41	0	8	0.01758
13	37	0	8	0.01756
11	29	0	8	0.01753
21	36	0	8	0.01751
30	75	0	8	0.01746
8	49	0	8	0.01745
44	75	0	8	0.01744
19	71	0	8	0.01743
20	62	0	8	0.01738
5	93	0	8	0.01731
33	66	0	8	0.01728
32	62	0	8	0.01728
37	80	0	8	0.01725
54	99	0	8	0.01722
2	48	0	8	0.01716
14	38	0	8	0.01715
5	67	0	8	0.01712
2	91	0	8	0.01710
69	88	0	8	0.01709
8	84	0	8	0.01707
50	88	0	8	0.01705
9	89	0	8	0.01705
37	43	0	8	0.01705
10	96	0	8	0.01703
49	88	0	8	0.01702
7	28	0	8	0.01701
19	36	0	8	0.01699
19	83	0	8	0.01699
9	46	0	8	0.01699
4	52	0	8	0.01696
22	25	0	8	0.01696
20	95	0	8	0.01693
40	44	0	8	0.01689
7	51	0	8	0.01674
2	66	0	8	0.01672
44	88	0	8	0.01666
3	80	0	8	0.01663
31	90	0	8	0.01659
6	90	0	8	0.01658
22	62	0	8	0.01656
62	76	0	8	0.01655
61	64	0	8	0.01654
11	25	0	8	0.01653
69	85	0	8	0.01651
48	88	0	8	0.01648
71	91	0	8	0.01644
85	92	0	8	0.01642
1	81	0	8	0.01640
6	67	0	8	0.01640
24	81	0	8	0.01635
76	93	0	8	0.01631
33	43	0	8	0.01631
56	85	0	8	0.01626
5	79	0	8	0.01626
54	93	0	8	0.01626
10	26	0	8	0.01624
5	78	0	8	0.01623
47	79	0	8	0.01619
36	43	0	8	0.01616
17	71	0	8	0.01607
14	70	0	8	0.01606
46	89	0	8	0.01603
12	98	0	8	0.01603
29	43	0	8	0.01601
12	93	0	8	0.01600
7	11	0	8	0.01598
88	98	0	8	0.01590
11	70	0	8	0.01588
5	74	0	8	0.01588
6	87	0	8	0.01585
22	71	0	8	0.01581
15	70	0	8	0.01580
41	76	0	8	0.01579
23	77	0	8	0.01579
1	91	0	8	0.01575
22	38	0	8	0.01571
51	99	0	8	0.01570
8	75	0	8	0.01567
15	34	0	8	0.01567
82	97	0	8	0.01565
31	38	0	8	0.01564
42	72	0	8	0.01564
6	21	0	8	0.01556
10	94	0	8	0.01555
24	48	0	8	0.01551
6	22	0	8	0.01548
59	97	0	8	0.01546
91	99	0	8	0.01540
74	92	0	8	0.01533
48	98	0	8	0.01532
27	46	0	8	0.01527
77	96	0	8	0.01525
36	81	0	8	0.01524
45	82	0	8	0.01522
6	46	0	8	0.01521
46	86	0	8	0.01519
1	80	0	8	0.01515
37	73	0	8	0.01509
1	75	0	8	0.01503
43	82	0	8	0.01503
43	46	0	8	0.01497
1	66	0	8	0.01491
5	54	0	8	0.01491
4	67	0	8	0.01489
15	80	0	8	0.01477
2	69	0	8	0.01476
46	50	0	8	0.01473
31	44	0	8	0.01472
13	86	0	8	0.01470
10	59	0	8	0.01469
4	78	0	8	0.01467
26	53	0	8	0.01466
78	86	0	8	0.01464
27	45	0	8	0.01463
30	50	0	8	0.01462
54	86	0	8	0.01459
4	21	0	8	0.01456
6	77	0	8	0.01455
4	75	0	8	0.01455
6	78	0	8	0.01452
6	79	0	8	0.01451
5	22	0	8	0.01442
11	26	0	8	0.01440
2	24	0	8	0.01437
39	70	0	8	0.01437
9	62	0	8	0.01436
26	42	0	8	0.01435
73	97	0	8	0.01431
15	82	0	8	0.01430
43	60	0	8	0.01428
35	55	0	8	0.01427
20	80	0	8	0.01425
28	53	0	8	0.01425
2	68	0	8	0.01419
24	52	0	8	0.01417
34	40	0	8	0.01416
8	51	0	8	0.01415
35	54	0	8	0.01412
15	74	0	8	0.01410
22	27	0	8	0.01407
46	78	0	8	0.01404
8	82	0	8	0.01403
3	68	0	8	0.01403
13	82	0	8	0.01400
7	67	0	8	0.01400
31	73	0	8	0.01397
26	54	0	8	0.01397
39	64	0	8	0.01395
66	73	0	8	0.01391
92	96	0	8	0.01390
2	29	0	8	0.01390
1	19	0	8	0.01388
1	29	0	8	0.01388
81	97	0	8	0.01382
4	81	0	8	0.01379
54	75	0	8	0.01377
24	80	0	8	0.01372
2	80	0	8	0.01371
9	88	0	8	0.01370
45	87	0	8	0.01369
6	80	0	8	0.01369
13	70	0	8	0.01367
28	80	0	8	0.01365
80	98	0	8	0.01363
51	86	0	8	0.01362
3	74	0	8	0.01362
48	55	0	8	0.01358
3	65	0	8	0.01358
21	29	0	8	0.01358
51	98	0	8	0.01358
34	45	0	8	0.01356
2	74	0	8	0.01356
66	84	0	8	0.01351
46	83	0	8	0.01351
3	84	0	8	0.01349
72	86	0	8	0.01347
22	73	0	8	0.01346
72	75	0	8	0.01344
10	47	0	8	0.01344
10	61	0	8	0.01339
51	85	0	8	0.01338
37	44	0	8	0.01338
36	45	0	8	0.01336
11	30	0	8	0.01333
5	82	0	8	0.01330
16	67	0	8	0.01327
16	41	0	8	0.01320
29	90	0	8	0.01317
75	78	0	8	0.01315
31	50	0	8	0.01314
18	33	0	8	0.01309
46	87	0	8	0.01307
44	87	0	8	0.01307
3	19	0	8	0.01305
45	78	0	8	0.01303
24	91	0	8	0.01302
33	40	0	8	0.01295
30	51	0	8	0.01294
2	92	0	8	0.01290
78	97	0	8	0.01288
8	91	0	8	0.01287
5	85	0	8	0.01287
1	77	0	8	0.01285
36	54	0	8	0.01280
4	77	0	8	0.01280
62	86	0	8	0.01277
7	81	0	8	0.01276
41	45	0	8	0.01275
72	90	0	8	0.01273
81	98	0	8	0.01271
74	95	0	8	0.01270
23	51	0	8	0.01270
15	97	0	8	0.01270
12	23	0	8	0.01264
42	62	0	8	0.01259
14	98	0	8	0.01248
21	93	0	8	0.01247
52	90	0	8	0.01244
44	81	0	8	0.01240
23	52	0	8	0.01239
86	92	0	8	0.01237
9	71	0	8	0.01235
21	99	0	8	0.01230
82	87	0	8	0.01228
20	75	0	8	0.01223
4	79	0	8	0.01222
67	99	0	8	0.01220
9	80	0	8	0.01220
27	53	0	8	0.01218
24	49	0	8	0.01218
29	98	0	8	0.01211
32	52	0	8	0.01209
15	81	0	8	0.01209
5	92	0	8	0.01202
19	81	0	8	0.01196
58	73	0	8	0.01194
25	34	0	8	0.01193
19	76	0	8	0.01193
3	82	0	8	0.01189
75	79	0	8	0.01185
11	72	0	8	0.01184
13	94	0	8	0.01183
27	54	0	8	0.01183
45	77	0	8	0.01178
16	59	0	8	0.01178
9	92	0	8	0.01176
53	99	0	8	0.01175
45	89	0	8	0.01174
10	60	0	8	0.01172
12	69	0	8	0.01172
1	68	0	8	0.01170
28	44	0	8	0.01168
3	12	0	8	0.01168
29	97	0	8	0.01167
1	74	0	8	0.01166
19	69	0	8	0.01161
25	46	0	8	0.01159
18	81	0	8	0.01159
23	66	0	8	0.01157
5	88	0	8	0.01157
29	80	0	8	0.01153
12	62	0	8	0.01151
16	68	0	8	0.01148
33	74	0	8	0.01148
2	19	0	8	0.01142
67	70	0	8	0.01141
74	90	0	8	0.01137
59	99	0	8	0.01136
1	54	0	8	0.01134
9	69	0	8	0.01134
20	97	0	8	0.01134
73	82	0	8	0.01131
23	49	0	8	0.01131
75	92	0	8	0.01130
8	93	0	8	0.01128
3	56	0	8	0.01126
12	61	0	8	0.01124
32	92	0	8	0.01122
34	84	0	8	0.01118
3	31	0	8	0.01118
1	69	0	8	0.01117
10	71	0	8	0.01108
3	83	0	8	0.01107
30	97	0	8	0.01104
6	93	0	8	0.01103
12	97	0	8	0.01103
29	99	0	8	0.01101
9	48	0	8	0.01101
16	75	0	8	0.01100
67	88	0	8	0.01098
26	45	0	8	0.01096
2	65	0	8	0.01095
44	54	0	8	0.01092
56	83	0	8	0.01092
24	42	0	8	0.01089
22	54	0	8	0.01088
26	80	0	8	0.01086
23	96	0	8	0.01081
7	48	0	8	0.01080
27	33	0	8	0.01080
1	12	0	8	0.01078
31	46	0	8	0.01076
48	90	0	8	0.01070
17	40	0	8	0.01070
32	74	0	8	0.01068
59	72	0	8	0.01068
3	64	0	8	0.01067
8	83	0	8	0.01067
53	97	0	8	0.01065
45	84	0	8	0.01065
4	47	0	8	0.01064
3	88	0	8	0.01064
48	77	0	8	0.01056
4	29	0	8	0.01056
32	43	0	8	0.01056
6	66	0	8	0.01055
46	52	0	8	0.01054
46	76	0	8	0.01054
42	55	0	8	0.01049
5	84	0	8	0.01049
1	65	0	8	0.01048
68	94	0	8	0.01047
88	99	0	8	0.01045
4	53	0	8	0.01044
10	68	0	8	0.01042
21	79	0	8	0.01042
84	92	0	8	0.01034
34	75	0	8	0.01032
7	21	0	8	0.01032
56	99	0	8	0.01030
30	74	0	8	0.01025
22	35	0	8	0.01025
39	79	0	8	0.01023
15	69	0	8	0.01022
39	56	0	8	0.01022
41	79	0	8	0.01021
52	78	0	8	0.01019
62	83	0	8	0.01017
51	96	0	8	0.01017
71	84	0	8	0.01016
3	32	0	8	0.01015
4	91	0	8	0.01013
18	67	0	8	0.01012
22	76	0	8	0.01010
4	46	0	8	0.01008
25	80	0	8	0.01006
35	82	0	8	0.01005
1	83	0	8	0.01005
46	79	0	8	0.01005
1	48	0	8	0.01005
86	98	0	8	0.01004
82	98	0	8	0.01003
67	98	0	8	0.01003
73	81	0	8	0.01001
12	95	0	8	0.00999
8	31	0	8	0.00998
52	97	0	8	0.00998
10	86	0	8	0.00993
10	75	0	8	0.00993
45	79	0	8	0.00989
4	11	0	8	0.00984
33	73	0	8	0.00981
15	92	0	8	0.00981
8	85	0	8	0.00978
51	87	0	8	0.00974
18	65	0	8	0.00974
26	67	0	8	0.00973
34	58	0	8	0.00973
76	88	0	8	0.00971
49	79	0	8	0.00971
50	79	0	8	0.00970
68	92	0	8	0.00968
16	60	0	8	0.00966
62	77	0	8	0.00963
3	72	0	8	0.00962
33	88	0	8	0.00961
45	86	0	8	0.00959
6	54	0	8	0.00958
22	67	0	8	0.00955
67	85	0	8	0.00955
29	53	0	8	0.00950
82	88	0	8	0.00950
17	36	0	8	0.00948
24	51	0	8	0.00947
21	98	0	8	0.00946
8	86	0	8	0.00945
3	71	0	8	0.00943
16	19	0	8	0.00942
47	98	0	8	0.00938
36	73	0	8	0.00934
39	44	0	8	0.00934
19	33	0	8	0.00932
5	69	0	8	0.00931
50	75	0	8	0.00929
53	84	0	8	0.00927
35	60	0	8	0.00927
22	47	0	8	0.00925
14	69	0	8	0.00924
3	92	0	8	0.00924
45	76	0	8	0.00921
40	78	0	8	0.00920
85	98	0	8	0.00920
69	90	0	8	0.00918
38	81	0	8	0.00918
50	91	0	8	0.00917
76	96	0	8	0.00916
23	54	0	8	0.00915
2	11	0	8	0.00915
16	35	0	8	0.00914
1	11	0	8	0.00912
22	99	0	8	0.00911
44	82	0	8	0.00905
77	93	0	8	0.00904
48	79	0	8	0.00904
43	77	0	8	0.00903
29	76	0	8	0.00903
41	75	0	8	0.00902
2	83	0	8	0.00901
79	85	0	8	0.00901
9	68	0	8	0.00901
13	68	0	8	0.00900
75	94	0	8	0.00899
35	74	0	8	0.00898
62	93	0	8	0.00897
10	48	0	8	0.00895
5	56	0	8	0.00893
51	78	0	8	0.00892
50	94	0	8	0.00891
18	40	0	8	0.00887
33	87	0	8	0.00887
11	62	0	8	0.00886
33	60	0	8	0.00885
80	86	0	8	0.00884
8	80	0	8	0.00881
66	96	0	8	0.00880
32	37	0	8	0.00880
2	47	0	8	0.00879
11	92	0	8	0.00879
10	87	0	8	0.00878
18	83	0	8	0.00877
57	62	0	8	0.00876
13	72	0	8	0.00874
84	98	0	8	0.00872
3	30	0	8	0.00869
7	46	0	8	0.00868
37	56	0	8	0.00867
31	37	0	8	0.00866
15	94	0	8	0.00865
3	73	0	8	0.00864
74	98	0	8	0.00864
5	89	0	8	0.00862
74	87	0	8	0.00858
1	24	0	8	0.00857
22	88	0	8	0.00856
34	62	0	8	0.00855
5	31	0	8	0.00855
3	13	0	8	0.00854
10	13	0	8	0.00854
31	43	0	8	0.00854
78	95	0	8	0.00852
35	61	0	8	0.00851
67	71	0	8	0.00851
8	53	0	8	0.00849
47	51	0	8	0.00849
33	58	0	8	0.00848
62	99	0	8	0.00847
32	93	0	8	0.00846
36	72	0	8	0.00846
5	83	0	8	0.00846
41	72	0	8	0.00845
17	66	0	8	0.00844
31	52	0	8	0.00843
25	53	0	8	0.00842
1	56	0	8	0.00842
63	74	0	8	0.00842
17	70	0	8	0.00839
15	42	0	8	0.00839
17	68	0	8	0.00836
89	94	0	8	0.00836
71	75	0	8	0.00835
19	75	0	8	0.00835
45	85	0	8	0.00834
9	30	0	8	0.00833
10	89	0	8	0.00829
39	78	0	8	0.00829
2	12	0	8	0.00828
11	47	0	8	0.00827
79	98	0	8	0.00826
24	53	0	8	0.00822
54	95	0	8	0.00820
32	90	0	8	0.00820
18	62	0	8	0.00819
43	61	0	8	0.00819
52	99	0	8	0.00817
8	68	0	8	0.00817
11	74	0	8	0.00814
62	90	0	8	0.00813
2	46	0	8	0.00811
2	87	0	8	0.00805
8	12	0	8	0.00803
74	97	0	8	0.00802
59	98	0	8	0.00800
27	80	0	8	0.00800
6	88	0	8	0.00799
6	86	0	8	0.00799
4	80	0	8	0.00798
21	24	0	8	0.00797
43	78	0	8	0.00797
7	76	0	8	0.00797
9	49	0	8	0.00795
10	69	0	8	0.00794
6	82	0	8	0.00793
49	78	0	8	0.00788
24	64	0	8	0.00788
62	70	0	8	0.00787
29	56	0	8	0.00782
73	91	0	8	0.00782
7	87	0	8	0.00782
8	88	0	8	0.00779
32	58	0	8	0.00777
6	74	0	8	0.00776
15	90	0	8	0.00775
11	91	0	8	0.00775
76	90	0	8	0.00775
7	79	0	8	0.00775
53	98	0	8	0.00774
8	76	0	8	0.00774
21	78	0	8	0.00774
9	76	0	8	0.00771
14	99	0	8	0.00770
8	77	0	8	0.00769
43	81	0	8	0.00767
34	47	0	8	0.00765
16	33	0	8	0.00762
31	91	0	8	0.00762
81	90	0	8	0.00762
88	93	0	8	0.00762
51	89	0	8	0.00760
48	78	0	8	0.00760
81	86	0	8	0.00759
4	93	0	8	0.00759
76	87	0	8	0.00755
5	86	0	8	0.00753
8	69	0	8	0.00751
9	53	0	8	0.00746
27	34	0	8	0.00745
7	29	0	8	0.00743
1	31	0	8	0.00743
21	35	0	8	0.00742
3	55	0	8	0.00742
74	93	0	8	0.00739
20	94	0	8	0.00738
40	80	0	8	0.00737
29	35	0	8	0.00735
81	87	0	8	0.00735
20	71	0	8	0.00733
53	83	0	8	0.00730
2	55	0	8	0.00729
31	39	0	8	0.00727
12	99	0	8	0.00724
14	61	0	8	0.00721
29	78	0	8	0.00721
47	74	0	8	0.00721
50	76	0	8	0.00720
78	96	0	8	0.00719
12	85	0	8	0.00718
26	66	0	8	0.00718
52	86	0	8	0.00718
50	73	0	8	0.00715
5	30	0	8	0.00714
3	86	0	8	0.00713
27	42	0	8	0.00710
5	68	0	8	0.00710
11	19	0	8	0.00709
73	99	0	8	0.00708
62	82	0	8	0.00706
14	36	0	8	0.00706
2	73	0	8	0.00706
13	92	0	8	0.00704
47	50	0	8	0.00702
1	30	0	8	0.00700
17	69	0	8	0.00699
51	88	0	8	0.00698
34	54	0	8	0.00698
45	81	0	8	0.00697
11	28	0	8	0.00697
6	31	0	8	0.00697
23	48	0	8	0.00695
31	41	0	8	0.00693
7	80	0	8	0.00693
16	42	0	8	0.00690
2	90	0	8	0.00690
26	77	0	8	0.00689
5	64	0	8	0.00687
59	80	0	8	0.00686
26	44	0	8	0.00685
51	95	0	8	0.00684
20	30	0	8	0.00683
1	87	0	8	0.00681
28	78	0	8	0.00681
6	44	0	8	0.00679
36	66	0	8	0.00679
76	89	0	8	0.00678
77	90	0	8	0.00677
3	89	0	8	0.00677
83	91	0	8	0.00676
15	68	0	8	0.00675
9	73	0	8	0.00673
58	79	0	8	0.00671
24	44	0	8	0.00671
7	22	0	8	0.00669
6	68	0	8	0.00668
21	71	0	8	0.00668
65	93	0	8	0.00667
5	73	0	8	0.00667
49	96	0	8	0.00666
5	72	0	8	0.00665
43	74	0	8	0.00664
2	31	0	8	0.00663
16	71	0	8	0.00663
22	42	0	8	0.00663
54	98	0	8	0.00663
3	70	0	8	0.00662
2	82	0	8	0.00661
50	93	0	8	0.00661
2	54	0	8	0.00661
5	44	0	8	0.00660
61	76	0	8	0.00660
31	66	0	8	0.00659
12	83	0	8	0.00659
40	73	0	8	0.00658
80	90	0	8	0.00658
6	92	0	8	0.00658
80	96	0	8	0.00655
50	78	0	8	0.00654
5	12	0	8	0.00653
38	82	0	8	0.00653
6	83	0	8	0.00653
5	55	0	8	0.00652
24	76	0	8	0.00652
52	85	0	8	0.00652
2	84	0	8	0.00651
42	47	0	8	0.00651
20	99	0	8	0.00649
81	88	0	8	0.00648
31	92	0	8	0.00646
26	34	0	8	0.00642
11	61	0	8	0.00642
14	93	0	8	0.00641
26	94	0	8	0.00640
6	69	0	8	0.00635
9	32	0	8	0.00631
69	72	0	8	0.00631
41	80	0	8	0.00629
21	69	0	8	0.00628
52	98	0	8	0.00627
13	35	0	8	0.00627
4	92	0	8	0.00627
23	76	0	8	0.00625
11	76	0	8	0.00625
34	85	0	8	0.00625
25	54	0	8	0.00625
36	84	0	8	0.00624
28	43	0	8	0.00622
6	56	0	8	0.00622
20	73	0	8	0.00620
56	74	0	8	0.00620
38	66	0	8	0.00618
30	98	0	8	0.00617
24	34	0	8	0.00616
2	30	0	8	0.00616
35	46	0	8	0.00612
41	77	0	8	0.00611
7	52	0	8	0.00610
1	88	0	8	0.00609
48	56	0	8	0.00609
80	95	0	8	0.00609
4	66	0	8	0.00608
23	34	0	8	0.00608
60	99	0	8	0.00607
1	72	0	8	0.00606
20	29	0	8	0.00604
47	95	0	8	0.00604
30	99	0	8	0.00603
83	92	0	8	0.00602
7	91	0	8	0.00601
2	88	0	8	0.00600
88	95	0	8	0.00600
13	77	0	8	0.00600
28	77	0	8	0.00600
9	51	0	8	0.00599
21	77	0	8	0.00597
18	93	0	8	0.00595
27	67	0	8	0.00594
10	58	0	8	0.00594
2	72	0	8	0.00593
64	99	0	8	0.00592
13	34	0	8	0.00592
6	84	0	8	0.00590
27	96	0	8	0.00590
24	38	0	8	0.00590
16	74	0	8	0.00587
21	50	0	8	0.00586
36	69	0	8	0.00586
24	36	0	8	0.00586
53	77	0	8	0.00585
32	73	0	8	0.00585
32	50	0	8	0.00584
6	30	0	8	0.00583
8	73	0	8	0.00583
41	62	0	8	0.00582
8	52	0	8	0.00582
31	51	0	8	0.00580
29	77	0	8	0.00580
28	56	0	8	0.00580
21	64	0	8	0.00579
29	41	0	8	0.00579
14	72	0	8	0.00577
20	66	0	8	0.00577
63	75	0	8	0.00577
74	77	0	8	0.00576
10	49	0	8	0.00575
20	77	0	8	0.00575
19	38	0	8	0.00575
1	82	0	8	0.00575
10	54	0	8	0.00574
19	82	0	8	0.00573
72	83	0	8	0.00573
73	98	0	8	0.00572
12	70	0	8	0.00571
13	29	0	8	0.00570
5	65	0	8	0.00569
24	73	0	8	0.00569
42	83	0	8	0.00569
67	90	0	8	0.00568
15	21	0	8	0.00568
36	83	0	8	0.00566
44	59	0	8	0.00565
74	79	0	8	0.00565
59	79	0	8	0.00565
19	99	0	8	0.00565
53	96	0	8	0.00563
25	45	0	8	0.00563
37	81	0	8	0.00562
66	99	0	8	0.00562
4	22	0	8	0.00561
6	85	0	8	0.00559
5	71	0	8	0.00559
77	94	0	8	0.00559
54	87	0	8	0.00559
7	93	0	8	0.00558
33	55	0	8	0.00558
8	74	0	8	0.00557
13	56	0	8	0.00555
7	47	0	8	0.00554
10	73	0	8	0.00552
30	55	0	8	0.00552
81	89	0	8	0.00551
51	94	0	8	0.00551
44	85	0	8	0.00550
4	69	0	8	0.00549
10	53	0	8	0.00549
21	73	0	8	0.00547
16	77	0	8	0.00546
33	61	0	8	0.00546
49	75	0	8	0.00545
79	97	0	8	0.00544
24	45	0	8	0.00544
19	42	0	8	0.00544
4	87	0	8	0.00543
7	75	0	8	0.00540
18	99	0	8	0.00540
41	78	0	8	0.00538
7	78	0	8	0.00536
42	84	0	8	0.00535
8	71	0	8	0.00535
28	79	0	8	0.00533
24	92	0	8	0.00531
49	95	0	8	0.00527
19	37	0	8	0.00527
27	44	0	8	0.00526
14	33	0	8	0.00526
13	30	0	8	0.00524
19	85	0	8	0.00524
60	78	0	8	0.00523
62	95	0	8	0.00522
33	46	0	8	0.00521
61	71	0	8	0.00521
2	70	0	8	0.00520
34	55	0	8	0.00520
59	81	0	8	0.00518
57	81	0	8	0.00517
21	38	0	8	0.00517
1	85	0	8	0.00517
78	94	0	8	0.00516
64	83	0	8	0.00516
20	98	0	8	0.00513
22	69	0	8	0.00513
14	97	0	8	0.00512
31	53	0	8	0.00511
39	80	0	8	0.00510
11	46	0	8	0.00510
80	93	0	8	0.00509
29	79	0	8	0.00509
1	70	0	8	0.00507
61	99	0	8	0.00507
16	73	0	8	0.00505
26	75	0	8	0.00505
21	25	0	8	0.00504
2	56	0	8	0.00502
42	46	0	8	0.00501
58	99	0	8	0.00501
12	96	0	8	0.00500
49	77	0	8	0.00499
7	77	0	8	0.00499
68	95	0	8	0.00499
15	31	0	8	0.00499
12	71	0	8	0.00498
1	71	0	8	0.00498
52	93	0	8	0.00497
7	66	0	8	0.00496
73	76	0	8	0.00493
10	91	0	8	0.00492
5	19	0	8	0.00492
25	75	0	8	0.00492
2	22	0	8	0.00492
21	30	0	8	0.00491
22	98	0	8	0.00491
25	42	0	8	0.00490
23	73	0	8	0.00490
4	74	0	8	0.00490
50	77	0	8	0.00490
28	75	0	8	0.00489
45	53	0	8	0.00488
74	78	0	8	0.00487
88	96	0	8	0.00487
15	99	0	8	0.00485
1	46	0	8	0.00485
28	76	0	8	0.00483
6	12	0	8	0.00483
51	93	0	8	0.00483
37	70	0	8	0.00483
15	56	0	8	0.00483
1	57	0	8	0.00482
10	62	0	8	0.00481
53	90	0	8	0.00481
2	85	0	8	0.00481
32	66	0	8	0.00481
64	87	0	8	0.00480
79	96	0	8	0.00479
46	99	0	8	0.00479
56	95	0	8	0.00478
17	20	0	8	0.00477
35	63	0	8	0.00477
19	97	0	8	0.00477
72	94	0	8	0.00477
5	13	0	8	0.00476
18	34	0	8	0.00474
8	30	0	8	0.00473
24	67	0	8	0.00472
12	60	0	8	0.00471
23	64	0	8	0.00470
93	99	0	8	0.00469
10	88	0	8	0.00469
19	73	0	8	0.00469
24	94	0	8	0.00468
12	94	0	8	0.00468
25	94	0	8	0.00466
46	51	0	8	0.00465
59	83	0	8	0.00465
42	86	0	8	0.00465
1	73	0	8	0.00464
56	98	0	8	0.00463
8	89	0	8	0.00462
69	91	0	8	0.00462
10	31	0	8	0.00460
10	29	0	8	0.00458
9	59	0	8	0.00458
66	91	0	8	0.00457
19	80	0	8	0.00456
12	81	0	8	0.00455
10	20	0	8	0.00455
3	44	0	8	0.00454
56	90	0	8	0.00452
21	76	0	8	0.00451
31	40	0	8	0.00450
4	31	0	8	0.00448
26	76	0	8	0.00446
78	87	0	8	0.00445
71	97	0	8	0.00445
14	40	0	8	0.00445
1	47	0	8	0.00443
23	36	0	8	0.00443
1	64	0	8	0.00442
13	76	0	8	0.00441
21	94	0	8	0.00440
4	68	0	8	0.00440
28	96	0	8	0.00440
27	78	0	8	0.00440
44	86	0	8	0.00440
47	91	0	8	0.00440
11	63	0	8	0.00440
28	95	0	8	0.00438
7	53	0	8	0.00438
10	80	0	8	0.00438
36	65	0	8	0.00437
7	31	0	8	0.00436
30	41	0	8	0.00436
2	71	0	8	0.00435
11	88	0	8	0.00435
22	50	0	8	0.00434
1	90	0	8	0.00433
11	36	0	8	0.00432
2	64	0	8	0.00432
4	82	0	8	0.00431
46	77	0	8	0.00431
23	94	0	8	0.00431
32	64	0	8	0.00429
1	84	0	8	0.00429
8	56	0	8	0.00429
1	22	0	8	0.00428
14	42	0	8	0.00426
33	48	0	8	0.00426
47	94	0	8	0.00425
58	80	0	8	0.00425
5	32	0	8	0.00424
23	67	0	8	0.00424
21	96	0	8	0.00422
29	92	0	8	0.00420
87	93	0	8	0.00419
7	83	0	8	0.00419
84	91	0	8	0.00418
29	67	0	8	0.00417
18	98	0	8	0.00417
56	93	0	8	0.00417
13	81	0	8	0.00416
25	78	0	8	0.00414
16	83	0	8	0.00413
48	76	0	8	0.00412
23	71	0	8	0.00412
42	73	0	8	0.00411
26	78	0	8	0.00410
26	79	0	8	0.00410
33	53	0	8	0.00410
3	33	0	8	0.00410
19	98	0	8	0.00409
6	55	0	8	0.00408
37	65	0	8	0.00407
4	65	0	8	0.00405
20	63	0	8	0.00405
31	55	0	8	0.00405
71	87	0	8	0.00404
8	72	0	8	0.00403
41	81	0	8	0.00403
49	76	0	8	0.00402
4	54	0	8	0.00402
8	92	0	8	0.00400
52	89	0	8	0.00399
5	45	0	8	0.00398
45	83	0	8	0.00398
10	56	0	8	0.00398
58	97	0	8	0.00397
7	68	0	8	0.00397
10	51	0	8	0.00396
56	89	0	8	0.00395
39	71	0	8	0.00394
52	55	0	8	0.00394
6	72	0	8	0.00393
20	39	0	8	0.00389
59	64	0	8	0.00389
19	32	0	8	0.00389
65	89	0	8	0.00389
8	79	0	8	0.00387
42	89	0	8	0.00387
22	78	0	8	0.00386
61	97	0	8	0.00384
23	91	0	8	0.00384
35	83	0	8	0.00384
7	82	0	8	0.00382
34	60	0	8	0.00381
10	63	0	8	0.00380
82	92	0	8	0.00380
48	75	0	8	0.00379
40	81	0	8	0.00378
1	20	0	8	0.00378
81	93	0	8	0.00378
1	58	0	8	0.00378
59	84	0	8	0.00376
72	97	0	8	0.00376
16	76	0	8	0.00374
10	92	0	8	0.00374
3	20	0	8	0.00374
56	60	0	8	0.00373
53	95	0	8	0.00373
9	33	0	8	0.00371
84	95	0	8	0.00370
13	47	0	8	0.00370
13	98	0	8	0.00369
15	41	0	8	0.00369
42	87	0	8	0.00368
38	45	0	8	0.00368
33	67	0	8	0.00367
86	95	0	8	0.00367
80	87	0	8	0.00367
25	77	0	8	0.00366
12	89	0	8	0.00366
23	78	0	8	0.00366
28	55	0	8	0.00365
34	61	0	8	0.00365
28	92	0	8	0.00364
3	45	0	8	0.00364
19	74	0	8	0.00363
3	63	0	8	0.00363
4	30	0	8	0.00362
9	74	0	8	0.00360
42	88	0	8	0.00360
83	93	0	8	0.00359
19	70	0	8	0.00359
52	94	0	8	0.00359
13	99	0	8	0.00359
73	96	0	8	0.00359
14	71	0	8	0.00358
8	78	0	8	0.00357
30	73	0	8	0.00357
29	55	0	8	0.00357
47	73	0	8	0.00357
93	98	0	8	0.00357
44	72	0	8	0.00357
9	13	0	8	0.00356
62	92	0	8	0.00356
19	72	0	8	0.00355
34	74	0	8	0.00355
27	79	0	8	0.00353
52	87	0	8	0.00353
33	90	0	8	0.00353
66	98	0	8	0.00353
62	88	0	8	0.00350
9	70	0	8	0.00349
79	86	0	8	0.00349
34	63	0	8	0.00349
29	75	0	8	0.00347
10	77	0	8	0.00347
4	12	0	8	0.00346
15	98	0	8	0.00346
36	85	0	8	0.00345
33	63	0	8	0.00343
34	86	0	8	0.00342
24	78	0	8	0.00342
27	66	0	8	0.00342
1	63	0	8	0.00341
18	80	0	8	0.00340
45	48	0	8	0.00339
18	21	0	8	0.00339
20	76	0	8	0.00339
7	90	0	8	0.00339
49	93	0	8	0.00338
4	88	0	8	0.00338
1	34	0	8	0.00337
23	62	0	8	0.00337
12	84	0	8	0.00336
12	33	0	8	0.00336
11	50	0	8	0.00336
19	68	0	8	0.00336
33	93	0	8	0.00335
6	73	0	8	0.00334
38	65	0	8	0.00332
41	63	0	8	0.00332
21	37	0	8	0.00332
52	95	0	8	0.00332
5	70	0	8	0.00331
9	79	0	8	0.00331
14	60	0	8	0.00331
4	19	0	8	0.00330
28	67	0	8	0.00330
63	97	0	8	0.00330
89	99	0	8	0.00330
51	76	0	8	0.00329
15	60	0	8	0.00329
9	78	0	8	0.00328
4	13	0	8	0.00327
5	33	0	8	0.00327
7	88	0	8	0.00327
66	83	0	8	0.00327
5	59	0	8	0.00326
16	99	0	8	0.00325
9	56	0	8	0.00325
9	52	0	8	0.00325
25	76	0	8	0.00324
17	72	0	8	0.00323
2	86	0	8	0.00323
17	73	0	8	0.00323
65	72	0	8	0.00323
4	83	0	8	0.00323
43	47	0	8	0.00322
52	96	0	8	0.00321
7	84	0	8	0.00321
19	23	0	8	0.00321
16	34	0	8	0.00321
31	57	0	8	0.00320
18	41	0	8	0.00320
1	59	0	8	0.00319
7	69	0	8	0.00318
53	76	0	8	0.00317
18	22	0	8	0.00317
60	98	0	8	0.00316
30	36	0	8	0.00315
89	96	0	8	0.00315
21	51	0	8	0.00313
31	59	0	8	0.00313
16	66	0	8	0.00312
66	72	0	8	0.00312
12	90	0	8	0.00312
55	58	0	8	0.00311
80	89	0	8	0.00311
22	74	0	8	0.00310
25	79	0	8	0.00310
77	87	0	8	0.00310
20	96	0	8	0.00309
26	93	0	8	0.00308
49	91	0	8	0.00308
43	75	0	8	0.00308
47	96	0	8	0.00308
20	89	0	8	0.00308
13	74	0	8	0.00308
6	71	0	8	0.00307
13	87	0	8	0.00307
49	94	0	8	0.00307
1	86	0	8	0.00306
14	95	0	8	0.00306
69	96	0	8	0.00305
8	45	0	8	0.00304
5	62	0	8	0.00302
35	64	0	8	0.00301
25	92	0	8	0.00301
10	76	0	8	0.00299
51	91	0	8	0.00299
24	56	0	8	0.00299
60	97	0	8	0.00298
44	83	0	8	0.00298
61	98	0	8	0.00297
28	41	0	8	0.00297
70	95	0	8	0.00297
8	44	0	8	0.00297
11	27	0	8	0.00296
6	89	0	8	0.00295
86	93	0	8	0.00295
3	42	0	8	0.00294
23	69	0	8	0.00291
44	89	0	8	0.00291
51	75	0	8	0.00289
47	66	0	8	0.00288
14	96	0	8	0.00288
22	94	0	8	0.00288
32	51	0	8	0.00288
14	94	0	8	0.00288
19	92	0	8	0.00287
18	85	0	8	0.00286
3	62	0	8	0.00286
32	60	0	8	0.00284
26	68	0	8	0.00284
31	97	0	8	0.00283
22	53	0	8	0.00283
10	33	0	8	0.00283
15	86	0	8	0.00283
62	98	0	8	0.00282
50	74	0	8	0.00282
29	40	0	8	0.00281
19	95	0	8	0.00281
45	92	0	8	0.00281
31	99	0	8	0.00281
18	97	0	8	0.00280
46	57	0	8	0.00280
72	99	0	8	0.00280
39	81	0	8	0.00279
6	19	0	8	0.00279
77	89	0	8	0.00279
8	59	0	8	0.00278
4	90	0	8	0.00278
1	60	0	8	0.00278
29	36	0	8	0.00277
8	54	0	8	0.00277
6	65	0	8	0.00277
33	92	0	8	0.00275
35	48	0	8	0.00275
16	69	0	8	0.00275
4	85	0	8	0.00274
54	88	0	8	0.00274
4	44	0	8	0.00273
86	96	0	8	0.00273
15	88	0	8	0.00273
7	92	0	8	0.00272
48	96	0	8	0.00271
25	44	0	8	0.00271
68	71	0	8	0.00270
1	32	0	8	0.00269
22	56	0	8	0.00267
7	86	0	8	0.00267
18	42	0	8	0.00267
74	94	0	8	0.00266
76	94	0	8	0.00266
13	59	0	8	0.00266
80	88	0	8	0.00266
2	57	0	8	0.00266
38	54	0	8	0.00265
31	67	0	8	0.00265
43	88	0	8	0.00265
29	38	0	8	0.00264
2	32	0	8	0.00264
19	39	0	8	0.00264
63	95	0	8	0.00262
9	72	0	8	0.00262
10	70	0	8	0.00262
6	45	0	8	0.00261
78	93	0	8	0.00261
22	52	0	8	0.00260
54	57	0	8	0.00260
14	83	0	8	0.00259
2	89	0	8	0.00259
18	82	0	8	0.00259
38	71	0	8	0.00259
73	80	0	8	0.00259
1	61	0	8	0.00259
82	95	0	8	0.00258
12	24	0	8	0.00257
57	97	0	8	0.00257
69	97	0	8	0.00257
16	80	0	8	0.00257
6	32	0	8	0.00257
30	38	0	8	0.00256
72	87	0	8	0.00256
27	95	0	8	0.00256
5	42	0	8	0.00256
18	94	0	8	0.00255
8	65	0	8	0.00255
10	27	0	8	0.00254
83	96	0	8	0.00254
2	20	0	8	0.00253
28	35	0	8	0.00252
2	63	0	8	0.00252
23	42	0	8	0.00252
27	43	0	8	0.00252
32	67	0	8	0.00251
26	92	0	8	0.00250
13	88	0	8	0.00250
81	95	0	8	0.00249
3	57	0	8	0.00249
63	89	0	8	0.00249
51	55	0	8	0.00248
63	99	0	8	0.00248
75	91	0	8	0.00247
16	81	0	8	0.00247
4	72	0	8	0.00247
13	96	0	8	0.00247
13	80	0	8	0.00247
7	85	0	8	0.00246
61	77	0	8	0.00246
85	96	0	8	0.00246
81	96	0	8	0.00245
48	93	0	8	0.00245
62	87	0	8	0.00245
12	75	0	8	0.00245
68	96	0	8	0.00244
57	99	0	8	0.00244
44	84	0	8	0.00244
40	70	0	8	0.00244
17	99	0	8	0.00244
92	97	0	8	0.00244
12	50	0	8	0.00244
26	56	0	8	0.00243
43	72	0	8	0.00243
21	42	0	8	0.00242
3	59	0	8	0.00242
45	75	0	8	0.00242
38	85	0	8	0.00242
10	52	0	8	0.00241
46	97	0	8	0.00241
8	70	0	8	0.00238
6	42	0	8	0.00238
27	56	0	8	0.00238
55	75	0	8	0.00237
63	69	0	8	0.00237
79	95	0	8	0.00237
22	79	0	8	0.00236
3	34	0	8	0.00236
37	69	0	8	0.00235
17	98	0	8	0.00234
53	85	0	8	0.00234
25	66	0	8	0.00233
11	59	0	8	0.00233
2	59	0	8	0.00232
36	67	0	8	0.00232
74	96	0	8	0.00232
27	77	0	8	0.00232
27	92	0	8	0.00232
69	86	0	8	0.00230
17	74	0	8	0.00229
46	75	0	8	0.00229
46	98	0	8	0.00229
30	57	0	8	0.00229
44	73	0	8	0.00229
26	41	0	8	0.00228
16	98	0	8	0.00228
51	77	0	8	0.00228
26	69	0	8	0.00227
64	98	0	8	0.00226
25	67	0	8	0.00226
44	53	0	8	0.00226
49	56	0	8	0.00225
6	13	0	8	0.00224
24	62	0	8	0.00224
4	86	0	8	0.00224
34	46	0	8	0.00224
45	74	0	8	0.00223
13	61	0	8	0.00223
28	40	0	8	0.00222
32	97	0	8	0.00220
50	56	0	8	0.00220
27	76	0	8	0.00220
21	86	0	8	0.00220
15	78	0	8	0.00220
22	37	0	8	0.00220
38	70	0	8	0.00219
6	70	0	8	0.00219
53	93	0	8	0.00219
42	54	0	8	0.00219
27	68	0	8	0.00219
80	92	0	8	0.00219
14	85	0	8	0.00219
29	39	0	8	0.00218
59	82	0	8	0.00218
70	88	0	8	0.00217
26	43	0	8	0.00217
7	12	0	8	0.00217
1	89	0	8	0.00217
22	92	0	8	0.00217
29	96	0	8	0.00217
32	39	0	8	0.00216
16	93	0	8	0.00216
13	39	0	8	0.00215
5	57	0	8	0.00214
39	65	0	8	0.00214
63	98	0	8	0.00213
10	57	0	8	0.00213
55	83	0	8	0.00213
2	34	0	8	0.00213
37	82	0	8	0.00212
15	96	0	8	0.00212
9	54	0	8	0.00212
59	89	0	8	0.00212
52	88	0	8	0.00211
6	64	0	8	0.00210
23	79	0	8	0.00210
72	98	0	8	0.00210
9	64	0	8	0.00210
22	51	0	8	0.00210
2	44	0	8	0.00209
26	38	0	8	0.00209
23	38	0	8	0.00209
4	73	0	8	0.00209
89	98	0	8	0.00209
7	74	0	8	0.00207
42	93	0	8	0.00206
13	18	0	8	0.00206
41	82	0	8	0.00206
21	28	0	8	0.00206
15	23	0	8	0.00206
50	55	0	8	0.00205
12	82	0	8	0.00205
33	99	0	8	0.00205
44	99	0	8	0.00204
18	75	0	8	0.00204
8	32	0	8	0.00204
32	40	0	8	0.00203
56	96	0	8	0.00203
53	94	0	8	0.00202
9	60	0	8	0.00202
20	79	0	8	0.00202
4	64	0	8	0.00202
56	61	0	8	0.00201
48	95	0	8	0.00201
42	99	0	8	0.00201
18	77	0	8	0.00200
1	18	0	8	0.00199
21	89	0	8	0.00199
68	99	0	8	0.00199
38	47	0	8	0.00198
40	82	0	8	0.00197
80	94	0	8	0.00197
47	64	0	8	0.00197
55	99	0	8	0.00196
63	93	0	8	0.00195
21	26	0	8	0.00195
82	96	0	8	0.00195
46	92	0	8	0.00195
10	28	0	8	0.00195
49	55	0	8	0.00195
32	99	0	8	0.00194
37	45	0	8	0.00194
66	87	0	8	0.00193
72	91	0	8	0.00193
18	96	0	8	0.00193
68	97	0	8	0.00193
74	91	0	8	0.00193
11	34	0	8	0.00193
14	41	0	8	0.00192
2	45	0	8	0.00192
34	88	0	8	0.00192
32	41	0	8	0.00192
17	35	0	8	0.00191
24	79	0	8	0.00190
32	91	0	8	0.00190
79	94	0	8	0.00190
10	32	0	8	0.00189
72	82	0	8	0.00189
31	98	0	8	0.00189
16	32	0	8	0.00188
36	46	0	8	0.00188
24	71	0	8	0.00188
3	15	0	8	0.00187
1	33	0	8	0.00187
1	62	0	8	0.00186
67	83	0	8	0.00186
36	53	0	8	0.00186
22	46	0	8	0.00186
64	82	0	8	0.00185
1	35	0	8	0.00185
7	72	0	8	0.00185
37	71	0	8	0.00185
11	56	0	8	0.00185
37	66	0	8	0.00185
78	88	0	8	0.00184
58	98	0	8	0.00184
18	64	0	8	0.00184
57	82	0	8	0.00184
26	36	0	8	0.00183
17	41	0	8	0.00183
28	66	0	8	0.00182
10	65	0	8	0.00182
56	62	0	8	0.00180
79	93	0	8	0.00180
5	63	0	8	0.00180
67	86	0	8	0.00179
4	84	0	8	0.00179
29	66	0	8	0.00179
27	75	0	8	0.00179
26	40	0	8	0.00178
56	86	0	8	0.00176
9	61	0	8	0.00176
45	99	0	8	0.00176
31	62	0	8	0.00175
30	40	0	8	0.00175
28	39	0	8	0.00175
70	94	0	8	0.00174
28	36	0	8	0.00174
21	74	0	8	0.00174
16	94	0	8	0.00174
20	69	0	8	0.00174
39	99	0	8	0.00173
12	86	0	8	0.00173
22	96	0	8	0.00172
22	44	0	8	0.00171
3	35	0	8	0.00171
47	57	0	8	0.00171
52	77	0	8	0.00170
4	70	0	8	0.00170
59	85	0	8	0.00170
76	92	0	8	0.00170
12	39	0	8	0.00170
19	35	0	8	0.00169
48	92	0	8	0.00169
5	58	0	8	0.00169
8	62	0	8	0.00169
4	45	0	8	0.00169
35	66	0	8	0.00169
44	97	0	8	0.00169
33	97	0	8	0.00168
54	94	0	8	0.00168
10	64	0	8	0.00167
11	78	0	8	0.00167
19	94	0	8	0.00166
41	55	0	8	0.00166
20	42	0	8	0.00166
33	95	0	8	0.00166
3	58	0	8	0.00165
30	59	0	8	0.00165
18	66	0	8	0.00165
7	54	0	8	0.00165
17	42	0	8	0.00164
25	93	0	8	0.00164
35	53	0	8	0.00163
21	90	0	8	0.00163
36	55	0	8	0.00163
40	55	0	8	0.00163
4	56	0	8	0.00163
10	19	0	8	0.00163
8	33	0	8	0.00163
35	65	0	8	0.00162
21	52	0	8	0.00162
62	81	0	8	0.00162
2	13	0	8	0.00162
22	48	0	8	0.00161
62	80	0	8	0.00161
22	49	0	8	0.00160
8	55	0	8	0.00160
38	83	0	8	0.00160
21	68	0	8	0.00159
49	92	0	8	0.00159
53	86	0	8	0.00159
64	94	0	8	0.00159
17	93	0	8	0.00159
30	67	0	8	0.00159
36	89	0	8	0.00158
19	96	0	8	0.00158
23	59	0	8	0.00157
83	95	0	8	0.00157
27	41	0	8	0.00156
21	47	0	8	0.00156
18	32	0	8	0.00156
31	71	0	8	0.00155
68	98	0	8	0.00155
10	74	0	8	0.00155
44	61	0	8	0.00155
36	71	0	8	0.00155
80	91	0	8	0.00154
20	28	0	8	0.00154
55	97	0	8	0.00153
54	96	0	8	0.00153
44	98	0	8	0.00153
40	64	0	8	0.00152
82	91	0	8	0.00152
45	59	0	8	0.00152
8	58	0	8	0.00152
30	93	0	8	0.00152
15	58	0	8	0.00152
30	95	0	8	0.00152
78	90	0	8	0.00152
3	14	0	8	0.00151
2	61	0	8	0.00151
7	56	0	8	0.00151
3	61	0	8	0.00151
26	39	0	8	0.00151
43	83	0	8	0.00150
42	63	0	8	0.00150
48	94	0	8	0.00150
28	38	0	8	0.00149
65	99	0	8	0.00149
15	30	0	8	0.00148
17	96	0	8	0.00148
10	30	0	8	0.00148
20	86	0	8	0.00148
48	91	0	8	0.00148
12	59	0	8	0.00147
12	31	0	8	0.00147
19	77	0	8	0.00147
1	13	0	8	0.00147
68	89	0	8	0.00147
81	92	0	8	0.00147
57	98	0	8	0.00146
17	61	0	8	0.00146
60	81	0	8	0.00146
34	64	0	8	0.00145
55	59	0	8	0.00145
1	17	0	8	0.00144
58	81	0	8	0.00144
77	88	0	8	0.00144
21	91	0	8	0.00144
71	96	0	8	0.00144
2	58	0	8	0.00143
18	95	0	8	0.00143
19	78	0	8	0.00143
52	76	0	8	0.00143
26	35	0	8	0.00143
4	63	0	8	0.00143
20	24	0	8	0.00142
14	81	0	8	0.00142
16	92	0	8	0.00141
29	37	0	8	0.00140
46	74	0	8	0.00140
1	45	0	8	0.00140
21	49	0	8	0.00140
3	36	0	8	0.00140
71	83	0	8	0.00140
67	91	0	8	0.00139
6	33	0	8	0.00139
31	58	0	8	0.00138
79	87	0	8	0.00138
24	74	0	8	0.00137
5	61	0	8	0.00137
1	14	0	8	0.00137
1	40	0	8	0.00137
26	64	0	8	0.00137
64	68	0	8	0.00137
10	72	0	8	0.00137
21	53	0	8	0.00137
81	91	0	8	0.00136
4	71	0	8	0.00136
19	89	0	8	0.00136
1	44	0	8	0.00136
14	21	0	8	0.00136
37	83	0	8	0.00135
11	53	0	8	0.00135
33	72	0	8	0.00135
30	96	0	8	0.00135
29	95	0	8	0.00135
33	49	0	8	0.00135
30	66	0	8	0.00134
38	84	0	8	0.00134
71	99	0	8	0.00134
37	67	0	8	0.00134
24	69	0	8	0.00134
18	71	0	8	0.00134
14	75	0	8	0.00134
4	32	0	8	0.00134
16	79	0	8	0.00134
32	65	0	8	0.00134
4	55	0	8	0.00132
43	85	0	8	0.00132
92	98	0	8	0.00132
55	98	0	8	0.00131
23	46	0	8	0.00131
20	65	0	8	0.00131
42	92	0	8	0.00131
6	57	0	8	0.00130
31	64	0	8	0.00130
40	45	0	8	0.00130
3	40	0	8	0.00130
26	65	0	8	0.00130
45	90	0	8	0.00130
27	40	0	8	0.00130
27	69	0	8	0.00129
2	60	0	8	0.00129
20	92	0	8	0.00129
11	79	0	8	0.00129
16	96	0	8	0.00129
42	98	0	8	0.00129
57	73	0	8	0.00129
39	82	0	8	0.00128
3	38	0	8	0.00128
7	30	0	8	0.00127
36	93	0	8	0.00127
2	35	0	8	0.00126
69	99	0	8	0.00126
72	81	0	8	0.00126
4	89	0	8	0.00126
1	42	0	8	0.00126
79	88	0	8	0.00125
35	67	0	8	0.00125
18	76	0	8	0.00125
21	92	0	8	0.00123
42	97	0	8	0.00123
2	42	0	8	0.00123
15	47	0	8	0.00123
2	33	0	8	0.00123
1	36	0	8	0.00122
2	14	0	8	0.00122
16	85	0	8	0.00121
55	96	0	8	0.00121
1	37	0	8	0.00121
17	81	0	8	0.00120
1	39	0	8	0.00120
79	92	0	8	0.00120
26	73	0	8	0.00120
92	99	0	8	0.00119
3	39	0	8	0.00119
43	86	0	8	0.00119
19	40	0	8	0.00119
44	48	0	8	0.00118
11	48	0	8	0.00118
69	98	0	8	0.00117
6	59	0	8	0.00117
50	92	0	8	0.00117
27	55	0	8	0.00117
29	74	0	8	0.00117
55	84	0	8	0.00117
39	45	0	8	0.00116
2	62	0	8	0.00116
57	72	0	8	0.00116
38	67	0	8	0.00116
34	48	0	8	0.00116
8	34	0	8	0.00116
18	79	0	8	0.00115
7	70	0	8	0.00115
49	73	0	8	0.00115
12	36	0	8	0.00115
47	72	0	8	0.00115
9	44	0	8	0.00115
25	35	0	8	0.00115
10	34	0	8	0.00114
57	84	0	8	0.00114
65	92	0	8	0.00113
18	69	0	8	0.00113
31	65	0	8	0.00113
41	70	0	8	0.00112
67	84	0	8	0.00112
50	66	0	8	0.00112
3	41	0	8	0.00112
19	31	0	8	0.00112
30	39	0	8	0.00111
2	40	0	8	0.00111
36	92	0	8	0.00110
26	74	0	8	0.00110
38	89	0	8	0.00110
72	96	0	8	0.00110
7	71	0	8	0.00109
15	79	0	8	0.00109
17	97	0	8	0.00109
69	84	0	8	0.00109
7	65	0	8	0.00108
22	68	0	8	0.00108
63	66	0	8	0.00108
60	64	0	8	0.00108
12	73	0	8	0.00108
17	94	0	8	0.00108
19	79	0	8	0.00108
11	38	0	8	0.00108
16	43	0	8	0.00108
65	97	0	8	0.00107
22	39	0	8	0.00107
30	37	0	8	0.00107
32	63	0	8	0.00107
38	55	0	8	0.00107
21	65	0	8	0.00107
20	78	0	8	0.00106
2	18	0	8	0.00106
21	39	0	8	0.00106
34	66	0	8	0.00106
35	73	0	8	0.00106
3	37	0	8	0.00106
3	43	0	8	0.00105
84	96	0	8	0.00105
41	99	0	8	0.00104
58	63	0	8	0.00103
50	71	0	8	0.00103
24	68	0	8	0.00103
47	58	0	8	0.00103
9	65	0	8	0.00102
59	96	0	8	0.00102
36	99	0	8	0.00102
52	91	0	8	0.00102
1	41	0	8	0.00102
30	58	0	8	0.00101
23	35	0	8	0.00101
15	57	0	8	0.00101
7	73	0	8	0.00101
23	74	0	8	0.00101
12	92	0	8	0.00101
4	34	0	8	0.00101
8	64	0	8	0.00101
38	99	0	8	0.00101
11	60	0	8	0.00101
43	87	0	8	0.00100
71	98	0	8	0.00100
12	37	0	8	0.00100
20	74	0	8	0.00100
7	44	0	8	0.00100
38	69	0	8	0.00100
21	87	0	8	0.00099
17	75	0	8	0.00099
27	94	0	8	0.00098
33	71	0	8	0.00098
5	60	0	8	0.00098
14	59	0	8	0.00098
6	63	0	8	0.00098
18	73	0	8	0.00098
2	41	0	8	0.00098
20	90	0	8	0.00098
2	36	0	8	0.00098
33	52	0	8	0.00097
34	53	0	8	0.00097
26	62	0	8	0.00097
25	36	0	8	0.00097
6	43	0	8	0.00096
70	85	0	8	0.00096
34	72	0	8	0.00096
17	83	0	8	0.00096
62	65	0	8	0.00096
85	94	0	8	0.00095
8	60	0	8	0.00095
13	42	0	8	0.00095
5	40	0	8	0.00095
39	85	0	8	0.00095
2	39	0	8	0.00095
5	41	0	8	0.00095
49	74	0	8	0.00094
10	55	0	8	0.00094
56	64	0	8	0.00094
13	28	0	8	0.00094
27	35	0	8	0.00094
16	58	0	8	0.00094
30	65	0	8	0.00094
53	87	0	8	0.00094
79	90	0	8	0.00094
25	43	0	8	0.00094
9	45	0	8	0.00094
70	73	0	8	0.00093
59	86	0	8	0.00093
65	73	0	8	0.00093
44	92	0	8	0.00093
22	72	0	8	0.00093
43	84	0	8	0.00093
4	42	0	8	0.00093
10	78	0	8	0.00093
54	91	0	8	0.00092
14	22	0	8	0.00092
11	54	0	8	0.00092
9	34	0	8	0.00092
8	42	0	8	0.00092
5	20	0	8	0.00091
21	46	0	8	0.00091
65	94	0	8	0.00091
5	34	0	8	0.00091
34	67	0	8	0.00091
57	83	0	8	0.00091
5	43	0	8	0.00090
63	92	0	8	0.00090
44	90	0	8	0.00090
21	63	0	8	0.00090
18	61	0	8	0.00090
16	44	0	8	0.00090
39	66	0	8	0.00090
6	58	0	8	0.00089
40	85	0	8	0.00089
34	89	0	8	0.00089
41	83	0	8	0.00089
18	74	0	8	0.00089
45	93	0	8	0.00089
25	41	0	8	0.00089
28	93	0	8	0.00089
65	98	0	8	0.00089
35	84	0	8	0.00088
8	61	0	8	0.00088
13	54	0	8	0.00088
25	38	0	8	0.00088
59	90	0	8	0.00088
35	69	0	8	0.00088
9	55	0	8	0.00088
40	65	0	8	0.00087
6	34	0	8	0.00087
78	89	0	8	0.00087
17	76	0	8	0.00087
72	76	0	8	0.00087
2	15	0	8	0.00087
24	39	0	8	0.00087
12	77	0	8	0.00087
34	92	0	8	0.00086
34	87	0	8	0.00086
6	62	0	8	0.00086
18	68	0	8	0.00086
9	58	0	8	0.00086
46	93	0	8	0.00085
45	98	0	8	0.00085
25	39	0	8	0.00085
33	50	0	8	0.00085
22	59	0	8	0.00085
41	73	0	8	0.00085
1	15	0	8	0.00085
16	97	0	8	0.00085
41	85	0	8	0.00084
31	93	0	8	0.00084
14	44	0	8	0.00084
27	39	0	8	0.00084
32	61	0	8	0.00084
2	37	0	8	0.00084
33	69	0	8	0.00084
22	91	0	8	0.00084
37	47	0	8	0.00083
65	95	0	8	0.00083
24	35	0	8	0.00082
51	74	0	8	0.00082
10	44	0	8	0.00082
24	40	0	8	0.00082
45	97	0	8	0.00082
4	33	0	8	0.00082
32	98	0	8	0.00082
36	70	0	8	0.00082
8	57	0	8	0.00081
10	79	0	8	0.00081
32	72	0	8	0.00081
21	62	0	8	0.00081
55	95	0	8	0.00081
70	90	0	8	0.00080
52	75	0	8	0.00080
19	34	0	8	0.00080
28	94	0	8	0.00080
19	84	0	8	0.00080
12	46	0	8	0.00080
17	95	0	8	0.00080
68	88	0	8	0.00080
34	73	0	8	0.00079
20	88	0	8	0.00079
56	87	0	8	0.00079
82	94	0	8	0.00079
25	68	0	8	0.00079
25	56	0	8	0.00079
88	94	0	8	0.00079
26	59	0	8	0.00079
17	92	0	8	0.00079
9	20	0	8	0.00079
7	55	0	8	0.00079
81	94	0	8	0.00079
11	39	0	8	0.00079
16	95	0	8	0.00078
29	65	0	8	0.00078
24	41	0	8	0.00078
34	65	0	8	0.00078
21	48	0	8	0.00078
58	72	0	8	0.00078
32	95	0	8	0.00078
87	94	0	8	0.00078
44	93	0	8	0.00078
1	38	0	8	0.00078
16	31	0	8	0.00078
9	19	0	8	0.00077
64	76	0	8	0.00077
42	94	0	8	0.00077
76	91	0	8	0.00076
25	74	0	8	0.00076
56	94	0	8	0.00076
33	65	0	8	0.00076
36	50	0	8	0.00076
21	44	0	8	0.00076
24	43	0	8	0.00076
6	40	0	8	0.00076
58	83	0	8	0.00075
33	98	0	8	0.00075
35	92	0	8	0.00075
38	93	0	8	0.00074
45	52	0	8	0.00074
22	45	0	8	0.00074
23	45	0	8	0.00074
1	43	0	8	0.00074
7	89	0	8	0.00074
19	29	0	8	0.00073
41	65	0	8	0.00073
5	36	0	8	0.00073
11	51	0	8	0.00073
51	73	0	8	0.00073
2	38	0	8	0.00073
39	93	0	8	0.00072
21	41	0	8	0.00072
56	73	0	8	0.00072
7	45	0	8	0.00072
28	37	0	8	0.00072
57	96	0	8	0.00072
20	61	0	8	0.00072
36	86	0	8	0.00072
23	44	0	8	0.00072
25	40	0	8	0.00071
54	58	0	8	0.00071
18	59	0	8	0.00071
12	32	0	8	0.00071
57	63	0	8	0.00071
4	40	0	8	0.00071
20	50	0	8	0.00071
41	92	0	8	0.00071
27	65	0	8	0.00071
51	92	0	8	0.00070
40	83	0	8	0.00070
12	91	0	8	0.00070
61	70	0	8	0.00070
29	57	0	8	0.00070
19	61	0	8	0.00070
62	78	0	8	0.00070
6	61	0	8	0.00069
22	65	0	8	0.00069
32	71	0	8	0.00069
53	89	0	8	0.00069
12	72	0	8	0.00069
35	52	0	8	0.00069
13	50	0	8	0.00069
39	98	0	8	0.00069
3	60	0	8	0.00069
2	17	0	8	0.00069
5	39	0	8	0.00069
22	63	0	8	0.00068
43	99	0	8	0.00068
23	56	0	8	0.00068
6	41	0	8	0.00068
43	54	0	8	0.00068
46	90	0	8	0.00067
45	61	0	8	0.00067
22	70	0	8	0.00067
39	67	0	8	0.00067
28	74	0	8	0.00066
2	43	0	8	0.00066
4	62	0	8	0.00066
26	55	0	8	0.00066
40	54	0	8	0.00066
41	98	0	8	0.00066
40	99	0	8	0.00066
78	92	0	8	0.00066
27	38	0	8	0.00066
60	79	0	8	0.00065
64	96	0	8	0.00065
12	30	0	8	0.00065
39	69	0	8	0.00065
8	13	0	8	0.00065
60	84	0	8	0.00065
54	74	0	8	0.00064
60	80	0	8	0.00064
15	24	0	8	0.00064
61	89	0	8	0.00064
12	74	0	8	0.00064
59	93	0	8	0.00064
6	20	0	8	0.00064
15	44	0	8	0.00064
14	73	0	8	0.00064
9	63	0	8	0.00064
15	54	0	8	0.00064
83	94	0	8	0.00063
42	90	0	8	0.00063
39	83	0	8	0.00063
13	57	0	8	0.00063
60	85	0	8	0.00063
35	50	0	8	0.00063
15	50	0	8	0.00063
59	95	0	8	0.00063
19	41	0	8	0.00062
45	91	0	8	0.00062
13	16	0	8	0.00062
16	82	0	8	0.00062
15	87	0	8	0.00062
58	64	0	8	0.00062
66	82	0	8	0.00062
5	38	0	8	0.00062
70	97	0	8	0.00062
12	18	0	8	0.00062
26	37	0	8	0.00061
4	20	0	8	0.00061
21	54	0	8	0.00061
36	97	0	8	0.00061
43	62	0	8	0.00061
4	39	0	8	0.00061
40	92	0	8	0.00060
28	73	0	8	0.00060
64	81	0	8	0.00060
16	78	0	8	0.00060
73	79	0	8	0.00060
41	47	0	8	0.00060
17	80	0	8	0.00060
77	92	0	8	0.00060
22	40	0	8	0.00059
17	60	0	8	0.00059
42	64	0	8	0.00059
64	77	0	8	0.00059
18	92	0	8	0.00059
52	56	0	8	0.00059
56	88	0	8	0.00059
12	29	0	8	0.00059
53	75	0	8	0.00059
14	35	0	8	0.00059
64	91	0	8	0.00058
51	56	0	8	0.00058
4	41	0	8	0.00058
58	84	0	8	0.00058
21	27	0	8	0.00058
35	72	0	8	0.00058
21	59	0	8	0.00058
31	60	0	8	0.00058
12	38	0	8	0.00058
11	49	0	8	0.00057
16	88	0	8	0.00057
22	41	0	8	0.00057
37	99	0	8	0.00057
25	69	0	8	0.00057
6	39	0	8	0.00057
20	26	0	8	0.00057
5	14	0	8	0.00057
21	72	0	8	0.00057
50	72	0	8	0.00057
60	83	0	8	0.00056
21	88	0	8	0.00056
15	29	0	8	0.00056
27	36	0	8	0.00056
24	65	0	8	0.00056
10	45	0	8	0.00056
7	59	0	8	0.00056
39	54	0	8	0.00056
73	77	0	8	0.00056
47	62	0	8	0.00056
79	89	0	8	0.00056
69	87	0	8	0.00056
20	91	0	8	0.00055
61	83	0	8	0.00055
9	42	0	8	0.00055
79	91	0	8	0.00055
10	36	0	8	0.00055
7	64	0	8	0.00055
11	35	0	8	0.00055
12	25	0	8	0.00055
66	81	0	8	0.00055
38	88	0	8	0.00055
12	58	0	8	0.00054
4	59	0	8	0.00054
7	32	0	8	0.00054
35	49	0	8	0.00054
18	43	0	8	0.00054
12	87	0	8	0.00054
11	14	0	8	0.00054
47	71	0	8	0.00054
69	83	0	8	0.00054
38	97	0	8	0.00054
50	64	0	8	0.00054
14	74	0	8	0.00054
14	76	0	8	0.00053
42	70	0	8	0.00053
28	68	0	8	0.00053
41	93	0	8	0.00053
16	57	0	8	0.00053
28	69	0	8	0.00053
5	35	0	8	0.00053
20	40	0	8	0.00053
14	77	0	8	0.00053
6	37	0	8	0.00053
17	77	0	8	0.00052
11	37	0	8	0.00052
86	94	0	8	0.00052
66	77	0	8	0.00052
34	52	0	8	0.00052
13	46	0	8	0.00052
62	96	0	8	0.00052
46	58	0	8	0.00052
63	90	0	8	0.00052
70	99	0	8	0.00051
18	78	0	8	0.00051
42	66	0	8	0.00051
29	58	0	8	0.00051
36	88	0	8	0.00051
17	33	0	8	0.00051
4	61	0	8	0.00051
20	59	0	8	0.00051
6	38	0	8	0.00051
53	88	0	8	0.00050
38	46	0	8	0.00050
7	60	0	8	0.00050
18	70	0	8	0.00050
60	82	0	8	0.00050
5	37	0	8	0.00050
44	60	0	8	0.00050
13	40	0	8	0.00050
12	34	0	8	0.00050
18	60	0	8	0.00050
34	99	0	8	0.00050
27	93	0	8	0.00050
21	40	0	8	0.00049
39	92	0	8	0.00049
40	93	0	8	0.00049
1	16	0	8	0.00049
37	55	0	8	0.00049
29	69	0	8	0.00049
44	96	0	8	0.00049
23	39	0	8	0.00049
21	45	0	8	0.00049
66	80	0	8	0.00048
58	85	0	8	0.00048
6	60	0	8	0.00048
12	88	0	8	0.00048
14	89	0	8	0.00048
40	88	0	8	0.00048
41	88	0	8	0.00048
70	98	0	8	0.00048
64	67	0	8	0.00048
13	78	0	8	0.00047
30	72	0	8	0.00047
50	67	0	8	0.00047
37	46	0	8	0.00047
4	43	0	8	0.00047
3	18	0	8	0.00046
13	17	0	8	0.00046
13	53	0	8	0.00046
39	55	0	8	0.00046
38	98	0	8	0.00046
40	98	0	8	0.00046
49	67	0	8	0.00046
8	43	0	8	0.00045
58	82	0	8	0.00045
63	85	0	8	0.00045
31	63	0	8	0.00045
7	42	0	8	0.00045
70	86	0	8	0.00045
28	57	0	8	0.00045
28	58	0	8	0.00045
24	37	0	8	0.00045
12	40	0	8	0.00045
20	47	0	8	0.00045
41	54	0	8	0.00045
20	53	0	8	0.00045
39	94	0	8	0.00045
12	80	0	8	0.00044
13	91	0	8	0.00044
12	42	0	8	0.00044
29	59	0	8	0.00044
17	21	0	8	0.00044
11	44	0	8	0.00044
18	72	0	8	0.00044
63	96	0	8	0.00044
61	85	0	8	0.00044
57	86	0	8	0.00044
17	34	0	8	0.00044
14	43	0	8	0.00044
23	68	0	8	0.00044
48	74	0	8	0.00043
11	42	0	8	0.00043
39	97	0	8	0.00043
34	49	0	8	0.00043
20	25	0	8	0.00043
4	37	0	8	0.00043
50	65	0	8	0.00043
7	19	0	8	0.00043
19	43	0	8	0.00043
60	71	0	8	0.00043
32	69	0	8	0.00043
84	94	0	8	0.00043
54	73	0	8	0.00043
14	84	0	8	0.00043
4	35	0	8	0.00042
38	92	0	8	0.00042
39	47	0	8	0.00042
41	97	0	8	0.00042
15	43	0	8	0.00042
27	37	0	8	0.00042
31	69	0	8	0.00042
61	96	0	8	0.00042
14	82	0	8	0.00042
40	87	0	8	0.00042
31	72	0	8	0.00042
39	68	0	8	0.00042
78	91	0	8	0.00042
62	79	0	8	0.00041
40	71	0	8	0.00041
40	96	0	8	0.00041
19	30	0	8	0.00041
31	95	0	8	0.00041
37	85	0	8	0.00041
13	26	0	8	0.00041
6	35	0	8	0.00040
45	49	0	8	0.00040
29	93	0	8	0.00040
47	67	0	8	0.00040
30	62	0	8	0.00040
6	36	0	8	0.00040
67	87	0	8	0.00040
33	51	0	8	0.00040
38	53	0	8	0.00040
25	73	0	8	0.00040
33	91	0	8	0.00040
46	91	0	8	0.00040
28	65	0	8	0.00040
18	29	0	8	0.00040
47	59	0	8	0.00040
8	19	0	8	0.00039
55	61	0	8	0.00039
61	93	0	8	0.00039
5	15	0	8	0.00039
42	53	0	8	0.00039
43	89	0	8	0.00039
30	94	0	8	0.00039
35	85	0	8	0.00039
66	74	0	8	0.00039
17	85	0	8	0.00039
44	91	0	8	0.00038
29	68	0	8	0.00038
42	65	0	8	0.00038
8	39	0	8	0.00038
45	50	0	8	0.00038
36	98	0	8	0.00038
64	80	0	8	0.00038
7	58	0	8	0.00038
44	94	0	8	0.00038
20	51	0	8	0.00038
12	76	0	8	0.00038
17	59	0	8	0.00038
42	67	0	8	0.00038
40	67	0	8	0.00038
20	72	0	8	0.00038
41	96	0	8	0.00038
4	38	0	8	0.00037
58	96	0	8	0.00037
63	94	0	8	0.00037
67	72	0	8	0.00037
4	14	0	8	0.00037
29	94	0	8	0.00037
25	64	0	8	0.00037
45	72	0	8	0.00037
26	71	0	8	0.00037
19	91	0	8	0.00036
21	43	0	8	0.00036
41	64	0	8	0.00036
19	50	0	8	0.00036
40	94	0	8	0.00036
51	66	0	8	0.00036
41	94	0	8	0.00036
42	96	0	8	0.00036
16	21	0	8	0.00036
49	66	0	8	0.00036
62	66	0	8	0.00036
41	46	0	8	0.00036
9	57	0	8	0.00036
66	76	0	8	0.00036
26	70	0	8	0.00036
11	52	0	8	0.00036
37	54	0	8	0.00036
51	67	0	8	0.00036
14	92	0	8	0.00036
15	53	0	8	0.00036
20	87	0	8	0.00036
7	33	0	8	0.00036
16	86	0	8	0.00036
18	84	0	8	0.00035
19	44	0	8	0.00035
7	34	0	8	0.00035
16	56	0	8	0.00035
4	36	0	8	0.00035
54	92	0	8	0.00035
37	68	0	8	0.00035
46	96	0	8	0.00035
27	59	0	8	0.00035
20	27	0	8	0.00034
8	63	0	8	0.00034
10	39	0	8	0.00034
13	60	0	8	0.00034
61	95	0	8	0.00034
35	99	0	8	0.00034
57	95	0	8	0.00034
13	58	0	8	0.00034
48	73	0	8	0.00034
60	96	0	8	0.00034
19	24	0	8	0.00034
42	71	0	8	0.00034
65	88	0	8	0.00034
58	86	0	8	0.00034
20	56	0	8	0.00034
43	92	0	8	0.00033
21	70	0	8	0.00033
61	90	0	8	0.00033
24	59	0	8	0.00033
9	36	0	8	0.00033
12	44	0	8	0.00033
59	88	0	8	0.00033
52	92	0	8	0.00033
65	96	0	8	0.00033
55	94	0	8	0.00033
12	35	0	8	0.00033
57	93	0	8	0.00033
12	41	0	8	0.00033
31	68	0	8	0.00033
57	89	0	8	0.00032
70	96	0	8	0.00032
19	59	0	8	0.00032
40	66	0	8	0.00032
38	86	0	8	0.00032
27	57	0	8	0.00032
14	50	0	8	0.00032
19	47	0	8	0.00032
46	95	0	8	0.00032
44	70	0	8	0.00032
23	65	0	8	0.00031
27	74	0	8	0.00031
59	87	0	8	0.00031
19	46	0	8	0.00031
55	86	0	8	0.00031
28	59	0	8	0.00031
70	84	0	8	0.00031
50	63	0	8	0.00031
77	91	0	8	0.00031
35	88	0	8	0.00031
12	47	0	8	0.00030
59	71	0	8	0.00030
36	48	0	8	0.00030
7	57	0	8	0.00030
43	73	0	8	0.00030
31	96	0	8	0.00030
36	52	0	8	0.00030
39	88	0	8	0.00030
10	42	0	8	0.00030
36	51	0	8	0.00030
20	60	0	8	0.00030
40	84	0	8	0.00030
9	39	0	8	0.00030
68	85	0	8	0.00030
57	85	0	8	0.00030
41	86	0	8	0.00030
8	40	0	8	0.00030
10	35	0	8	0.00030
13	44	0	8	0.00030
44	50	0	8	0.00030
35	51	0	8	0.00030
39	96	0	8	0.00030
31	61	0	8	0.00029
41	84	0	8	0.00029
15	45	0	8	0.00029
53	91	0	8	0.00029
45	73	0	8	0.00029
4	58	0	8	0.00029
61	92	0	8	0.00029
2	16	0	8	0.00029
41	67	0	8	0.00029
33	94	0	8	0.00029
65	85	0	8	0.00029
22	43	0	8	0.00029
55	74	0	8	0.00029
20	44	0	8	0.00029
36	87	0	8	0.00029
36	90	0	8	0.00029
23	37	0	8	0.00028
70	91	0	8	0.00028
37	53	0	8	0.00028
13	25	0	8	0.00028
16	30	0	8	0.00028
20	70	0	8	0.00028
62	69	0	8	0.00028
20	41	0	8	0.00028
4	15	0	8	0.00028
38	87	0	8	0.00028
39	84	0	8	0.00028
46	94	0	8	0.00028
20	54	0	8	0.00028
18	50	0	8	0.00028
61	84	0	8	0.00028
4	57	0	8	0.00028
45	94	0	8	0.00028
27	62	0	8	0.00028
62	94	0	8	0.00028
34	50	0	8	0.00028
32	94	0	8	0.00027
43	98	0	8	0.00027
8	41	0	8	0.00027
40	97	0	8	0.00027
62	91	0	8	0.00027
17	79	0	8	0.00027
8	20	0	8	0.00027
34	51	0	8	0.00027
37	98	0	8	0.00027
25	62	0	8	0.00027
29	62	0	8	0.00027
18	31	0	8	0.00027
23	63	0	8	0.00027
27	64	0	8	0.00027
20	68	0	8	0.00027
6	14	0	8	0.00027
10	37	0	8	0.00026
17	82	0	8	0.00026
10	14	0	8	0.00026
16	89	0	8	0.00026
42	95	0	8	0.00026
25	37	0	8	0.00026
14	34	0	8	0.00026
25	59	0	8	0.00026
60	89	0	8	0.00026
26	63	0	8	0.00026
14	56	0	8	0.00026
4	60	0	8	0.00026
53	57	0	8	0.00026
8	37	0	8	0.00026
35	86	0	8	0.00026
63	88	0	8	0.00026
41	66	0	8	0.00026
61	86	0	8	0.00026
39	86	0	8	0.00025
37	93	0	8	0.00025
50	61	0	8	0.00025
60	86	0	8	0.00025
40	86	0	8	0.00025
48	67	0	8	0.00025
24	55	0	8	0.00025
40	47	0	8	0.00025
8	36	0	8	0.00025
25	55	0	8	0.00025
44	52	0	8	0.00025
48	66	0	8	0.00025
26	57	0	8	0.00025
57	64	0	8	0.00025
41	89	0	8	0.00025
47	61	0	8	0.00024
50	69	0	8	0.00024
27	73	0	8	0.00024
54	59	0	8	0.00024
12	57	0	8	0.00024
68	90	0	8	0.00024
12	51	0	8	0.00024
16	50	0	8	0.00024
18	44	0	8	0.00024
72	80	0	8	0.00024
3	17	0	8	0.00024
39	46	0	8	0.00024
41	69	0	8	0.00024
7	63	0	8	0.00023
16	45	0	8	0.00023
11	45	0	8	0.00023
31	94	0	8	0.00023
55	85	0	8	0.00023
14	86	0	8	0.00023
19	88	0	8	0.00023
23	41	0	8	0.00023
41	68	0	8	0.00023
34	91	0	8	0.00023
42	91	0	8	0.00023
44	62	0	8	0.00023
40	89	0	8	0.00023
48	57	0	8	0.00023
41	87	0	8	0.00023
7	61	0	8	0.00023
7	13	0	8	0.00023
55	93	0	8	0.00023
23	61	0	8	0.00023
25	65	0	8	0.00023
45	60	0	8	0.00023
45	96	0	8	0.00023
7	62	0	8	0.00023
14	80	0	8	0.00023
37	84	0	8	0.00023
70	83	0	8	0.00023
69	73	0	8	0.00023
63	86	0	8	0.00023
29	73	0	8	0.00023
13	27	0	8	0.00023
19	90	0	8	0.00023
10	40	0	8	0.00022
14	57	0	8	0.00022
19	60	0	8	0.00022
71	76	0	8	0.00022
23	40	0	8	0.00022
28	62	0	8	0.00022
9	38	0	8	0.00022
34	70	0	8	0.00022
8	38	0	8	0.00022
15	52	0	8	0.00022
44	95	0	8	0.00022
14	79	0	8	0.00021
67	81	0	8	0.00021
26	72	0	8	0.00021
26	58	0	8	0.00021
44	51	0	8	0.00021
50	59	0	8	0.00021
44	67	0	8	0.00021
54	64	0	8	0.00021
7	39	0	8	0.00021
11	58	0	8	0.00021
21	61	0	8	0.00021
16	84	0	8	0.00021
7	40	0	8	0.00021
30	64	0	8	0.00021
15	28	0	8	0.00021
43	53	0	8	0.00021
37	88	0	8	0.00020
17	43	0	8	0.00020
71	82	0	8	0.00020
57	94	0	8	0.00020
19	86	0	8	0.00020
9	40	0	8	0.00020
6	15	0	8	0.00020
73	78	0	8	0.00020
15	51	0	8	0.00020
37	92	0	8	0.00020
24	70	0	8	0.00020
21	56	0	8	0.00020
30	60	0	8	0.00020
12	78	0	8	0.00020
39	87	0	8	0.00019
46	65	0	8	0.00019
40	69	0	8	0.00019
29	64	0	8	0.00019
36	68	0	8	0.00019
22	61	0	8	0.00019
58	89	0	8	0.00019
52	74	0	8	0.00019
20	52	0	8	0.00019
32	96	0	8	0.00019
23	57	0	8	0.00019
12	79	0	8	0.00019
61	81	0	8	0.00019
17	89	0	8	0.00019
16	53	0	8	0.00019
61	78	0	8	0.00019
63	76	0	8	0.00019
10	38	0	8	0.00019
43	94	0	8	0.00019
58	95	0	8	0.00019
58	93	0	8	0.00019
38	94	0	8	0.00019
26	61	0	8	0.00019
39	89	0	8	0.00018
11	40	0	8	0.00018
33	96	0	8	0.00018
27	58	0	8	0.00018
38	68	0	8	0.00018
50	68	0	8	0.00018
65	75	0	8	0.00018
45	51	0	8	0.00018
30	68	0	8	0.00018
17	78	0	8	0.00018
9	41	0	8	0.00018
30	71	0	8	0.00018
10	41	0	8	0.00018
7	20	0	8	0.00018
35	89	0	8	0.00018
7	43	0	8	0.00018
12	15	0	8	0.00018
22	57	0	8	0.00017
34	98	0	8	0.00017
43	97	0	8	0.00017
47	65	0	8	0.00017
13	48	0	8	0.00017
33	68	0	8	0.00017
36	95	0	8	0.00017
12	53	0	8	0.00017
44	71	0	8	0.00017
36	49	0	8	0.00017
37	97	0	8	0.00017
43	93	0	8	0.00017
32	68	0	8	0.00017
28	64	0	8	0.00017
18	58	0	8	0.00017
9	37	0	8	0.00017
36	94	0	8	0.00017
47	63	0	8	0.00017
16	22	0	8	0.00017
25	71	0	8	0.00017
54	66	0	8	0.00017
30	69	0	8	0.00017
14	58	0	8	0.00017
23	43	0	8	0.00017
18	89	0	8	0.00016
43	63	0	8	0.00016
50	62	0	8	0.00016
37	89	0	8	0.00016
63	68	0	8	0.00016
16	29	0	8	0.00016
71	81	0	8	0.00016
67	73	0	8	0.00016
7	41	0	8	0.00016
44	66	0	8	0.00016
40	68	0	8	0.00016
56	63	0	8	0.00016
40	46	0	8	0.00016
66	79	0	8	0.00016
7	37	0	8	0.00016
38	96	0	8	0.00016
23	55	0	8	0.00016
55	90	0	8	0.00016
46	66	0	8	0.00016
34	69	0	8	0.00016
9	43	0	8	0.00016
8	35	0	8	0.00016
51	68	0	8	0.00015
61	65	0	8	0.00015
72	79	0	8	0.00015
5	18	0	8	0.00015
60	70	0	8	0.00015
12	17	0	8	0.00015
51	71	0	8	0.00015
72	77	0	8	0.00015
24	63	0	8	0.00015
15	91	0	8	0.00015
9	35	0	8	0.00015
66	78	0	8	0.00015
15	55	0	8	0.00015
14	88	0	8	0.00015
37	86	0	8	0.00015
35	98	0	8	0.00015
39	53	0	8	0.00015
46	73	0	8	0.00015
24	72	0	8	0.00015
19	51	0	8	0.00015
46	67	0	8	0.00015
53	67	0	8	0.00014
16	55	0	8	0.00014
51	72	0	8	0.00014
40	53	0	8	0.00014
11	57	0	8	0.00014
19	26	0	8	0.00014
45	95	0	8	0.00014
52	73	0	8	0.00014
49	64	0	8	0.00014
55	60	0	8	0.00014
17	44	0	8	0.00014
12	28	0	8	0.00014
12	48	0	8	0.00014
14	78	0	8	0.00014
45	62	0	8	0.00014
14	53	0	8	0.00014
27	70	0	8	0.00014
14	90	0	8	0.00014
18	51	0	8	0.00014
13	41	0	8	0.00013
56	91	0	8	0.00013
56	92	0	8	0.00013
51	65	0	8	0.00013
67	75	0	8	0.00013
13	45	0	8	0.00013
69	81	0	8	0.00013
37	96	0	8	0.00013
15	46	0	8	0.00013
23	72	0	8	0.00013
59	70	0	8	0.00013
68	86	0	8	0.00013
40	95	0	8	0.00013
34	90	0	8	0.00013
44	65	0	8	0.00013
7	38	0	8	0.00013
61	88	0	8	0.00013
44	49	0	8	0.00013
49	65	0	8	0.00013
3	16	0	8	0.00013
56	66	0	8	0.00013
68	72	0	8	0.00013
55	88	0	8	0.00013
54	62	0	8	0.00013
60	90	0	8	0.00013
53	74	0	8	0.00013
12	56	0	8	0.00013
53	66	0	8	0.00013
13	51	0	8	0.00013
60	87	0	8	0.00013
20	45	0	8	0.00013
26	60	0	8	0.00012
36	96	0	8	0.00012
25	70	0	8	0.00012
15	49	0	8	0.00012
19	45	0	8	0.00012
18	56	0	8	0.00012
39	95	0	8	0.00012
27	63	0	8	0.00012
61	82	0	8	0.00012
23	60	0	8	0.00012
23	70	0	8	0.00012
38	95	0	8	0.00012
4	18	0	8	0.00012
18	86	0	8	0.00012
17	88	0	8	0.00012
20	49	0	8	0.00012
14	47	0	8	0.00012
41	95	0	8	0.00012
29	60	0	8	0.00012
48	64	0	8	0.00012
10	43	0	8	0.00012
34	93	0	8	0.00012
60	88	0	8	0.00012
37	94	0	8	0.00012
47	69	0	8	0.00012
35	87	0	8	0.00012
13	79	0	8	0.00012
59	94	0	8	0.00011
56	72	0	8	0.00011
12	27	0	8	0.00011
68	91	0	8	0.00011
22	55	0	8	0.00011
63	84	0	8	0.00011
35	70	0	8	0.00011
20	43	0	8	0.00011
28	71	0	8	0.00011
20	58	0	8	0.00011
44	63	0	8	0.00011
19	53	0	8	0.00011
54	71	0	8	0.00011
53	92	0	8	0.00011
18	45	0	8	0.00011
21	60	0	8	0.00011
42	68	0	8	0.00011
28	72	0	8	0.00011
43	70	0	8	0.00011
14	46	0	8	0.00011
13	52	0	8	0.00011
19	56	0	8	0.00011
44	64	0	8	0.00011
58	87	0	8	0.00011
60	93	0	8	0.00011
20	46	0	8	0.00010
16	51	0	8	0.00010
68	83	0	8	0.00010
35	94	0	8	0.00010
END