1   P C 100.6  -66.7  146.4  111.3  -99.4  3.5 12.7 0.989 0.007 0.004
2   Q C 120.5  -86.4  131.5  112.6 -117.3  6.6 12.3 0.938 0.016 0.046
3   I C  61.9 -103.1  130.0  117.3 -156.2 13.8 11.6 0.804 0.066 0.129
4   T C  75.5 -103.9  133.1  116.9 -160.0  6.5 18.2 0.734 0.095 0.171
5   L C  67.5  -79.7  -12.0  100.2 -154.9 13.9 13.4 0.787 0.124 0.089
6   W C 141.1  -78.5  -14.2   99.3   65.1  8.5 15.8 0.860 0.083 0.056
7   Q C  99.6 -101.4  125.9  115.6   74.6  6.5 16.8 0.901 0.026 0.073
8   R C  97.3  -99.6  132.5  118.4 -148.6 11.8 15.4 0.953 0.001 0.046
9   P C  37.3  -69.7  147.2  113.5 -107.6 15.4 15.6 0.947 0.001 0.052
10  L E  78.3  -95.2  130.8  116.1 -131.2  9.7 21.2 0.442 0.001 0.557
11  V E  16.8 -127.4  142.0  129.8 -174.2 21.2 15.3 0.186 0.000 0.813
12  T E  64.9  -97.7  129.0  116.1 -139.5  7.1 25.6 0.129 0.000 0.871
13  I E   9.0 -125.6  139.5  129.4 -172.7 24.7 14.4 0.036 0.000 0.964
14  K E 103.6 -104.0  127.8  117.2 -147.3  5.5 25.1 0.011 0.000 0.989
15  I E  17.9 -124.8  120.7  120.8 -173.6 21.3 11.4 0.036 0.000 0.964
16  G C  56.2   57.8   37.4   94.9  -15.1  2.9 15.6 0.999 0.001 0.000
17  G C  63.3   80.4    3.8   95.1  -49.5  1.6 14.9 0.999 0.001 0.000
18  Q E  98.2 -110.2  139.6  125.4  104.9  5.3 13.6 0.074 0.000 0.926
19  L E  84.5  -81.8  128.5  113.3 -123.7 11.7 15.6 0.057 0.000 0.942
20  K E  51.0 -135.9  151.3  133.0  177.4 13.6 17.4 0.038 0.001 0.961
21  E E  88.0 -105.3  134.1  120.1 -133.1  9.6 23.4 0.028 0.001 0.971
22  A E   7.8 -138.6  152.6  136.4  180.0 22.9 18.9 0.015 0.000 0.985
23  L E  34.6 -103.0  129.9  118.3 -138.9 15.4 27.1 0.014 0.000 0.986
24  L E   7.4 -105.0  127.7  118.9 -153.4 25.0 21.6 0.054 0.001 0.945
25  D E  37.1  -99.0  107.7  110.7 -155.0 13.3 26.2 0.364 0.002 0.634
26  T C  20.4  -93.2   -6.9  100.4 -178.8 21.1 16.6 0.880 0.010 0.110
27  G C  37.8   77.7    7.3  101.3 -106.8 10.3 20.3 0.957 0.017 0.026
28  A C  35.2  -86.7  127.3  111.9  126.8 15.0 14.2 0.895 0.054 0.051
29  D C  93.4  -89.0   12.7  103.0 -163.4  6.8 18.6 0.878 0.100 0.023
30  D C  55.7  -98.5  129.6  116.4  105.8 13.1 16.5 0.701 0.219 0.079
31  T C  34.4 -102.1  135.2  118.6 -156.0 13.3 21.8 0.484 0.280 0.235
32  V H  22.8  -74.5  -29.1   98.6 -144.5 21.1 19.1 0.259 0.392 0.349
33  L H  16.9  -74.0  -30.4   97.9   54.1 22.8 16.3 0.230 0.402 0.368
34  E H 104.2  -69.7  -31.9   95.3   63.4  8.1 20.0 0.317 0.415 0.269
35  E H 107.4  -84.9  -13.3   98.1   47.0  4.8 20.4 0.393 0.415 0.192
36  M C  32.0  -79.7  -13.2  102.3   68.3 20.0 12.5 0.750 0.171 0.079
37  S C  62.4  -89.6   30.9  103.1  102.3  7.8 20.7 0.893 0.045 0.062
38  L C  38.2  -87.0  134.2  116.0  132.3 16.7 12.5 0.977 0.001 0.022
39  P C  78.1  -67.0  141.2  108.8 -103.9  7.5 17.1 0.982 0.011 0.007
40  G C  46.1   86.8  -88.3  109.7   12.2  5.4 15.4 0.947 0.028 0.025
41  R C 135.5  -97.5  116.2  112.6   78.0  6.0 16.1 0.920 0.017 0.063
42  W C  65.9  -98.1  135.5  118.7 -164.7 18.5 12.2 0.934 0.004 0.062
43  K C 121.3 -111.2  131.0  120.2 -155.6  4.8 21.9 0.951 0.001 0.049
44  P C  53.8  -71.0  143.1  113.7 -108.9 15.6 14.7 0.958 0.004 0.038
45  K E  87.4 -118.4  139.9  123.9 -165.2 10.0 18.6 0.251 0.005 0.744
46  M E  79.7  -97.7  127.8  116.3 -134.1 12.0 19.2 0.099 0.002 0.900
47  I E  43.4 -112.3  123.2  117.4 -173.3 15.8 16.8 0.103 0.002 0.895
48  G E  23.9 -166.3  166.8  135.5 -106.7 10.5 21.2 0.198 0.003 0.799
49  G E  19.2 -149.7  164.4  134.1  179.9 15.2 17.1 0.225 0.004 0.771
50  I E  89.5 -108.7  127.7  117.3 -103.6  9.1 17.6 0.238 0.007 0.755
51  G C  55.0   71.3   13.5   99.2    3.0  3.1 17.1 0.948 0.007 0.045
52  G C  41.7   86.9  -11.3  105.8  -61.8  6.9 16.0 0.894 0.013 0.094
53  F E 101.4 -104.8  136.4  119.6  107.1  7.7 17.3 0.248 0.005 0.747
54  I E  35.2 -113.2  134.9  123.0 -160.8 18.6 13.7 0.084 0.001 0.915
55  K E 116.4 -102.3  128.1  116.9 -147.5  4.9 23.1 0.086 0.002 0.911
56  V E  39.1 -100.3  130.4  118.4 -148.2 19.0 13.8 0.105 0.003 0.892
57  R E 111.5 -102.4   34.4  110.3 -173.3  8.0 18.3 0.165 0.008 0.827
58  Q E  80.9 -128.8  143.4  127.5  -39.6  9.3 20.0 0.123 0.007 0.870
59  Y E  59.6 -128.4  145.2  128.8 -172.1 16.5 16.1 0.078 0.003 0.919
60  D E  70.2 -115.6  138.4  119.4 -164.8  9.1 19.2 0.075 0.004 0.921
61  Q E  87.4 -105.9  128.7  118.4 -127.5 10.3 20.5 0.083 0.004 0.913
62  I E  18.9 -121.4  136.2  126.0 -172.1 20.7 15.6 0.093 0.001 0.906
63  L E  81.2  -89.7  125.2  113.0 -135.9  7.2 25.3 0.121 0.001 0.878
64  I E   9.2 -126.6  140.6  130.1 -174.9 24.5 13.6 0.040 0.000 0.959
65  E E  89.4 -105.3  125.3  116.5 -148.0  5.9 26.8 0.018 0.000 0.982
66  I E  10.1 -126.6  126.5  124.1 -172.2 23.6 13.9 0.034 0.001 0.966
67  C C  56.2   58.0   38.5   95.2  -12.5 10.6 16.3 0.994 0.003 0.003
68  G C  60.7   81.0    4.2   94.7  -50.4  1.9 16.9 0.998 0.001 0.001
69  H E  74.8 -108.3  140.7  124.6  109.5 11.5 14.0 0.076 0.000 0.924
70  K E 121.9  -92.4  131.4  116.0 -131.7  5.8 21.6 0.028 0.000 0.972
71  A E  11.9 -136.2  151.1  135.3  179.2 21.5 14.7 0.030 0.000 0.970
72  I E  73.5 -115.0  133.4  121.9 -144.7  8.9 25.4 0.026 0.000 0.974
73  G E   8.7 -172.0  174.6  145.8  128.4 16.4 20.6 0.043 0.000 0.957
74  T E  41.3 -114.1  140.7  124.5  -84.8 12.3 26.6 0.026 0.000 0.974
75  V E   3.9 -120.6  132.6  125.1 -161.2 26.1 19.4 0.011 0.000 0.989
76  L E  36.1 -102.7  124.6  116.4 -153.0 13.8 28.1 0.018 0.000 0.982
77  V E   9.3 -114.7  127.0  121.3 -168.5 24.4 18.9 0.133 0.000 0.867
78  G C  16.3 -174.7 -176.3  131.3 -169.1 13.3 21.5 0.856 0.001 0.143
79  P C  93.6  -75.9    1.4   99.9  -40.7  5.6 20.2 0.982 0.000 0.018
80  T C  51.9 -107.7  134.6  121.8   83.0 11.7 15.6 0.975 0.000 0.025
81  P C  68.9  -69.8  135.9  108.9 -107.9 10.4 19.7 0.972 0.017 0.011
82  V C  28.9 -114.0  134.9  122.4 -168.0 18.8 17.3 0.749 0.086 0.166
83  N C  44.1  -87.4  108.6  109.1 -135.6 14.5 25.9 0.550 0.123 0.328
84  I C  13.4  -92.0  -10.7  103.1 -176.3 23.1 21.7 0.441 0.190 0.370
85  I C  15.3 -101.9   49.7  110.6   59.7 22.9 21.8 0.440 0.179 0.381
86  G C  14.1  102.4 -165.9  122.7  -76.8 15.7 23.2 0.687 0.188 0.125
87  R H  95.3  -64.2  -34.0   94.5  -69.7 14.9 20.0 0.206 0.793 0.001
88  N H  83.9  -67.1  -35.9   93.4   53.2  5.3 22.6 0.073 0.927 0.000
89  L H  15.8  -66.0  -42.8   94.1   51.4 18.6 17.8 0.004 0.996 0.000
90  L H  17.3  -65.1  -40.8   93.9   51.3 21.5 16.9 0.002 0.998 0.000
91  T H  79.6  -67.0  -36.9   93.1   51.1  4.9 19.8 0.006 0.994 0.000
92  Q H 104.0  -70.8  -32.5   92.6   49.5  4.1 19.7 0.045 0.955 0.000
93  I H  22.8  -96.2   -5.2   97.8   40.9 18.8 12.7 0.327 0.672 0.000
94  G C  46.9   77.1   17.0   95.4 -110.3  4.1 23.7 0.998 0.001 0.001
95  C C  11.1 -103.2  143.3  124.1  152.6 23.7 11.5 0.965 0.000 0.035
96  T E  75.1 -112.8  134.1  121.6 -154.0  5.4 25.3 0.427 0.001 0.572
97  L C  32.0  -96.4  126.0  115.8 -145.6 21.2 14.9 0.513 0.003 0.484
98  N C  78.2  -98.0   95.9  108.5 -157.4  7.4 21.1 0.838 0.002 0.160
99  F C  68.4  -93.2   10.4  103.0  179.4 16.4 13.6 0.994 0.000 0.006
