PFRMAT RR
TARGET 596003
AUTHOR RaptorX
METHOD deep dilated convolutional residual neural networks by Jinbo Xu (jinboxu@gmail.com)
RMODE 1
REMARK format is explained at https://predictioncenter.org/casp14/index.cgi?page=format#RR
REMARK SEQ KLPPGWEKRMSRSSGRVYYFNHITNASQWERPSGNSSSG
MODEL 1
8 17 0.393
10 17 0.326
7 22 0.249
9 17 0.235
5 22 0.177
10 16 0.157
7 20 0.150
1 34 0.148
1 33 0.142
8 16 0.129
1 31 0.127
5 23 0.124
4 22 0.105
7 17 0.102
8 19 0.099
1 32 0.090
8 18 0.087
4 23 0.087
9 20 0.086
8 20 0.085
7 21 0.081
4 34 0.077
9 16 0.074
8 15 0.072
9 18 0.068
2 31 0.067
9 15 0.065
11 17 0.064
3 31 0.064
4 31 0.064
1 35 0.062
6 22 0.061
9 19 0.055
7 19 0.054
4 33 0.052
5 21 0.052
9 22 0.052
2 34 0.050
3 23 0.050
4 32 0.050
10 18 0.050
2 32 0.050
8 22 0.049
4 35 0.049
3 34 0.049
3 32 0.048
1 30 0.046
8 14 0.043
3 33 0.042
2 33 0.042
6 17 0.041
9 21 0.037
3 35 0.036
8 21 0.036
2 35 0.035
7 18 0.034
3 22 0.033
1 36 0.033
2 30 0.032
6 19 0.032
7 23 0.032
3 37 0.030
4 21 0.030
14 36 0.029
4 36 0.028
6 21 0.026
14 35 0.026
6 18 0.026
4 37 0.026
12 35 0.026
3 36 0.024
1 37 0.023
6 23 0.022
21 27 0.022
12 36 0.022
3 30 0.021
10 19 0.021
5 34 0.020
20 26 0.020
6 20 0.020
4 30 0.020
11 18 0.020
4 29 0.020
1 29 0.018
5 31 0.018
2 29 0.018
13 35 0.018
3 25 0.017
3 24 0.017
14 34 0.017
14 37 0.017
24 32 0.017
1 38 0.016
12 37 0.016
8 31 0.016
5 35 0.016
3 29 0.016
4 38 0.015
21 28 0.015
2 23 0.014
5 33 0.014
4 24 0.014
2 37 0.014
8 32 0.013
13 37 0.013
8 23 0.013
2 36 0.013
10 22 0.013
13 36 0.013
3 38 0.012
5 37 0.012
5 20 0.012
6 31 0.011
31 37 0.011
1 39 0.011
8 35 0.011
5 36 0.011
12 33 0.011
5 25 0.011
5 32 0.011
6 29 0.011
15 36 0.011
6 32 0.011
3 21 0.011
7 16 0.011
5 19 0.011
5 24 0.010
14 33 0.010
4 25 0.010
4 39 0.010
13 34 0.010
13 33 0.010
15 37 0.010
10 20 0.010
33 39 0.009
11 35 0.009
12 34 0.009
14 32 0.009
8 33 0.009
3 39 0.009
25 32 0.009
15 35 0.009
3 26 0.009
6 37 0.009
11 36 0.009
25 35 0.008
8 36 0.008
7 31 0.008
24 34 0.008
15 32 0.008
2 22 0.008
24 35 0.008
5 29 0.008
6 36 0.008
19 32 0.008
15 34 0.008
8 34 0.008
11 37 0.008
5 30 0.008
21 32 0.008
1 23 0.007
9 23 0.007
6 35 0.007
26 32 0.007
19 25 0.007
16 37 0.007
14 38 0.007
7 35 0.007
24 30 0.007
16 35 0.007
11 19 0.007
25 34 0.007
5 17 0.007
2 28 0.007
12 38 0.007
21 35 0.007
10 21 0.007
25 37 0.007
7 36 0.007
13 32 0.007
5 18 0.007
14 39 0.007
3 28 0.007
31 39 0.007
16 38 0.006
1 14 0.006
25 33 0.006
7 32 0.006
20 27 0.006
1 28 0.006
7 15 0.006
9 31 0.006
31 38 0.006
2 38 0.006
3 9 0.006
24 31 0.006
26 35 0.006
3 27 0.006
7 33 0.006
16 39 0.006
6 30 0.006
6 33 0.006
11 31 0.006
13 39 0.006
12 32 0.006
7 24 0.006
26 34 0.006
16 36 0.006
18 26 0.006
27 33 0.006
19 26 0.006
6 28 0.006
21 34 0.006
4 28 0.006
2 39 0.006
16 34 0.006
18 27 0.006
4 20 0.006
11 34 0.005
15 33 0.005
7 34 0.005
1 13 0.005
15 39 0.005
1 12 0.005
7 37 0.005
26 37 0.005
12 39 0.005
18 32 0.005
29 35 0.005
32 39 0.005
10 35 0.005
10 37 0.005
7 14 0.005
2 25 0.005
24 37 0.005
23 34 0.005
21 37 0.005
9 37 0.005
1 11 0.005
8 37 0.005
10 31 0.005
24 33 0.005
5 38 0.005
15 38 0.005
6 34 0.005
6 16 0.005
10 36 0.005
6 25 0.005
4 27 0.005
5 39 0.005
18 24 0.005
11 22 0.005
4 26 0.005
1 7 0.005
13 31 0.005
21 29 0.005
5 27 0.005
14 31 0.005
23 35 0.005
20 32 0.005
1 22 0.005
25 31 0.005
28 34 0.005
23 32 0.005
11 33 0.005
32 38 0.005
16 32 0.005
22 35 0.005
17 35 0.005
18 29 0.004
9 35 0.004
10 39 0.004
5 11 0.004
15 31 0.004
2 24 0.004
8 38 0.004
26 39 0.004
9 32 0.004
22 32 0.004
30 37 0.004
21 36 0.004
1 9 0.004
11 21 0.004
26 33 0.004
6 39 0.004
4 19 0.004
7 39 0.004
22 34 0.004
9 36 0.004
13 38 0.004
5 26 0.004
19 35 0.004
28 35 0.004
1 15 0.004
2 26 0.004
1 25 0.004
19 27 0.004
25 36 0.004
1 27 0.004
2 14 0.004
6 24 0.004
8 30 0.004
25 39 0.004
11 20 0.004
3 14 0.004
5 28 0.004
12 31 0.004
6 27 0.004
1 24 0.004
11 39 0.004
1 10 0.004
8 39 0.004
11 32 0.004
18 34 0.004
21 33 0.004
2 27 0.004
7 29 0.004
6 38 0.004
22 28 0.004
10 38 0.004
2 9 0.004
9 34 0.004
7 13 0.004
9 33 0.004
18 35 0.003
30 36 0.003
1 17 0.003
1 26 0.003
22 31 0.003
8 29 0.003
24 39 0.003
6 12 0.003
11 29 0.003
17 39 0.003
29 37 0.003
27 37 0.003
3 19 0.003
18 31 0.003
28 37 0.003
2 21 0.003
10 32 0.003
24 36 0.003
23 39 0.003
7 25 0.003
18 39 0.003
21 31 0.003
26 36 0.003
23 36 0.003
18 25 0.003
10 34 0.003
30 39 0.003
27 35 0.003
20 35 0.003
19 34 0.003
10 29 0.003
10 27 0.003
19 33 0.003
20 28 0.003
3 18 0.003
16 33 0.003
25 38 0.003
18 28 0.003
19 31 0.003
10 33 0.003
23 37 0.003
9 27 0.003
22 29 0.003
9 39 0.003
19 39 0.003
3 11 0.003
4 18 0.003
11 30 0.003
27 34 0.003
2 8 0.003
28 39 0.003
1 21 0.003
23 31 0.003
1 16 0.003
21 39 0.003
22 37 0.003
3 20 0.003
18 33 0.003
1 8 0.003
20 34 0.003
21 30 0.003
27 36 0.003
17 32 0.003
12 18 0.003
22 39 0.003
27 39 0.003
10 30 0.003
11 38 0.003
12 29 0.003
18 30 0.003
29 36 0.003
7 26 0.003
7 30 0.003
12 30 0.003
29 39 0.003
19 28 0.003
4 11 0.003
18 37 0.003
23 33 0.002
3 15 0.002
6 26 0.002
8 24 0.002
4 10 0.002
2 12 0.002
23 29 0.002
13 30 0.002
12 27 0.002
16 31 0.002
9 38 0.002
7 27 0.002
3 17 0.002
17 37 0.002
3 10 0.002
3 12 0.002
11 27 0.002
17 36 0.002
2 19 0.002
19 29 0.002
19 37 0.002
23 30 0.002
17 34 0.002
14 30 0.002
15 30 0.002
7 38 0.002
28 36 0.002
5 12 0.002
22 33 0.002
6 15 0.002
10 23 0.002
9 30 0.002
3 13 0.002
26 38 0.002
20 31 0.002
2 15 0.002
24 38 0.002
19 36 0.002
12 28 0.002
4 17 0.002
2 11 0.002
4 12 0.002
22 30 0.002
6 14 0.002
2 13 0.002
20 39 0.002
9 29 0.002
18 36 0.002
22 36 0.002
8 28 0.002
17 38 0.002
16 30 0.002
13 29 0.002
1 19 0.002
7 28 0.002
15 21 0.002
2 17 0.002
4 14 0.002
20 36 0.002
8 27 0.002
2 20 0.002
2 10 0.002
13 27 0.002
12 21 0.002
21 38 0.002
11 23 0.002
30 38 0.002
20 37 0.002
23 38 0.002
1 20 0.002
1 18 0.002
2 18 0.002
20 33 0.002
9 24 0.002
15 29 0.002
14 29 0.002
17 33 0.002
5 16 0.002
18 38 0.002
5 14 0.002
10 28 0.002
11 28 0.002
20 29 0.002
14 27 0.002
12 22 0.001
17 30 0.001
19 38 0.001
27 38 0.001
28 38 0.001
12 20 0.001
10 24 0.001
8 25 0.001
12 26 0.001
29 38 0.001
5 13 0.001
17 27 0.001
19 30 0.001
2 16 0.001
17 24 0.001
22 38 0.001
17 29 0.001
11 24 0.001
15 27 0.001
17 31 0.001
13 28 0.001
5 15 0.001
12 19 0.001
8 26 0.001
3 16 0.001
4 13 0.001
10 26 0.001
6 13 0.001
9 26 0.001
4 16 0.001
15 28 0.001
15 22 0.001
11 25 0.001
16 29 0.001
4 15 0.001
11 26 0.001
9 25 0.001
13 21 0.001
17 26 0.001
20 30 0.001
14 26 0.001
14 24 0.001
12 24 0.001
15 26 0.001
15 24 0.001
17 25 0.001
10 25 0.001
16 24 0.001
9 28 0.001
14 28 0.001
13 24 0.001
12 23 0.001
17 28 0.001
13 22 0.001
12 25 0.001
14 25 0.001
16 26 0.001
14 21 0.001
15 23 0.001
20 38 0.001
16 22 0.001
15 25 0.001
13 20 0.001
13 26 0.001
16 27 0.001
13 23 0.001
14 22 0.001
16 28 0.001
17 23 0.001
16 23 0.001
16 25 0.001
14 20 0.001
13 25 0.001
14 23 0.001
13 19 0.001
END