1 3 0 8  0.4038051962852478
1 4 0 8  0.29347556829452515
1 5 0 8  0.2357378453016281
1 6 0 8  0.00692506181076169
1 7 0 8  0.012336183339357376
1 8 0 8  0.004016414284706116
1 9 0 8  0.0035442281514406204
1 10 0 8  0.004714129492640495
1 11 0 8  0.0023876195773482323
1 12 0 8  0.002713956404477358
1 13 0 8  0.0023210360668599606
1 14 0 8  0.0023545832373201847
1 15 0 8  0.0025197055656462908
1 16 0 8  0.0025796685367822647
1 17 0 8  0.003555523930117488
1 18 0 8  0.0023482057731598616
1 19 0 8  0.006865477189421654
1 20 0 8  0.002563170623034239
1 21 0 8  0.011873635463416576
1 22 0 8  0.005219109356403351
1 23 0 8  0.02118499204516411
1 24 0 8  0.005999960470944643
1 25 0 8  0.004083736799657345
1 26 0 8  0.0029647764749825
1 27 0 8  0.0035800812765955925
1 28 0 8  0.010465520434081554
1 29 0 8  0.004022082779556513
1 30 0 8  0.020739424973726273
1 31 0 8  0.2889998257160187
1 32 0 8  0.29408636689186096
1 33 0 8  0.17283442616462708
1 34 0 8  0.08580686151981354
1 35 0 8  0.061345428228378296
1 36 0 8  0.09763385355472565
1 37 0 8  0.05219288915395737
1 38 0 8  0.059913814067840576
1 39 0 8  0.043491996824741364
2 4 0 8  0.5599905848503113
2 5 0 8  0.602138340473175
2 6 0 8  0.6992040872573853
2 7 0 8  0.4525150954723358
2 8 0 8  0.010244063101708889
2 9 0 8  0.008895769715309143
2 10 0 8  0.006732453592121601
2 11 0 8  0.0024797790683805943
2 12 0 8  0.0023350496776401997
2 13 0 8  0.002187442034482956
2 14 0 8  0.0022451747208833694
2 15 0 8  0.002331980038434267
2 16 0 8  0.0024039908312261105
2 17 0 8  0.00714068254455924
2 18 0 8  0.008811546489596367
2 19 0 8  0.6198635101318359
2 20 0 8  0.00889616273343563
2 21 0 8  0.050425320863723755
2 22 0 8  0.009141510352492332
2 23 0 8  0.026100486516952515
2 24 0 8  0.006623665802180767
2 25 0 8  0.003946134354919195
2 26 0 8  0.0027909495402127504
2 27 0 8  0.005156792234629393
2 28 0 8  0.2071715146303177
2 29 0 8  0.02723812870681286
2 30 0 8  0.011068767867982388
2 31 0 8  0.23165960609912872
2 32 0 8  0.4266470670700073
2 33 0 8  0.09075328707695007
2 34 0 8  0.061219505965709686
2 35 0 8  0.05002712458372116
2 36 0 8  0.08175578713417053
2 37 0 8  0.04995002970099449
2 38 0 8  0.08362694829702377
2 39 0 8  0.03906765207648277
3 5 0 8  0.6516217589378357
3 6 0 8  0.8239085078239441
3 7 0 8  0.6843901872634888
3 8 0 8  0.009700777009129524
3 9 0 8  0.008690482005476952
3 10 0 8  0.004186168313026428
3 11 0 8  0.0026289867237210274
3 12 0 8  0.0025415457785129547
3 13 0 8  0.0022513389121741056
3 14 0 8  0.002235178602859378
3 15 0 8  0.002130812034010887
3 16 0 8  0.002252554288133979
3 17 0 8  0.007082254625856876
3 18 0 8  0.00273260660469532
3 19 0 8  0.4097360074520111
3 20 0 8  0.010450136847794056
3 21 0 8  0.12023130059242249
3 22 0 8  0.02143775299191475
3 23 0 8  0.05375667288899422
3 24 0 8  0.0068215616047382355
3 25 0 8  0.004100697115063667
3 26 0 8  0.00407736049965024
3 27 0 8  0.006670082453638315
3 28 0 8  0.1240777000784874
3 29 0 8  0.010200489312410355
3 30 0 8  0.0050591714680194855
3 31 0 8  0.11845774948596954
3 32 0 8  0.4228137731552124
3 33 0 8  0.12634368240833282
3 34 0 8  0.08501579612493515
3 35 0 8  0.028492286801338196
3 36 0 8  0.11185535043478012
3 37 0 8  0.03795936331152916
3 38 0 8  0.050340257585048676
3 39 0 8  0.05013018101453781
4 6 0 8  0.5749553442001343
4 7 0 8  0.4029640257358551
4 8 0 8  0.2411065697669983
4 9 0 8  0.002705284394323826
4 10 0 8  0.0022487728856503963
4 11 0 8  0.0019950284622609615
4 12 0 8  0.0021625952795147896
4 13 0 8  0.002028967719525099
4 14 0 8  0.0018302372191101313
4 15 0 8  0.001813964219763875
4 16 0 8  0.0018900950672104955
4 17 0 8  0.0019531373400241137
4 18 0 8  0.0018803542479872704
4 19 0 8  0.008056274615228176
4 20 0 8  0.002779443049803376
4 21 0 8  0.10992565006017685
4 22 0 8  0.24676451086997986
4 23 0 8  0.664932370185852
4 24 0 8  0.0101949917152524
4 25 0 8  0.003917746711522341
4 26 0 8  0.0027830246835947037
4 27 0 8  0.0031621125526726246
4 28 0 8  0.003808343317359686
4 29 0 8  0.0029097278602421284
4 30 0 8  0.0024882329162210226
4 31 0 8  0.0027633223216980696
4 32 0 8  0.024265803396701813
4 33 0 8  0.055648643523454666
4 34 0 8  0.06199364364147186
4 35 0 8  0.03822174295783043
4 36 0 8  0.025240469723939896
4 37 0 8  0.027744436636567116
4 38 0 8  0.02403854951262474
4 39 0 8  0.028960730880498886
5 7 0 8  0.578188955783844
5 8 0 8  0.375728577375412
5 9 0 8  0.33343857526779175
5 10 0 8  0.0021088116336613894
5 11 0 8  0.0020350543782114983
5 12 0 8  0.002182957250624895
5 13 0 8  0.002024436602368951
5 14 0 8  0.0019339004065841436
5 15 0 8  0.001816584262996912
5 16 0 8  0.0019061942584812641
5 17 0 8  0.0020704851485788822
5 18 0 8  0.002091174479573965
5 19 0 8  0.0038429703563451767
5 20 0 8  0.004547440446913242
5 21 0 8  0.9492403268814087
5 22 0 8  0.9895323514938354
5 23 0 8  0.9793398380279541
5 24 0 8  0.04090255871415138
5 25 0 8  0.016317425295710564
5 26 0 8  0.0036129080690443516
5 27 0 8  0.005251666530966759
5 28 0 8  0.007103077135980129
5 29 0 8  0.0025647245347499847
5 30 0 8  0.0021209674887359142
5 31 0 8  0.002189231337979436
5 32 0 8  0.0038410816341638565
5 33 0 8  0.003180490806698799
5 34 0 8  0.004616329446434975
5 35 0 8  0.006265397183597088
5 36 0 8  0.007198244333267212
5 37 0 8  0.006340294145047665
5 38 0 8  0.0083058075979352
5 39 0 8  0.009847946465015411
6 8 0 8  0.5235517621040344
6 9 0 8  0.5401172041893005
6 10 0 8  0.30470943450927734
6 11 0 8  0.0023380261845886707
6 12 0 8  0.002256180625408888
6 13 0 8  0.0018655863823369145
6 14 0 8  0.0019489576807245612
6 15 0 8  0.0019262558780610561
6 16 0 8  0.0020690299570560455
6 17 0 8  0.0034876023419201374
6 18 0 8  0.0026433831080794334
6 19 0 8  0.9935134649276733
6 20 0 8  0.9848036766052246
6 21 0 8  0.995418906211853
6 22 0 8  0.9460738301277161
6 23 0 8  0.06684523820877075
6 24 0 8  0.004263789393007755
6 25 0 8  0.003316344227641821
6 26 0 8  0.0030588340014219284
6 27 0 8  0.02259649522602558
6 28 0 8  0.2560173273086548
6 29 0 8  0.04321827366948128
6 30 0 8  0.11800453066825867
6 31 0 8  0.005264400038868189
6 32 0 8  0.35193559527397156
6 33 0 8  0.0041935318149626255
6 34 0 8  0.004433782771229744
6 35 0 8  0.0033939210698008537
6 36 0 8  0.0038161268457770348
6 37 0 8  0.0038918722420930862
6 38 0 8  0.0036800415255129337
6 39 0 8  0.003936374094337225
7 9 0 8  0.48338162899017334
7 10 0 8  0.22835443913936615
7 11 0 8  0.10184180736541748
7 12 0 8  0.0019670375622808933
7 13 0 8  0.0017192056402564049
7 14 0 8  0.0017738726455718279
7 15 0 8  0.0017893791664391756
7 16 0 8  0.002033462282270193
7 17 0 8  0.003064126241952181
7 18 0 8  0.008094939403235912
7 19 0 8  0.9291367530822754
7 20 0 8  0.9927419424057007
7 21 0 8  0.33592066168785095
7 22 0 8  0.9880599975585938
7 23 0 8  0.004887990653514862
7 24 0 8  0.006261445581912994
7 25 0 8  0.09260394424200058
7 26 0 8  0.0037358636036515236
7 27 0 8  0.14297690987586975
7 28 0 8  0.002350880764424801
7 29 0 8  0.006669389083981514
7 30 0 8  0.002161489799618721
7 31 0 8  0.002141391159966588
7 32 0 8  0.003480255138128996
7 33 0 8  0.0020707231014966965
7 34 0 8  0.002119561191648245
7 35 0 8  0.002386204432696104
7 36 0 8  0.0024106106720864773
7 37 0 8  0.0029271882958710194
7 38 0 8  0.002818154636770487
7 39 0 8  0.0033944877795875072
8 10 0 8  0.29716604948043823
8 11 0 8  0.21873682737350464
8 12 0 8  0.20631802082061768
8 13 0 8  0.0024018490221351385
8 14 0 8  0.0031115515157580376
8 15 0 8  0.0030368734151124954
8 16 0 8  0.004209156148135662
8 17 0 8  0.9966435432434082
8 18 0 8  0.9269863367080688
8 19 0 8  0.9932867288589478
8 20 0 8  0.6222716569900513
8 21 0 8  0.001778998295776546
8 22 0 8  0.001755960751324892
8 23 0 8  0.001256695599295199
8 24 0 8  0.0017182889860123396
8 25 0 8  0.0018503885949030519
8 26 0 8  0.0016591211315244436
8 27 0 8  0.0028599100187420845
8 28 0 8  0.001955426996573806
8 29 0 8  0.0029427134431898594
8 30 0 8  0.0076466090977191925
8 31 0 8  0.0035693941172212362
8 32 0 8  0.05204922705888748
8 33 0 8  0.0030574386473745108
8 34 0 8  0.0027892584912478924
8 35 0 8  0.0027368797454982996
8 36 0 8  0.0025187856517732143
8 37 0 8  0.002897377358749509
8 38 0 8  0.003096015192568302
8 39 0 8  0.004818625748157501
9 11 0 8  0.3208456039428711
9 12 0 8  0.26019078493118286
9 13 0 8  0.04051770642399788
9 14 0 8  0.0020597288385033607
9 15 0 8  0.0025059692561626434
9 16 0 8  0.00686995591968298
9 17 0 8  0.9848645925521851
9 18 0 8  0.9952002763748169
9 19 0 8  0.7066315412521362
9 20 0 8  0.9902242422103882
9 21 0 8  0.0019685481674969196
9 22 0 8  0.007512393873184919
9 23 0 8  0.0021115709096193314
9 24 0 8  0.00288798613473773
9 25 0 8  0.023722771555185318
9 26 0 8  0.002929519396275282
9 27 0 8  0.7449132204055786
9 28 0 8  0.005010847933590412
9 29 0 8  0.5163281559944153
9 30 0 8  0.0028323945589363575
9 31 0 8  0.0028864583000540733
9 32 0 8  0.0067335497587919235
9 33 0 8  0.002094622701406479
9 34 0 8  0.0025729197077453136
9 35 0 8  0.0023301630280911922
9 36 0 8  0.0024084439501166344
9 37 0 8  0.0029494566842913628
9 38 0 8  0.0027259825728833675
9 39 0 8  0.003198889084160328
10 12 0 8  0.31841957569122314
10 13 0 8  0.20069412887096405
10 14 0 8  0.4936160445213318
10 15 0 8  0.5562300682067871
10 16 0 8  0.9646021127700806
10 17 0 8  0.9948422312736511
10 18 0 8  0.8401632905006409
10 19 0 8  0.002495467197149992
10 20 0 8  0.002209710655733943
10 21 0 8  0.0013760421425104141
10 22 0 8  0.0017439521616324782
10 23 0 8  0.0016745782922953367
10 24 0 8  0.001920156180858612
10 25 0 8  0.0018362886039540172
10 26 0 8  0.002065790817141533
10 27 0 8  0.002611595205962658
10 28 0 8  0.0014712560223415494
10 29 0 8  0.004410880617797375
10 30 0 8  0.0021551717072725296
10 31 0 8  0.0021143797785043716
10 32 0 8  0.011260426603257656
10 33 0 8  0.002126414328813553
10 34 0 8  0.003010350512340665
10 35 0 8  0.00351478299126029
10 36 0 8  0.003067060373723507
10 37 0 8  0.0029550311155617237
10 38 0 8  0.0032457399647682905
10 39 0 8  0.004979413468390703
11 13 0 8  0.6065505743026733
11 14 0 8  0.9523012638092041
11 15 0 8  0.9448913335800171
11 16 0 8  0.9541045427322388
11 17 0 8  0.7478090524673462
11 18 0 8  0.9485893845558167
11 19 0 8  0.0023534283973276615
11 20 0 8  0.014630941674113274
11 21 0 8  0.001969035714864731
11 22 0 8  0.0018823365680873394
11 23 0 8  0.0019621397368609905
11 24 0 8  0.0020552645437419415
11 25 0 8  0.002273053163662553
11 26 0 8  0.0022701441776007414
11 27 0 8  0.030170492827892303
11 28 0 8  0.0027558505535125732
11 29 0 8  0.2029152363538742
11 30 0 8  0.004234493710100651
11 31 0 8  0.009744439274072647
11 32 0 8  0.04520358890295029
11 33 0 8  0.0033811249304562807
11 34 0 8  0.00366992293857038
11 35 0 8  0.0028613959439098835
11 36 0 8  0.002977907657623291
11 37 0 8  0.0029116871301084757
11 38 0 8  0.003112061880528927
11 39 0 8  0.003714493941515684
12 14 0 8  0.9171264171600342
12 15 0 8  0.6857441663742065
12 16 0 8  0.5819633603096008
12 17 0 8  0.0028287656605243683
12 18 0 8  0.00382843054831028
12 19 0 8  0.0016393298283219337
12 20 0 8  0.0021210797131061554
12 21 0 8  0.0019393193069845438
12 22 0 8  0.0018628560937941074
12 23 0 8  0.001840989338234067
12 24 0 8  0.002030502073466778
12 25 0 8  0.0018495796248316765
12 26 0 8  0.0024245467502623796
12 27 0 8  0.0024083671160042286
12 28 0 8  0.002026504836976528
12 29 0 8  0.004064260050654411
12 30 0 8  0.002523300237953663
12 31 0 8  0.0030067055486142635
12 32 0 8  0.004714550916105509
12 33 0 8  0.0026999544352293015
12 34 0 8  0.0033451695926487446
12 35 0 8  0.003178267739713192
12 36 0 8  0.0033340458758175373
12 37 0 8  0.0032512762118130922
12 38 0 8  0.003946598619222641
12 39 0 8  0.005833921954035759
13 15 0 8  0.31860408186912537
13 16 0 8  0.4074031710624695
13 17 0 8  0.03728824853897095
13 18 0 8  0.007289860397577286
13 19 0 8  0.0017701658653095365
13 20 0 8  0.0020256314892321825
13 21 0 8  0.0019773286767303944
13 22 0 8  0.0018524079350754619
13 23 0 8  0.0017973114736378193
13 24 0 8  0.001871953485533595
13 25 0 8  0.001833223970606923
13 26 0 8  0.0018891466315835714
13 27 0 8  0.0023689507506787777
13 28 0 8  0.0020076732616871595
13 29 0 8  0.006162635050714016
13 30 0 8  0.0034755959641188383
13 31 0 8  0.004652617033571005
13 32 0 8  0.006953258998692036
13 33 0 8  0.004807969555258751
13 34 0 8  0.004176713526248932
13 35 0 8  0.0034588079433888197
13 36 0 8  0.0041719358414411545
13 37 0 8  0.0035290447995066643
13 38 0 8  0.004611543845385313
13 39 0 8  0.005264652892947197
14 16 0 8  0.2042696624994278
14 17 0 8  0.11642661690711975
14 18 0 8  0.16863411664962769
14 19 0 8  0.0017714317655190825
14 20 0 8  0.0020514512434601784
14 21 0 8  0.0018924589967355132
14 22 0 8  0.0018835840746760368
14 23 0 8  0.001902660122141242
14 24 0 8  0.001862906152382493
14 25 0 8  0.0018935148837044835
14 26 0 8  0.002007883507758379
14 27 0 8  0.002583783119916916
14 28 0 8  0.002724942285567522
14 29 0 8  0.011153873056173325
14 30 0 8  0.010425264947116375
14 31 0 8  0.007126267999410629
14 32 0 8  0.012903839349746704
14 33 0 8  0.008517337962985039
14 34 0 8  0.004179558716714382
14 35 0 8  0.0038319251034408808
14 36 0 8  0.004825705196708441
14 37 0 8  0.003766179084777832
14 38 0 8  0.0044904123060405254
14 39 0 8  0.006238529458642006
15 17 0 8  0.16899007558822632
15 18 0 8  0.15888196229934692
15 19 0 8  0.07910177111625671
15 20 0 8  0.0019094853196293116
15 21 0 8  0.0018734942423179746
15 22 0 8  0.0019562046509236097
15 23 0 8  0.0019708890467882156
15 24 0 8  0.0017912788316607475
15 25 0 8  0.001751938834786415
15 26 0 8  0.0016907092649489641
15 27 0 8  0.0020552175119519234
15 28 0 8  0.0023828563280403614
15 29 0 8  0.0058216676115989685
15 30 0 8  0.005636286921799183
15 31 0 8  0.0065962160006165504
15 32 0 8  0.009850996546447277
15 33 0 8  0.006442948244512081
15 34 0 8  0.004304368048906326
15 35 0 8  0.00459075253456831
15 36 0 8  0.007638209033757448
15 37 0 8  0.0060055674985051155
15 38 0 8  0.007218561135232449
15 39 0 8  0.009222855791449547
16 18 0 8  0.1996234655380249
16 19 0 8  0.17464983463287354
16 20 0 8  0.16805586218833923
16 21 0 8  0.0020009460859000683
16 22 0 8  0.0020006492268294096
16 23 0 8  0.0017704488709568977
16 24 0 8  0.0018126929644495249
16 25 0 8  0.0017875651828944683
16 26 0 8  0.002160260919481516
16 27 0 8  0.00403253361582756
16 28 0 8  0.012204442173242569
16 29 0 8  0.3224537968635559
16 30 0 8  0.049397267401218414
16 31 0 8  0.024342674762010574
16 32 0 8  0.08543747663497925
16 33 0 8  0.013281741179525852
16 34 0 8  0.005527228582650423
16 35 0 8  0.00805719569325447
16 36 0 8  0.014636373147368431
16 37 0 8  0.009352981112897396
16 38 0 8  0.016502775251865387
16 39 0 8  0.019951853901147842
17 19 0 8  0.1915675550699234
17 20 0 8  0.1846274584531784
17 21 0 8  0.14327937364578247
17 22 0 8  0.0016775191761553288
17 23 0 8  0.0017515986692160368
17 24 0 8  0.001763389678671956
17 25 0 8  0.0018211568240076303
17 26 0 8  0.002437213435769081
17 27 0 8  0.003955216612666845
17 28 0 8  0.017127087339758873
17 29 0 8  0.44983336329460144
17 30 0 8  0.08237028121948242
17 31 0 8  0.03556794673204422
17 32 0 8  0.1359679102897644
17 33 0 8  0.008254799991846085
17 34 0 8  0.005961311515420675
17 35 0 8  0.011179916560649872
17 36 0 8  0.016853412613272667
17 37 0 8  0.009492866694927216
17 38 0 8  0.014915536157786846
17 39 0 8  0.014755882322788239
18 20 0 8  0.22975245118141174
18 21 0 8  0.20872552692890167
18 22 0 8  0.17538733780384064
18 23 0 8  0.002005442511290312
18 24 0 8  0.0022189586888998747
18 25 0 8  0.0032737324945628643
18 26 0 8  0.006100105587393045
18 27 0 8  0.9634405970573425
18 28 0 8  0.9576588869094849
18 29 0 8  0.9636392593383789
18 30 0 8  0.09859995543956757
18 31 0 8  0.20279818773269653
18 32 0 8  0.5871365070343018
18 33 0 8  0.00652209110558033
18 34 0 8  0.005694998428225517
18 35 0 8  0.0074570197612047195
18 36 0 8  0.03009467013180256
18 37 0 8  0.013014476746320724
18 38 0 8  0.01986706629395485
18 39 0 8  0.021894315257668495
19 21 0 8  0.19462701678276062
19 22 0 8  0.19237229228019714
19 23 0 8  0.12728126347064972
19 24 0 8  0.0030900812707841396
19 25 0 8  0.003061146242544055
19 26 0 8  0.01139240525662899
19 27 0 8  0.9649519920349121
19 28 0 8  0.9899753928184509
19 29 0 8  0.7762014865875244
19 30 0 8  0.365546852350235
19 31 0 8  0.48131513595581055
19 32 0 8  0.9185335636138916
19 33 0 8  0.05351719260215759
19 34 0 8  0.017088614404201508
19 35 0 8  0.008379455655813217
19 36 0 8  0.04506274685263634
19 37 0 8  0.015543914400041103
19 38 0 8  0.018170233815908432
19 39 0 8  0.018688200041651726
20 22 0 8  0.25027018785476685
20 23 0 8  0.43276411294937134
20 24 0 8  0.7764852046966553
20 25 0 8  0.2281169891357422
20 26 0 8  0.9354294538497925
20 27 0 8  0.9851841926574707
20 28 0 8  0.44822990894317627
20 29 0 8  0.005396043881773949
20 30 0 8  0.002543712966144085
20 31 0 8  0.0020576193928718567
20 32 0 8  0.004510112106800079
20 33 0 8  0.001854615518823266
20 34 0 8  0.0024829150643199682
20 35 0 8  0.0024337186478078365
20 36 0 8  0.0030804285779595375
20 37 0 8  0.004115121439099312
20 38 0 8  0.004997655749320984
20 39 0 8  0.006986821070313454
21 23 0 8  0.29681122303009033
21 24 0 8  0.8573877811431885
21 25 0 8  0.9086288213729858
21 26 0 8  0.982513427734375
21 27 0 8  0.9380971193313599
21 28 0 8  0.8983141183853149
21 29 0 8  0.0040604774840176105
21 30 0 8  0.005068948958069086
21 31 0 8  0.009587218053638935
21 32 0 8  0.022483568638563156
21 33 0 8  0.0026333467103540897
21 34 0 8  0.0031774290837347507
21 35 0 8  0.002553363796323538
21 36 0 8  0.0032440158538520336
21 37 0 8  0.0033831007312983274
21 38 0 8  0.003810200374573469
21 39 0 8  0.004859500098973513
22 24 0 8  0.9076623916625977
22 25 0 8  0.9737269878387451
22 26 0 8  0.80266273021698
22 27 0 8  0.009174998849630356
22 28 0 8  0.003196720266714692
22 29 0 8  0.0016956101171672344
22 30 0 8  0.0018252871232107282
22 31 0 8  0.0016620188253000379
22 32 0 8  0.0018331354949623346
22 33 0 8  0.0017997806426137686
22 34 0 8  0.0020705233328044415
22 35 0 8  0.00197769096121192
22 36 0 8  0.0021901377476751804
22 37 0 8  0.002333432901650667
22 38 0 8  0.0026023187674582005
22 39 0 8  0.003472595941275358
23 25 0 8  0.9606706500053406
23 26 0 8  0.9124895334243774
23 27 0 8  0.18106788396835327
23 28 0 8  0.0024354862980544567
23 29 0 8  0.0014843704411759973
23 30 0 8  0.0017477718647569418
23 31 0 8  0.001772449817508459
23 32 0 8  0.0018721447559073567
23 33 0 8  0.001863581594079733
23 34 0 8  0.001967301592230797
23 35 0 8  0.0019578244537115097
23 36 0 8  0.0022134652826935053
23 37 0 8  0.0022404929623007774
23 38 0 8  0.002603947650641203
23 39 0 8  0.0035227411426603794
24 26 0 8  0.9764591455459595
24 27 0 8  0.8687083721160889
24 28 0 8  0.5610655546188354
24 29 0 8  0.0018777460791170597
24 30 0 8  0.001963347662240267
24 31 0 8  0.0020792577415704727
24 32 0 8  0.0022992335725575686
24 33 0 8  0.002037340309470892
24 34 0 8  0.002284410409629345
24 35 0 8  0.0021085296757519245
24 36 0 8  0.0023425864055752754
24 37 0 8  0.0024566168431192636
24 38 0 8  0.0026854812167584896
24 39 0 8  0.003785213455557823
25 27 0 8  0.8373575210571289
25 28 0 8  0.8261044025421143
25 29 0 8  0.15420496463775635
25 30 0 8  0.002440243260934949
25 31 0 8  0.002205115742981434
25 32 0 8  0.0022916714660823345
25 33 0 8  0.0020533911883831024
25 34 0 8  0.0022738808766007423
25 35 0 8  0.002111369278281927
25 36 0 8  0.0024507776834070683
25 37 0 8  0.0026012214366346598
25 38 0 8  0.002852798206731677
25 39 0 8  0.004039780702441931
26 28 0 8  0.7986786961555481
26 29 0 8  0.5513520836830139
26 30 0 8  0.39098507165908813
26 31 0 8  0.0031151012517511845
26 32 0 8  0.002996291033923626
26 33 0 8  0.0023222353775054216
26 34 0 8  0.0031706576701253653
26 35 0 8  0.002635184209793806
26 36 0 8  0.0029571964405477047
26 37 0 8  0.00377437612041831
26 38 0 8  0.004256731830537319
26 39 0 8  0.006908047012984753
27 29 0 8  0.631694495677948
27 30 0 8  0.520993173122406
27 31 0 8  0.4091263711452484
27 32 0 8  0.010352876037359238
27 33 0 8  0.00272783893160522
27 34 0 8  0.0029871149454265833
27 35 0 8  0.003032421926036477
27 36 0 8  0.0034308182075619698
27 37 0 8  0.0036925524473190308
27 38 0 8  0.0035407831892371178
27 39 0 8  0.004520167130976915
28 30 0 8  0.5347094535827637
28 31 0 8  0.5151450037956238
28 32 0 8  0.7317237854003906
28 33 0 8  0.006363927386701107
28 34 0 8  0.004284857772290707
28 35 0 8  0.007896112278103828
28 36 0 8  0.0068324413150548935
28 37 0 8  0.006763197015970945
28 38 0 8  0.004897698760032654
28 39 0 8  0.006442211102694273
29 31 0 8  0.5217471122741699
29 32 0 8  0.8938911557197571
29 33 0 8  0.7129836678504944
29 34 0 8  0.012868802063167095
29 35 0 8  0.016390804201364517
29 36 0 8  0.02008756436407566
29 37 0 8  0.014951830729842186
29 38 0 8  0.008786642923951149
29 39 0 8  0.011054828763008118
30 32 0 8  0.5791856646537781
30 33 0 8  0.6307533979415894
30 34 0 8  0.6815838813781738
30 35 0 8  0.025174327194690704
30 36 0 8  0.013244252651929855
30 37 0 8  0.012039236724376678
30 38 0 8  0.012848718091845512
30 39 0 8  0.011020626872777939
31 33 0 8  0.6836556792259216
31 34 0 8  0.8275742530822754
31 35 0 8  0.8396581411361694
31 36 0 8  0.06450793892145157
31 37 0 8  0.029575109481811523
31 38 0 8  0.0167099516838789
31 39 0 8  0.012368526309728622
32 34 0 8  0.7018922567367554
32 35 0 8  0.7878282070159912
32 36 0 8  0.7714132070541382
32 37 0 8  0.019538743421435356
32 38 0 8  0.009337594732642174
32 39 0 8  0.008263561874628067
33 35 0 8  0.6794683933258057
33 36 0 8  0.813335120677948
33 37 0 8  0.7387692928314209
33 38 0 8  0.02805069275200367
33 39 0 8  0.014433367177844048
34 36 0 8  0.6026236414909363
34 37 0 8  0.7337669134140015
34 38 0 8  0.7350064516067505
34 39 0 8  0.014967774972319603
35 37 0 8  0.5942074656486511
35 38 0 8  0.6353881359100342
35 39 0 8  0.6070539951324463
36 38 0 8  0.5444356203079224
36 39 0 8  0.5655811429023743
37 39 0 8  0.5187235474586487
