9	18	0	8	0.99908
10	17	0	8	0.99784
6	21	0	8	0.99781
8	19	0	8	0.99755
7	20	0	8	0.99686
20	27	0	8	0.99591
6	19	0	8	0.99573
6	20	0	8	0.99535
21	24	0	8	0.99340
11	15	0	8	0.99304
11	14	0	8	0.99211
11	16	0	8	0.99145
9	20	0	8	0.98949
7	22	0	8	0.98901
3	6	0	8	0.98868
8	17	0	8	0.98828
7	19	0	8	0.98743
5	21	0	8	0.98231
8	18	0	8	0.98125
9	17	0	8	0.98079
21	26	0	8	0.98017
5	22	0	8	0.97910
19	27	0	8	0.97621
18	27	0	8	0.97524
10	15	0	8	0.97240
10	16	0	8	0.97227
21	25	0	8	0.97130
18	29	0	8	0.96188
6	22	0	8	0.95735
2	6	0	8	0.95693
19	28	0	8	0.95650
12	15	0	8	0.95560
20	26	0	8	0.95033
11	18	0	8	0.94491
5	23	0	8	0.94266
21	27	0	8	0.91880
22	25	0	8	0.90465
18	28	0	8	0.89899
10	18	0	8	0.89539
11	17	0	8	0.82781
2	19	0	8	0.82288
19	29	0	8	0.77249
2	8	0	8	0.76563
9	19	0	8	0.75590
16	29	0	8	0.69719
19	32	0	8	0.66002
21	28	0	8	0.65767
8	20	0	8	0.64938
17	29	0	8	0.62990
2	7	0	8	0.60028
19	30	0	8	0.56446
20	25	0	8	0.54668
20	28	0	8	0.39096
7	21	0	8	0.39005
3	19	0	8	0.37635
33	36	0	8	0.37612
36	39	0	8	0.36846
34	37	0	8	0.35661
2	5	0	8	0.31093
35	38	0	8	0.30424
17	32	0	8	0.27595
33	37	0	8	0.26849
31	34	0	8	0.26163
35	39	0	8	0.24724
19	31	0	8	0.24520
9	27	0	8	0.24378
16	30	0	8	0.22931
18	30	0	8	0.22143
34	38	0	8	0.22099
32	36	0	8	0.21972
29	32	0	8	0.20302
6	28	0	8	0.20232
11	29	0	8	0.20169
17	30	0	8	0.19722
2	32	0	8	0.19300
3	21	0	8	0.18627
4	23	0	8	0.17715
28	32	0	8	0.17600
16	31	0	8	0.17518
2	17	0	8	0.17278
6	32	0	8	0.16237
32	35	0	8	0.16042
3	32	0	8	0.15490
8	32	0	8	0.14675
17	31	0	8	0.13247
28	31	0	8	0.12865
4	22	0	8	0.12646
34	39	0	8	0.12320
16	32	0	8	0.11961
30	34	0	8	0.11556
30	33	0	8	0.10980
33	38	0	8	0.10362
32	37	0	8	0.10333
33	39	0	8	0.10316
3	22	0	8	0.10100
9	29	0	8	0.10082
31	35	0	8	0.09637
31	36	0	8	0.09613
14	29	0	8	0.09281
10	14	0	8	0.09256
1	8	0	8	0.08641
18	32	0	8	0.08183
7	27	0	8	0.08053
17	36	0	8	0.07734
13	16	0	8	0.07330
5	24	0	8	0.07223
1	32	0	8	0.07217
17	37	0	8	0.06902
31	37	0	8	0.06563
1	4	0	8	0.06337
30	36	0	8	0.05991
32	39	0	8	0.05853
31	39	0	8	0.05847
32	38	0	8	0.05806
1	17	0	8	0.05742
6	30	0	8	0.05566
1	34	0	8	0.05507
1	33	0	8	0.05425
14	18	0	8	0.05406
17	35	0	8	0.05248
16	36	0	8	0.05178
24	28	0	8	0.05176
30	35	0	8	0.05156
3	23	0	8	0.05093
17	33	0	8	0.04989
1	35	0	8	0.04820
6	23	0	8	0.04601
31	38	0	8	0.04582
24	27	0	8	0.04449
3	34	0	8	0.04440
17	34	0	8	0.04409
14	37	0	8	0.04373
16	37	0	8	0.04300
30	39	0	8	0.04298
20	24	0	8	0.04229
16	33	0	8	0.04201
17	39	0	8	0.04144
30	37	0	8	0.04132
14	36	0	8	0.04086
11	27	0	8	0.04053
3	33	0	8	0.04013
2	20	0	8	0.03931
17	38	0	8	0.03921
14	39	0	8	0.03803
30	38	0	8	0.03800
14	31	0	8	0.03746
2	31	0	8	0.03592
14	38	0	8	0.03532
1	36	0	8	0.03503
14	32	0	8	0.03459
7	25	0	8	0.03428
2	33	0	8	0.03414
19	33	0	8	0.03390
19	34	0	8	0.03317
13	39	0	8	0.03309
3	35	0	8	0.03256
2	34	0	8	0.03226
29	33	0	8	0.03222
3	31	0	8	0.03222
2	22	0	8	0.03216
2	21	0	8	0.03215
3	36	0	8	0.03173
6	27	0	8	0.03162
3	28	0	8	0.03151
19	36	0	8	0.03149
2	28	0	8	0.03111
1	6	0	8	0.02948
15	31	0	8	0.02920
1	37	0	8	0.02876
1	19	0	8	0.02868
1	31	0	8	0.02849
12	39	0	8	0.02821
15	32	0	8	0.02730
16	39	0	8	0.02682
16	35	0	8	0.02630
17	20	0	8	0.02547
16	38	0	8	0.02529
10	37	0	8	0.02503
16	34	0	8	0.02477
12	36	0	8	0.02472
13	38	0	8	0.02468
14	35	0	8	0.02435
13	37	0	8	0.02415
11	32	0	8	0.02385
19	26	0	8	0.02379
13	36	0	8	0.02363
3	39	0	8	0.02359
1	38	0	8	0.02300
14	33	0	8	0.02296
3	30	0	8	0.02293
10	32	0	8	0.02289
3	27	0	8	0.02282
8	36	0	8	0.02240
1	39	0	8	0.02231
12	38	0	8	0.02229
12	29	0	8	0.02221
2	29	0	8	0.02217
3	37	0	8	0.02212
6	29	0	8	0.02206
2	35	0	8	0.02204
10	36	0	8	0.02203
14	34	0	8	0.02162
15	37	0	8	0.02158
21	32	0	8	0.02092
2	36	0	8	0.02092
15	36	0	8	0.02058
15	39	0	8	0.02056
19	35	0	8	0.02045
8	37	0	8	0.02031
12	37	0	8	0.01977
10	38	0	8	0.01968
23	26	0	8	0.01958
3	29	0	8	0.01952
19	37	0	8	0.01925
3	38	0	8	0.01920
2	30	0	8	0.01881
11	39	0	8	0.01844
2	18	0	8	0.01766
11	38	0	8	0.01766
12	16	0	8	0.01743
4	7	0	8	0.01740
18	31	0	8	0.01722
17	28	0	8	0.01664
8	34	0	8	0.01633
19	39	0	8	0.01628
11	37	0	8	0.01603
15	38	0	8	0.01599
20	29	0	8	0.01589
1	30	0	8	0.01581
10	39	0	8	0.01576
14	30	0	8	0.01569
13	29	0	8	0.01532
8	35	0	8	0.01503
4	21	0	8	0.01500
18	36	0	8	0.01489
11	20	0	8	0.01483
6	31	0	8	0.01475
12	35	0	8	0.01438
8	38	0	8	0.01432
3	8	0	8	0.01424
15	35	0	8	0.01419
13	35	0	8	0.01413
29	39	0	8	0.01411
11	36	0	8	0.01386
5	25	0	8	0.01370
28	39	0	8	0.01358
7	18	0	8	0.01354
21	30	0	8	0.01346
2	37	0	8	0.01312
8	39	0	8	0.01272
19	38	0	8	0.01271
10	35	0	8	0.01269
9	16	0	8	0.01267
18	37	0	8	0.01263
3	7	0	8	0.01256
18	39	0	8	0.01231
9	32	0	8	0.01217
3	25	0	8	0.01189
15	34	0	8	0.01186
8	33	0	8	0.01118
3	26	0	8	0.01104
29	34	0	8	0.01068
28	33	0	8	0.01047
22	26	0	8	0.01036
15	33	0	8	0.01021
1	29	0	8	0.01003
1	5	0	8	0.00998
12	34	0	8	0.00995
7	23	0	8	0.00990
4	39	0	8	0.00985
12	32	0	8	0.00983
10	34	0	8	0.00982
2	27	0	8	0.00966
29	38	0	8	0.00955
2	39	0	8	0.00941
13	34	0	8	0.00939
11	31	0	8	0.00923
14	17	0	8	0.00919
29	37	0	8	0.00879
18	38	0	8	0.00869
28	36	0	8	0.00866
3	24	0	8	0.00865
1	7	0	8	0.00864
28	38	0	8	0.00862
2	38	0	8	0.00855
4	24	0	8	0.00848
21	29	0	8	0.00848
18	33	0	8	0.00838
29	36	0	8	0.00838
2	9	0	8	0.00838
1	23	0	8	0.00825
28	37	0	8	0.00798
29	35	0	8	0.00794
2	23	0	8	0.00792
12	33	0	8	0.00768
10	13	0	8	0.00764
15	18	0	8	0.00759
21	36	0	8	0.00758
9	22	0	8	0.00754
13	33	0	8	0.00750
18	34	0	8	0.00743
8	30	0	8	0.00742
12	31	0	8	0.00739
15	29	0	8	0.00708
3	20	0	8	0.00701
9	37	0	8	0.00701
9	39	0	8	0.00685
13	32	0	8	0.00680
4	32	0	8	0.00672
18	35	0	8	0.00655
9	36	0	8	0.00654
27	30	0	8	0.00652
6	36	0	8	0.00644
9	38	0	8	0.00621
1	22	0	8	0.00619
1	28	0	8	0.00612
21	37	0	8	0.00607
5	39	0	8	0.00591
20	32	0	8	0.00583
11	35	0	8	0.00570
6	33	0	8	0.00570
28	34	0	8	0.00553
7	39	0	8	0.00549
11	34	0	8	0.00541
28	35	0	8	0.00538
4	38	0	8	0.00538
8	31	0	8	0.00527
27	39	0	8	0.00527
9	25	0	8	0.00523
12	18	0	8	0.00523
21	35	0	8	0.00516
4	19	0	8	0.00514
13	31	0	8	0.00514
14	27	0	8	0.00501
6	39	0	8	0.00492
21	34	0	8	0.00489
6	34	0	8	0.00488
22	37	0	8	0.00484
26	30	0	8	0.00470
1	24	0	8	0.00462
1	21	0	8	0.00461
9	12	0	8	0.00458
13	18	0	8	0.00453
26	32	0	8	0.00444
6	25	0	8	0.00443
4	37	0	8	0.00440
10	29	0	8	0.00436
4	36	0	8	0.00432
4	34	0	8	0.00430
5	32	0	8	0.00429
16	28	0	8	0.00428
1	9	0	8	0.00425
21	38	0	8	0.00420
26	39	0	8	0.00416
7	36	0	8	0.00416
15	30	0	8	0.00413
20	37	0	8	0.00403
5	20	0	8	0.00401
5	19	0	8	0.00401
4	25	0	8	0.00395
2	24	0	8	0.00395
21	39	0	8	0.00394
11	33	0	8	0.00382
27	32	0	8	0.00379
7	37	0	8	0.00379
6	37	0	8	0.00378
20	36	0	8	0.00372
2	26	0	8	0.00364
7	38	0	8	0.00360
23	37	0	8	0.00359
7	24	0	8	0.00356
7	32	0	8	0.00355
25	28	0	8	0.00354
24	37	0	8	0.00350
6	35	0	8	0.00346
27	31	0	8	0.00345
11	30	0	8	0.00344
6	38	0	8	0.00343
23	39	0	8	0.00342
17	27	0	8	0.00342
21	31	0	8	0.00335
24	39	0	8	0.00330
22	36	0	8	0.00328
7	29	0	8	0.00327
23	38	0	8	0.00326
16	19	0	8	0.00325
4	35	0	8	0.00325
10	33	0	8	0.00321
24	38	0	8	0.00313
23	36	0	8	0.00309
5	38	0	8	0.00302
26	38	0	8	0.00299
21	33	0	8	0.00294
22	39	0	8	0.00293
2	25	0	8	0.00292
5	36	0	8	0.00286
20	39	0	8	0.00280
6	24	0	8	0.00278
20	38	0	8	0.00269
20	30	0	8	0.00266
22	27	0	8	0.00265
1	25	0	8	0.00265
3	17	0	8	0.00262
4	33	0	8	0.00262
25	39	0	8	0.00261
24	36	0	8	0.00259
20	35	0	8	0.00257
9	34	0	8	0.00257
24	32	0	8	0.00256
16	27	0	8	0.00254
9	35	0	8	0.00253
5	37	0	8	0.00247
1	26	0	8	0.00246
27	38	0	8	0.00244
22	38	0	8	0.00244
12	27	0	8	0.00244
1	16	0	8	0.00241
9	31	0	8	0.00241
6	26	0	8	0.00239
20	34	0	8	0.00239
7	26	0	8	0.00237
26	37	0	8	0.00234
10	31	0	8	0.00226
4	26	0	8	0.00214
12	17	0	8	0.00207
5	26	0	8	0.00207
27	37	0	8	0.00206
5	27	0	8	0.00206
18	26	0	8	0.00198
22	35	0	8	0.00198
1	27	0	8	0.00192
25	38	0	8	0.00191
12	30	0	8	0.00188
5	34	0	8	0.00187
26	29	0	8	0.00186
7	34	0	8	0.00180
7	35	0	8	0.00174
4	30	0	8	0.00168
26	36	0	8	0.00168
4	8	0	8	0.00159
8	29	0	8	0.00156
25	37	0	8	0.00145
9	30	0	8	0.00144
23	35	0	8	0.00143
11	28	0	8	0.00141
5	28	0	8	0.00141
23	28	0	8	0.00138
23	27	0	8	0.00135
27	36	0	8	0.00134
22	34	0	8	0.00133
13	27	0	8	0.00133
5	35	0	8	0.00133
1	20	0	8	0.00131
5	8	0	8	0.00129
9	28	0	8	0.00127
6	9	0	8	0.00127
13	30	0	8	0.00124
4	31	0	8	0.00115
22	28	0	8	0.00114
24	30	0	8	0.00113
1	18	0	8	0.00113
4	28	0	8	0.00111
8	27	0	8	0.00111
5	33	0	8	0.00109
6	18	0	8	0.00109
24	35	0	8	0.00108
20	33	0	8	0.00104
9	14	0	8	0.00104
26	31	0	8	0.00098
1	15	0	8	0.00097
25	36	0	8	0.00096
1	10	0	8	0.00096
1	12	0	8	0.00094
4	27	0	8	0.00093
8	22	0	8	0.00091
14	28	0	8	0.00089
26	35	0	8	0.00088
19	25	0	8	0.00088
5	30	0	8	0.00087
24	31	0	8	0.00085
26	34	0	8	0.00083
27	35	0	8	0.00083
22	32	0	8	0.00078
20	31	0	8	0.00076
9	33	0	8	0.00076
2	10	0	8	0.00076
16	20	0	8	0.00075
10	27	0	8	0.00073
8	12	0	8	0.00071
25	32	0	8	0.00071
23	34	0	8	0.00070
20	23	0	8	0.00070
24	34	0	8	0.00067
9	26	0	8	0.00067
19	22	0	8	0.00067
2	16	0	8	0.00067
1	14	0	8	0.00066
7	33	0	8	0.00066
3	9	0	8	0.00064
13	17	0	8	0.00063
7	28	0	8	0.00062
24	29	0	8	0.00062
26	33	0	8	0.00062
19	24	0	8	0.00060
24	33	0	8	0.00059
10	20	0	8	0.00059
12	28	0	8	0.00057
6	17	0	8	0.00056
27	34	0	8	0.00055
4	29	0	8	0.00055
8	11	0	8	0.00052
8	16	0	8	0.00052
23	32	0	8	0.00052
5	31	0	8	0.00049
7	31	0	8	0.00046
1	13	0	8	0.00046
27	33	0	8	0.00046
10	19	0	8	0.00046
18	25	0	8	0.00046
7	17	0	8	0.00044
3	18	0	8	0.00044
25	35	0	8	0.00043
5	29	0	8	0.00043
10	30	0	8	0.00043
9	13	0	8	0.00041
5	9	0	8	0.00039
4	20	0	8	0.00039
7	10	0	8	0.00036
9	15	0	8	0.00036
22	33	0	8	0.00036
7	30	0	8	0.00034
22	31	0	8	0.00033
11	19	0	8	0.00033
12	20	0	8	0.00031
1	11	0	8	0.00029
23	33	0	8	0.00028
12	19	0	8	0.00028
8	21	0	8	0.00027
25	34	0	8	0.00027
18	21	0	8	0.00026
15	27	0	8	0.00025
4	9	0	8	0.00022
8	28	0	8	0.00022
22	29	0	8	0.00022
17	22	0	8	0.00022
25	30	0	8	0.00021
23	31	0	8	0.00019
9	21	0	8	0.00018
4	17	0	8	0.00018
9	23	0	8	0.00017
13	28	0	8	0.00016
14	20	0	8	0.00016
25	29	0	8	0.00016
9	24	0	8	0.00016
25	31	0	8	0.00015
2	12	0	8	0.00015
25	33	0	8	0.00015
22	30	0	8	0.00015
8	15	0	8	0.00014
15	19	0	8	0.00014
23	30	0	8	0.00014
14	19	0	8	0.00014
18	22	0	8	0.00013
12	26	0	8	0.00013
8	23	0	8	0.00013
2	15	0	8	0.00012
14	26	0	8	0.00012
11	25	0	8	0.00011
2	11	0	8	0.00010
END