1   K C 166.8  -87.3  140.6  116.4 -111.8  1.6 15.4 0.992 0.000 0.007
2   L C  47.9  -77.9  144.7  117.5 -118.1 19.4  9.9 0.998 0.000 0.002
3   P C  36.1  -67.4  152.1  114.9 -101.5 13.0 13.7 1.000 0.000 0.000
4   P C 116.3  -62.4  139.8  109.9  -89.3  1.7 17.8 0.999 0.001 0.000
5   G C  49.9   88.6   -6.6   96.6   25.3  2.2 17.7 0.984 0.007 0.009
6   W C  46.5  -91.2  141.7  121.8  107.2 19.3  8.0 0.714 0.012 0.274
7   E E 104.1 -124.5  143.5  128.4 -167.5  4.4 20.4 0.055 0.000 0.945
8   K E 110.6  -87.2  133.9  116.7 -121.6 10.4 15.4 0.031 0.000 0.968
9   R E  63.7 -136.3  149.6  133.5 -178.8 12.0 16.3 0.041 0.000 0.958
10  M E  94.0 -108.7  137.0  122.1 -138.3  7.4 18.2 0.075 0.001 0.924
11  S C  26.9  -77.0  140.1  114.2 -119.6 13.7 12.5 0.809 0.007 0.184
12  R C 148.5  -65.9  -29.9   93.7 -130.1  5.2 12.9 0.947 0.047 0.006
13  S C  90.4  -69.3  -32.3   92.1   50.7  1.0 13.6 0.935 0.063 0.002
14  S C  66.1  -97.4   -8.3   97.9   36.1  3.8 12.3 0.928 0.068 0.003
15  G C  50.5   82.2    9.3   93.1 -110.3  3.9 13.7 0.993 0.002 0.005
16  R C 104.3  -89.3  145.1  121.9  130.6  5.8 16.4 0.899 0.001 0.100
17  V E  43.2  -92.1  131.2  116.7 -127.1 14.5 17.7 0.121 0.000 0.879
18  Y E  29.3 -127.3  144.8  130.0 -173.4 17.3 20.4 0.023 0.000 0.977
19  Y E  30.9 -115.4  134.0  123.4 -147.3 17.5 24.3 0.010 0.000 0.990
20  F E  19.8 -122.8  138.3  127.8 -169.6 20.2 21.7 0.012 0.000 0.988
21  N E  28.8  -85.1  110.7  108.1 -131.0 13.9 20.0 0.139 0.000 0.860
22  H C  67.1  -72.4  -28.0   95.2 -167.1 13.9 16.3 0.981 0.009 0.010
23  I C 101.0  -72.4  -34.5   94.5   47.6  4.4 17.2 0.992 0.007 0.001
24  T C  71.0 -107.5  -10.7  101.4   31.7  4.9 13.6 0.996 0.003 0.001
25  N C  93.5   60.8   26.6   89.2 -124.6  8.7 14.8 0.995 0.001 0.004
26  A E  60.5 -118.5  148.4  129.8  128.5  3.3 20.1 0.311 0.002 0.687
27  S E  29.0 -111.4  142.1  125.6 -142.8 18.8 12.6 0.099 0.001 0.900
28  Q E  88.1 -126.9  142.5  127.9 -167.7  5.4 22.9 0.130 0.001 0.868
29  W E  63.9  -90.5  132.3  116.7 -134.0 18.8 13.0 0.453 0.005 0.542
30  E C  95.1 -116.8  137.7  124.0 -164.6  6.0 20.1 0.498 0.007 0.496
31  R C 122.5  -74.0  137.0  113.4 -110.7  9.9 16.2 0.858 0.002 0.140
32  P C  47.2  -70.4  143.6  111.8 -107.4 17.1 10.1 0.906 0.020 0.074
33  S C  79.0  -96.8  103.8  110.2 -156.2  4.1 14.9 0.904 0.034 0.062
34  G C  51.4  -82.1   79.0  107.7 -109.3  5.8 11.8 0.914 0.062 0.024
35  N C 125.8  -84.0   14.3  103.7   52.9  2.2 10.7 0.892 0.087 0.021
36  S C  76.7  -82.2    1.2  101.7   73.8  5.2  9.2 0.865 0.118 0.017
37  S C  81.7  -86.4   27.0  105.2   83.5  3.6 10.0 0.879 0.100 0.021
38  S C  85.7  -89.4   90.1  108.3   98.0  3.6  9.9 0.949 0.037 0.014
39  G C  66.6  -95.0  137.6  111.5   13.3  2.0  6.8 0.994 0.004 0.001
