1 0.399837379
2 0.409502340
3 0.411607146
4 0.411585416
5 0.412322555
6 0.411987990
7 0.412169577
8 0.411266155
9 0.411693395
10 0.412390866
11 0.412112606
12 0.413195193
13 0.412926086
14 0.413284005
15 0.412947187
16 0.413517330
17 0.414420516
18 0.414582653
19 0.413443649
20 0.414405844
21 0.414568409
22 0.415066675
23 0.416149015
24 0.415958138
25 0.415724789
26 0.416918715
27 0.417270244
28 0.417180806
29 0.417181839
30 0.417614083
31 0.418256725
32 0.417798071
33 0.417927331
34 0.418006460
35 0.419797796
36 0.419566824
37 0.419003029
38 0.419657128
39 0.419558980
40 0.419550550
41 0.418281573
42 0.417565760
43 0.417912282
44 0.417252668
45 0.418134401
46 0.417320914
47 0.417905489
48 0.417790556
49 0.417994173
50 0.417819809
51 0.418747404
52 0.418992811
53 0.419456904
54 0.419126022
55 0.419486118
56 0.419293854
57 0.418531065
58 0.419670135
59 0.419339565
60 0.419147676
61 0.418494368
62 0.419318449
63 0.420415013
64 0.420316818
65 0.419822724
66 0.419852743
67 0.420122817
68 0.420397952
69 0.420200443
70 0.420240817
71 0.420796818
72 0.420932561
73 0.419560844
74 0.420269613
75 0.421818938
76 0.422378564
77 0.422653466
78 0.422988659
79 0.422468372
80 0.422939146
81 0.423202807
82 0.424127025
83 0.423033911
84 0.424313295
85 0.424133028
86 0.423479635
87 0.424548414
88 0.424189474
89 0.424021895
90 0.424337677
91 0.424931147
92 0.425336146
93 0.425799236
94 0.426277429
95 0.425836014
96 0.426869458
97 0.426558184
98 0.426504413
99 0.426484788
100 0.426290985
101 0.426924265
102 0.426887174
103 0.426611489
104 0.426435685
105 0.426071302
106 0.425986146
107 0.426072419
108 0.426592000
109 0.426746020
110 0.425791446
111 0.426130423
112 0.426639553
113 0.427141302
114 0.427077642
115 0.426611658
116 0.426589935
117 0.426643418
118 0.426998488
119 0.426932850
120 0.427455923
121 0.427883027
122 0.428169666
123 0.428582538
124 0.428733864
125 0.428236108
126 0.428700879
127 0.428759337
128 0.428783050
129 0.428684954
130 0.428768333
131 0.428266411
132 0.429580201
133 0.429454127
134 0.430058445
135 0.429986756
136 0.429252174
137 0.429819994
138 0.430425651
139 0.430270907
140 0.430662900
141 0.430131773
142 0.429878406
143 0.429915909
144 0.429719437
145 0.430733834
146 0.430640858
147 0.429968382
148 0.431105798
149 0.431120717
150 0.430814769
151 0.430692247
152 0.431131036
153 0.431700461
154 0.432146865
155 0.431258249
156 0.431402585
157 0.431297673
158 0.431956547
159 0.432069888
160 0.432441662
161 0.432336941
162 0.432044464
163 0.432731399
164 0.433397744
165 0.432559813
166 0.432868627
167 0.432568845
168 0.433239914
169 0.432973710
170 0.433206275
171 0.433416082
172 0.433498497
173 0.434296733
174 0.434000636
175 0.433964536
176 0.433470166
177 0.434473975
178 0.433474247
179 0.433863130
180 0.432954402
181 0.434764013
182 0.433867791
183 0.433951347
184 0.433522126
185 0.434716142
186 0.434128393
187 0.434850038
188 0.434547024
189 0.433998167
190 0.434318715
191 0.433574318
192 0.434428155
193 0.434181437
194 0.434133439
195 0.435141695
196 0.434671796
197 0.434568247
198 0.435993889
199 0.435294269
200 0.435297757
201 0.434217685
202 0.434265195
203 0.435598078
204 0.436561346
205 0.437066516
206 0.436596383
207 0.436857309
208 0.437233928
209 0.437496352
210 0.437002774
211 0.436955870
212 0.436862072
213 0.437450533
214 0.437004742
215 0.437769548
216 0.437198050
217 0.438506201
218 0.438507461
219 0.438691727
220 0.438032194
221 0.437599525
222 0.439367643
223 0.438702730
224 0.439347210
225 0.437672663
226 0.437976199
227 0.438535003
228 0.439249392
229 0.438466330
230 0.438790273
231 0.439547840
232 0.439384384
233 0.439726842
234 0.439103134
235 0.439532921
236 0.439133186
237 0.439088489
238 0.439471502
239 0.439247566
240 0.439971583
241 0.439262856
242 0.439625454
243 0.439384660
244 0.438901396
245 0.439893078
246 0.439819824
247 0.440615468
248 0.440066177
249 0.439927599
250 0.440450881
251 0.440466935
252 0.440292408
253 0.440751065
254 0.441174726
255 0.441641780
256 0.441593136
257 0.441136286
258 0.441611924
259 0.441412042
260 0.440947381
261 0.441000720
262 0.441287371
263 0.441937739
264 0.441124392
265 0.441775469
266 0.442123849
267 0.441532763
268 0.442120038
269 0.442569937
270 0.442593219
271 0.442237161
272 0.441731740
273 0.441771939
274 0.442954229
275 0.442492363
276 0.442899152
277 0.443307342
278 0.442294779
279 0.442239511
280 0.441902006
281 0.442738841
282 0.443032905
283 0.442819016
284 0.443242135
285 0.443400678
286 0.443649497
287 0.442578248
288 0.442813526
289 0.442658828
290 0.443112542
291 0.442562565
292 0.442596731
293 0.443233501
294 0.442826551
295 0.442600408
296 0.443026729
297 0.442051865
298 0.442170076
299 0.442434395
300 0.442696108
301 0.442743745
302 0.442876332
303 0.443376328
304 0.442960506
305 0.442828756
306 0.443042535
307 0.442774981
308 0.443649909
309 0.443984203
310 0.443539969
311 0.444378608
312 0.445036671
313 0.444526498
314 0.445304098
315 0.444715333
316 0.445473216
317 0.444988411
318 0.445085353
319 0.445488527
320 0.444861994
321 0.446055599
322 0.446234095
323 0.446244206
324 0.445579801
325 0.445245432
326 0.445433674
327 0.445836993
328 0.445731774
329 0.444906928
330 0.446277097
331 0.446092144
332 0.445747626
333 0.446174674
334 0.445674976
335 0.446294136
336 0.445419045
337 0.445502710
338 0.445242719
339 0.445467540
340 0.445701004
341 0.446226638
342 0.445924935
343 0.444958822
344 0.445167259
345 0.445779683
346 0.445387782
347 0.446153134
348 0.446105809
349 0.445969157
350 0.446101697
351 0.446203748
352 0.446141899
353 0.446146775
354 0.445843938
355 0.446471543
356 0.446628006
357 0.447240210
358 0.446529372
359 0.446390696
360 0.446288007
361 0.445578811
362 0.446258698
363 0.445902599
364 0.446542129
365 0.446756485
366 0.447618504
367 0.447002801
368 0.447446296
369 0.446777148
370 0.447075419
371 0.447046631
372 0.447167355
373 0.447179280
374 0.446628012
375 0.446247957
376 0.446835765
377 0.446925574
378 0.446857606
379 0.445750488
380 0.446789719
381 0.446956394
382 0.447075889
383 0.447739739
384 0.447690560
385 0.447057339
386 0.446542945
387 0.446837737
388 0.447335737
389 0.447944556
390 0.446985356
391 0.447137732
392 0.447711117
393 0.447555825
394 0.447795530
395 0.447946969
396 0.447259569
397 0.447419047
398 0.447981982
399 0.447779443
400 0.447547614
401 0.447501283
402 0.447885942
403 0.448097370
404 0.447479635
405 0.448705719
406 0.448451515
407 0.448560377
408 0.448229321
409 0.448627651
410 0.449326127
411 0.449304062
412 0.448478699
413 0.448204111
414 0.448482534
415 0.448873588
416 0.448340650
417 0.448464648
418 0.448335957
419 0.448546320
420 0.448847777
421 0.448496743
422 0.448021601
423 0.448808537
424 0.449130298
425 0.449438401
426 0.449171780
427 0.450047821
428 0.449379035
429 0.449440605
430 0.449774445
431 0.450002848
432 0.449347776
433 0.449535049
434 0.449555430
435 0.449559896
436 0.449805770
437 0.449734214
438 0.449483679
439 0.450108802
440 0.450004574
441 0.450032707
442 0.449433190
443 0.450091760
444 0.450450490
445 0.449906298
446 0.449860892
447 0.450671672
448 0.449877374
449 0.450532838
450 0.450416722
451 0.449733827
452 0.450282820
453 0.449851103
454 0.450695266
455 0.451235405
456 0.450900525
457 0.449606955
458 0.448929958
459 0.449204471
460 0.449432817
461 0.449327546
462 0.449697652
463 0.450000328
464 0.450102394
465 0.450394552
466 0.449827081
467 0.450226335
468 0.449807980
469 0.449868209
470 0.450258857
471 0.450710214
472 0.450871677
473 0.451149445
474 0.450631939
475 0.449901796
476 0.450991507
477 0.451077820
478 0.451148458
479 0.451056339
480 0.450606570
481 0.450929990
482 0.450809995
483 0.451229215
484 0.451425344
485 0.450743554
486 0.450740792
487 0.450961298
488 0.451053901
489 0.451606336
490 0.450987707
491 0.450714838
492 0.450534982
493 0.451401268
494 0.451526720
495 0.451307822
496 0.451639086
497 0.450937046
498 0.450795892
499 0.450359904
500 0.451190769
501 0.451693440
502 0.451707170
503 0.451969912
504 0.451676445
505 0.451540783
506 0.451079618
507 0.451066908
508 0.451212605
509 0.450537476
510 0.450410291
511 0.450225116
512 0.450292061
513 0.449985663
514 0.450629692
515 0.449916844
516 0.449893814
517 0.450233307
518 0.449613713
519 0.449910252
520 0.449103372
521 0.449371540
522 0.449603672
523 0.449582804
524 0.449333684
525 0.450340903
526 0.448806294
527 0.449526194
528 0.449226648
529 0.449095130
530 0.448161978
531 0.448456558
532 0.447873013
533 0.448109746
534 0.447395567
535 0.447648349
536 0.447971795
537 0.448201387
538 0.449357436
539 0.449244991
540 0.449698071
541 0.447972559
542 0.447983989
543 0.448667482
544 0.446954043
545 0.448130619
546 0.447922143
547 0.447258108
548 0.447586764
549 0.447776177
550 0.447590691
551 0.447397895
552 0.446379913
553 0.446158939
554 0.447328608
555 0.446557923
556 0.446891721
557 0.446786144
558 0.446542660
559 0.446905075
560 0.445649751
561 0.445808306
562 0.445454463
563 0.445128688
564 0.445590453
565 0.446017453
566 0.445445629
567 0.445332458
568 0.445047096
569 0.445051059
570 0.444441610
571 0.444379953
572 0.444890130
573 0.445222566
574 0.444148273
575 0.444282401
576 0.443363272
577 0.444268149
578 0.444824644
579 0.444797959
580 0.444427855
581 0.444595768
582 0.444209638
583 0.444363527
584 0.444743301
585 0.444286212
586 0.444472743
587 0.444052144
588 0.444110347
589 0.443605801
590 0.443439735
591 0.443333831
592 0.442851797
593 0.441927673
594 0.442528677
595 0.442902458
596 0.443786808
597 0.442423469
598 0.442764325
599 0.442036678
600 0.441921090
601 0.441646399
602 0.441473086
603 0.440746748
604 0.440999323
605 0.441273509
606 0.441092921
607 0.440614644
608 0.441199092
609 0.440965670
610 0.440365768
611 0.441250403
612 0.440432564
613 0.440660294
614 0.440391331
615 0.440547710
616 0.439345655
617 0.439453901
618 0.438381330
619 0.438281439
620 0.438297832
621 0.438742993
622 0.437648880
623 0.438587539
624 0.437137629
625 0.437739994
626 0.437608308
627 0.436846763
628 0.437197090
629 0.436661187
630 0.436445388
631 0.436983003
632 0.436687286
633 0.437094108
634 0.436460082
635 0.436448834
636 0.435650476
637 0.435997542
638 0.435619521
639 0.434887982
640 0.434139070
641 0.435702264
642 0.435188614
643 0.434945765
644 0.434623936
645 0.435140755
646 0.434808170
647 0.434125084
648 0.433473842
649 0.433976456
650 0.433128610
651 0.433461689
652 0.432446928
653 0.432940164
654 0.433333140
655 0.432926327
656 0.433600853
657 0.433223024
658 0.433169794
659 0.433524502
660 0.432479411
661 0.432543716
662 0.432573923
663 0.431572528
664 0.432060827
665 0.432901815
666 0.430881183
667 0.431754776
668 0.431394242
669 0.430687138
670 0.430575533
671 0.430403455
672 0.430867155
673 0.431329321
674 0.430554856
675 0.430625453
676 0.430190837
677 0.429542234
678 0.430313873
679 0.430352756
680 0.429075124
681 0.429320458
682 0.428426798
683 0.429206260
684 0.428200951
685 0.428508250
686 0.428365090
687 0.428276712
688 0.427325038
689 0.426820379
690 0.427401779
691 0.426998126
692 0.426725586
693 0.426476950
694 0.425923889
695 0.425445227
696 0.426371977
697 0.425440936
698 0.426043835
699 0.425277918
700 0.424919972
701 0.424226701
702 0.424997258
703 0.424714107
704 0.423946292
705 0.424336964
706 0.424497105
707 0.423280946
708 0.423582942
709 0.423543055
710 0.423404065
711 0.423955453
712 0.422550751
713 0.421904338
714 0.422045391
715 0.421375802
716 0.421386885
717 0.420895818
718 0.421373658
719 0.420438927
720 0.420600017
721 0.419788356
722 0.420228490
723 0.419242482
724 0.418764476
725 0.419278891
726 0.419080694
727 0.418729648
728 0.418891159
729 0.417582652
730 0.418700235
731 0.417583769
732 0.417726065
733 0.417371278
734 0.416304802
735 0.416117575
736 0.416687052
737 0.415508533
738 0.415289984
739 0.414633734
740 0.414225349
741 0.415220702
742 0.415110926
743 0.415013912
744 0.414589194
745 0.414423482
746 0.412941458
747 0.412375062
748 0.413525293
749 0.413475161
750 0.413449716
751 0.412460116
752 0.411376220
753 0.410544494
754 0.410750481
755 0.410484934
756 0.411475201
757 0.410873288
758 0.411376440
759 0.410312606
760 0.410021766
761 0.410610614
762 0.410205562
763 0.411098768
764 0.409999408
765 0.410170137
766 0.410418362
767 0.409903044
768 0.409686736
769 0.409168437
770 0.410354973
771 0.410676608
772 0.410441997
773 0.409908444
774 0.410221264
775 0.409808293
776 0.410013089
777 0.409587969
778 0.409041792
779 0.409653504
780 0.408507183
781 0.409182260
782 0.409579409
783 0.408881627
784 0.408986887
785 0.408099435
786 0.407779745
787 0.408676521
788 0.408900680
789 0.408042747
790 0.408729573
791 0.409166915
792 0.407909095
793 0.408302641
794 0.407272847
795 0.408006698
796 0.406602147
797 0.407914882
798 0.406470552
799 0.407885823
800 0.407465653
801 0.407221898
802 0.406771354
803 0.406878721
804 0.406440285
805 0.406711208
806 0.406676639
807 0.406931921
808 0.405896641
809 0.406294159
810 0.407539517
811 0.407637101
812 0.406425247
813 0.406630534
814 0.406914514
815 0.405850970
816 0.406381183
817 0.406493729
818 0.405186899
819 0.405953449
820 0.405017768
821 0.405497197
822 0.406401573
823 0.405849573
824 0.405227963
825 0.405649901
826 0.406655962
827 0.406392520
828 0.405624684
829 0.405474283
830 0.405603576
831 0.406309584
832 0.406639968
833 0.406013268
834 0.405766237
835 0.406089630
836 0.405631601
837 0.406177678
838 0.406171984
839 0.405056210
840 0.406361111
841 0.405172045
842 0.404695139
843 0.404578890
844 0.405233766
845 0.404549200
846 0.403953440
847 0.404217235
848 0.403731153
849 0.405668704
850 0.403621190
851 0.403724281
852 0.403661237
853 0.403964500
854 0.404698368
855 0.403886343
856 0.403558767
857 0.403703694
858 0.403779144
859 0.404569353
860 0.404241173
861 0.403982197
862 0.403504719
863 0.404013976
864 0.403777279
865 0.403611340
866 0.403369803
867 0.403290970
868 0.403608997
869 0.403735934
870 0.404248679
871 0.404582242
872 0.404727404
873 0.404111048
874 0.404451671
875 0.402584051
876 0.403909514
877 0.404002909
878 0.403393520
879 0.402442042
880 0.402905630
881 0.402850710
882 0.402894949
883 0.402722177
884 0.403738165
885 0.403397637
886 0.402523040
887 0.401754354
888 0.402391479
889 0.401891027
890 0.402641582
891 0.402470253
892 0.402643690
893 0.402281472
894 0.402816576
895 0.402628974
896 0.402950851
897 0.402139806
898 0.403114538
899 0.402937852
900 0.402784417
901 0.402283673
902 0.401691164
903 0.401764341
904 0.401846295
905 0.401693494
906 0.401479936
907 0.401309523
908 0.400866345
909 0.401439770
910 0.400657668
911 0.401416804
912 0.401924148
913 0.402247212
914 0.401113452
915 0.401151921
916 0.401066028
917 0.401871044
918 0.402187342
919 0.401738970
920 0.401458666
921 0.401804122
922 0.401721735
923 0.401272099
924 0.401362157
925 0.401246457
926 0.401920457
927 0.401815508
928 0.402073092
929 0.401450164
930 0.400567513
931 0.400671973
932 0.400512158
933 0.400459619
934 0.401095378
935 0.401215957
936 0.400657720
937 0.399852946
938 0.399452809
939 0.400521267
940 0.400523462
941 0.401009338
942 0.401847041
943 0.401574451
944 0.401123192
945 0.400737568
946 0.400714597
947 0.400260833
948 0.399694317
949 0.399399334
950 0.398915369
951 0.399296705
952 0.399166644
953 0.400219321
954 0.398190512
955 0.398919689
956 0.398305806
957 0.397923705
958 0.398697639
959 0.399125168
960 0.398340639
961 0.399168508
962 0.399283050
963 0.398335302
964 0.398373937
965 0.398134448
966 0.398439201
967 0.399189377
968 0.398540552
969 0.399394882
970 0.399907586
971 0.399724462
972 0.399578895
973 0.399108144
974 0.399429870
975 0.400424717
976 0.400330803
977 0.399954204
978 0.400081251
979 0.400499824
980 0.400294911
981 0.399710193
982 0.400730070
983 0.399415265
984 0.399436116
985 0.399942551
986 0.399243449
987 0.398749243
988 0.398895067
989 0.399300674
990 0.399540236
991 0.399392031
992 0.399435497
993 0.398967903
994 0.398516585
995 0.398906103
996 0.398811436
997 0.398193208
998 0.398165807
999 0.398123081
1000 0.398561860
1001 0.107541416
1002 0.107495380
1003 0.266825599
1004 0.304755097
1005 0.304267035
1006 0.299139695
1007 0.297306844
1008 0.293903192
1009 0.293606196
1010 0.291615124
1011 0.287500598
1012 0.288800358
1013 0.288587392
1014 0.287279968
1015 0.286926304
1016 0.285408025
1017 0.286766663
1018 0.284410488
1019 0.283817926
1020 0.283287418
1021 0.283189661
1022 0.282570702
1023 0.282197883
1024 0.281797064
1025 0.280806144
1026 0.279448246
1027 0.280028262
1028 0.280668808
1029 0.279249130
1030 0.278676768
1031 0.279348490
1032 0.277933547
1033 0.278719897
1034 0.277360320
1035 0.277143677
1036 0.278094645
1037 0.275690402
1038 0.275242682
1039 0.275357893
1040 0.277942181
1041 0.277049421
1042 0.276748065
1043 0.277335217
1044 0.275786659
1045 0.277284931
1046 0.276798199
1047 0.275587471
1048 0.276986565
1049 0.274601593
1050 0.274836103
1051 0.274529586
1052 0.275193676
1053 0.274234702
1054 0.274835752
1055 0.273605644
1056 0.274045965
1057 0.273640272
1058 0.273139615
1059 0.272726959
1060 0.273505929
1061 0.275157318
1062 0.274204592
1063 0.273575045
1064 0.273506458
1065 0.273327130
1066 0.272468639
1067 0.270610663
1068 0.272808408
1069 0.272777426
1070 0.272733176
1071 0.273022255
1072 0.271457686
1073 0.273278206
1074 0.271646532
1075 0.272911256
1076 0.273376465
1077 0.271890217
1078 0.271901017
1079 0.269359611
1080 0.271950344
1081 0.271435573
1082 0.270008503
1083 0.270755920
1084 0.270980014
1085 0.271363767
1086 0.270261541
1087 0.270697250
1088 0.270272182
1089 0.270002239
1090 0.270317374
1091 0.269284479
1092 0.269709582
1093 0.270115107
1094 0.271224447
1095 0.269369278
1096 0.269991004
1097 0.269082051
1098 0.270125620
1099 0.269391166
1100 0.269676209
1101 0.270188948
1102 0.270311672
1103 0.269468253
1104 0.269626515
1105 0.269720760
1106 0.268849702
1107 0.269836851
1108 0.268540990
1109 0.268977907
1110 0.269194546
1111 0.269807869
1112 0.270097228
1113 0.269876107
1114 0.269568985
1115 0.269038933
1116 0.268054170
1117 0.267952967
1118 0.268489726
1119 0.269226710
1120 0.270242561
1121 0.268189597
1122 0.269263752
1123 0.268735535
1124 0.267987533
1125 0.268474939
1126 0.269276411
1127 0.269637066
1128 0.268134673
1129 0.267669225
1130 0.268325647
1131 0.268688145
1132 0.266799361
1133 0.268859204
1134 0.269010859
1135 0.268228952
1136 0.268588213
1137 0.269508488
1138 0.267772027
1139 0.269030418
1140 0.268153244
1141 0.267416280
1142 0.267162716
1143 0.268530203
1144 0.268492929
1145 0.267704344
1146 0.267655498
1147 0.268674849
1148 0.267983422
1149 0.267681066
1150 0.267473976
1151 0.267895503
1152 0.267827555
1153 0.268868153
1154 0.266638381
1155 0.268815650
1156 0.266357726
1157 0.267401059
1158 0.268265726
1159 0.268794642
1160 0.267745060
1161 0.267344705
1162 0.266023325
1163 0.267188702
1164 0.267497691
1165 0.267051491
1166 0.267785519
1167 0.267653204
1168 0.268929900
1169 0.266925031
1170 0.267283802
1171 0.267112996
1172 0.267247188
1173 0.265348404
1174 0.266216199
1175 0.266406746
1176 0.265838836
1177 0.266010043
1178 0.267774773
1179 0.266577685
1180 0.266062874
1181 0.266499952
1182 0.266191930
1183 0.266352505
1184 0.265597027
1185 0.265755410
1186 0.266733813
1187 0.267053188
1188 0.266904354
1189 0.267496031
1190 0.266195722
1191 0.266294120
1192 0.266098013
1193 0.267101113
1194 0.266547532
1195 0.266893324
1196 0.266926377
1197 0.266003221
1198 0.265752362
1199 0.265766351
1200 0.265549606
1201 0.266267065
1202 0.266280651
1203 0.266670832
1204 0.265520616
1205 0.264319701
1206 0.266157749
1207 0.264581325
1208 0.266627459
1209 0.266089596
1210 0.267366807
1211 0.266007024
1212 0.266206064
1213 0.266813660
1214 0.266151365
1215 0.265277244
1216 0.265884040
1217 0.265104742
1218 0.267256043
1219 0.266302678
1220 0.264750436
1221 0.265916735
1222 0.267554055
1223 0.266517659
1224 0.266162885
1225 0.266000241
1226 0.265529591
1227 0.265348439
1228 0.265764507
1229 0.266568822
1230 0.266847228
1231 0.266767998
1232 0.265770420
1233 0.264571439
1234 0.267886310
1235 0.265991690
1236 0.265181617
1237 0.265205402
1238 0.265136221
1239 0.264257519
1240 0.265714485
1241 0.264260780
1242 0.265942636
1243 0.267416884
1244 0.265617422
1245 0.264571528
1246 0.266726862
1247 0.266556685
1248 0.266199112
1249 0.265449098
1250 0.266042635
1251 0.265660271
1252 0.265095112
1253 0.265609074
1254 0.265853048
1255 0.264320607
1256 0.264916139
1257 0.266286187
1258 0.265665494
1259 0.265184270
1260 0.264979238
1261 0.266236119
1262 0.265108385
1263 0.265868375
1264 0.264768533
1265 0.264722510
1266 0.265404244
1267 0.265492689
1268 0.263515427
1269 0.264828429
1270 0.264723441
1271 0.264349389
1272 0.264944349
1273 0.263579533
1274 0.265227119
1275 0.265973746
1276 0.264747323
1277 0.264815874
1278 0.264836014
1279 0.264290307
1280 0.265384253
1281 0.263994715
1282 0.263540282
1283 0.263476108
1284 0.263421980
1285 0.264009434
1286 0.264443952
1287 0.262622893
1288 0.263999037
1289 0.265533251
1290 0.264958450
1291 0.263873021
1292 0.265901621
1293 0.264460970
1294 0.264691457
1295 0.265508297
1296 0.265049605
1297 0.264493865
1298 0.264503348
1299 0.264349883
1300 0.262986507
1301 0.262837285
1302 0.263537328
1303 0.263581928
1304 0.263358564
1305 0.263424508
1306 0.264373204
1307 0.264009742
1308 0.264473108
1309 0.265249233
1310 0.264980125
1311 0.263030355
1312 0.263960913
1313 0.263664449
1314 0.264617816
1315 0.264027001
1316 0.266223511
1317 0.265605293
1318 0.264548685
1319 0.265577920
1320 0.264770746
1321 0.263596523
1322 0.265725089
1323 0.264235979
1324 0.264854592
1325 0.265688427
1326 0.264294239
1327 0.264419876
1328 0.264952345
1329 0.262986238
1330 0.263967496
1331 0.263646581
1332 0.265272084
1333 0.262699842
1334 0.264540286
1335 0.263984087
1336 0.263815174
1337 0.262944001
1338 0.263767922
1339 0.264130864
1340 0.264974777
1341 0.263721422
1342 0.262119171
1343 0.263672728
1344 0.262931240
1345 0.263393805
1346 0.263638046
1347 0.264424071
1348 0.264820741
1349 0.264535276
1350 0.262964951
1351 0.263098781
1352 0.262901869
1353 0.263540203
1354 0.263070066
1355 0.263725654
1356 0.263908456
1357 0.263301312
1358 0.263245840
1359 0.263293182
1360 0.264460054
1361 0.263244293
1362 0.264963078
1363 0.264097546
1364 0.263796586
1365 0.263753750
1366 0.264241886
1367 0.263231000
1368 0.262897225
1369 0.262797976
1370 0.262854991
1371 0.264471881
1372 0.264388369
1373 0.262964761
1374 0.263321621
1375 0.263795989
1376 0.262360416
1377 0.263135246
1378 0.261361521
1379 0.263561708
1380 0.263561177
1381 0.263984893
1382 0.262812084
1383 0.263857477
1384 0.263975824
1385 0.261987403
1386 0.263350455
1387 0.264566203
1388 0.263358865
1389 0.262167499
1390 0.261958861
1391 0.262544553
1392 0.262250485
1393 0.262692460
1394 0.263161643
1395 0.263513191
1396 0.263317273
1397 0.263659094
1398 0.262615799
1399 0.262329314
1400 0.262987351
1401 0.262174954
1402 0.261530193
1403 0.261894581
1404 0.261893940
1405 0.262524707
1406 0.262260746
1407 0.263018301
1408 0.262474401
1409 0.264391145
1410 0.263022574
1411 0.263029724
1412 0.262334664
1413 0.263169200
1414 0.263469633
1415 0.262820188
1416 0.264413973
1417 0.263898224
1418 0.264752571
1419 0.263362619
1420 0.262330206
1421 0.262759147
1422 0.264227342
1423 0.263294199
1424 0.262775450
1425 0.264141191
1426 0.263428600
1427 0.264001635
1428 0.263426993
1429 0.262251626
1430 0.263462022
1431 0.264535492
1432 0.264534911
1433 0.263120389
1434 0.262521548
1435 0.263492809
1436 0.262838026
1437 0.262132597
1438 0.263545904
1439 0.262483892
1440 0.262598138
1441 0.262346374
1442 0.262231834
1443 0.263081031
1444 0.264466187
1445 0.261455910
1446 0.262249755
1447 0.262732794
1448 0.263322858
1449 0.261130849
1450 0.262955168
1451 0.262965140
1452 0.263277110
1453 0.262648678
1454 0.261429313
1455 0.263436784
1456 0.262679638
1457 0.262658214
1458 0.261524182
1459 0.261980842
1460 0.262371365
1461 0.263099242
1462 0.263568275
1463 0.264403322
1464 0.263283912
1465 0.262702783
1466 0.261842204
1467 0.261541327
1468 0.262250075
1469 0.262847541
1470 0.262043865
1471 0.263345369
1472 0.263739599
1473 0.263097132
1474 0.263788848
1475 0.263204866
1476 0.263236472
1477 0.263748227
1478 0.262821676
1479 0.262186937
1480 0.262461931
1481 0.263165670
1482 0.263353535
1483 0.262800486
1484 0.262203083
1485 0.261416661
1486 0.262848596
1487 0.262371462
1488 0.262566894
1489 0.262951427
1490 0.261271123
1491 0.262878843
1492 0.262274365
1493 0.261908216
1494 0.262335042
1495 0.262714513
1496 0.262698381
1497 0.262989667
1498 0.262406333
1499 0.262033120
1500 0.261503390
1501 0.262387917
1502 0.262147625
1503 0.262528011
1504 0.262820379
1505 0.260313102
1506 0.260938113
1507 0.260489878
1508 0.260356815
1509 0.258930930
1510 0.259418651
1511 0.258798440
1512 0.258721741
1513 0.257684131
1514 0.257641863
1515 0.257435229
1516 0.255884383
1517 0.255805968
1518 0.255531733
1519 0.255863318
1520 0.254648939
1521 0.254349040
1522 0.253538023
1523 0.254348411
1524 0.252833091
1525 0.253398331
1526 0.253242217
1527 0.253489661
1528 0.253450763
1529 0.252073091
1530 0.251366649
1531 0.252179578
1532 0.251998548
1533 0.249649311
1534 0.248828736
1535 0.248424034
1536 0.246694229
1537 0.247935847
1538 0.246686465
1539 0.247201818
1540 0.246133978
1541 0.244441275
1542 0.246627918
1543 0.247204651
1544 0.244712393
1545 0.244399156
1546 0.243770996
1547 0.244148196
1548 0.243520126
1549 0.243064292
1550 0.243504416
1551 0.244399271
1552 0.242799387
1553 0.242684769
1554 0.241200004
1555 0.240676144
1556 0.239274322
1557 0.238785880
1558 0.237860321
1559 0.239093757
1560 0.236740955
1561 0.237377504
1562 0.237967661
1563 0.237718098
1564 0.237371109
1565 0.236669409
1566 0.237781233
1567 0.235580516
1568 0.235268861
1569 0.235927597
1570 0.234343539
1571 0.234167544
1572 0.234848311
1573 0.233504639
1574 0.232395631
1575 0.233743433
1576 0.232587645
1577 0.232218619
1578 0.232031895
1579 0.231522200
1580 0.230302472
1581 0.229866517
1582 0.230585983
1583 0.230259267
1584 0.229611689
1585 0.227896138
1586 0.229064218
1587 0.227762377
1588 0.226535765
1589 0.226706283
1590 0.226640798
1591 0.224866371
1592 0.224632984
1593 0.223931871
1594 0.223773372
1595 0.224260063
1596 0.221417423
1597 0.220873677
1598 0.220538248
1599 0.222794127
1600 0.218902487
1601 0.220242714
1602 0.218964565
1603 0.219475495
1604 0.218601635
1605 0.219199198
1606 0.218755003
1607 0.218791708
1608 0.217775576
1609 0.217955396
1610 0.216795424
1611 0.217323382
1612 0.215525435
1613 0.214457672
1614 0.212720660
1615 0.214138587
1616 0.213328981
1617 0.213838099
1618 0.212804824
1619 0.213434578
1620 0.212515360
1621 0.211007109
1622 0.210017175
1623 0.209934984
1624 0.210177171
1625 0.210515166
1626 0.208454710
1627 0.208059699
1628 0.207550348
1629 0.206066352
1630 0.204601052
1631 0.205114934
1632 0.205687344
1633 0.203650376
1634 0.205748262
1635 0.205946869
1636 0.203796369
1637 0.204252167
1638 0.201818440
1639 0.203484416
1640 0.204107216
1641 0.202510303
1642 0.200504050
1643 0.201137261
1644 0.200553814
1645 0.198187311
1646 0.199247068
1647 0.197582489
1648 0.197653394
1649 0.196272757
1650 0.198152424
1651 0.195748966
1652 0.196199980
1653 0.196245949
1654 0.195469006
1655 0.195053551
1656 0.194343907
1657 0.194053336
1658 0.193043149
1659 0.190807605
1660 0.191603499
1661 0.190877304
1662 0.191116934
1663 0.189271449
1664 0.189420175
1665 0.188360578
1666 0.187118452
1667 0.189724937
1668 0.188053434
1669 0.187653489
1670 0.186530265
1671 0.185653088
1672 0.186087671
1673 0.185483776
1674 0.184402721
1675 0.184539443
1676 0.184517452
1677 0.183124930
1678 0.183420582
1679 0.183046158
1680 0.180891829
1681 0.181161886
1682 0.180928686
1683 0.180008711
1684 0.179043104
1685 0.179204575
1686 0.178479900
1687 0.178468711
1688 0.178767966
1689 0.177901658
1690 0.177233564
1691 0.177034114
1692 0.177679495
1693 0.176441227
1694 0.175033686
1695 0.174689783
1696 0.175444666
1697 0.173696548
1698 0.173739425
1699 0.174115701
1700 0.171990860
1701 0.172179222
1702 0.171012592
1703 0.170569458
1704 0.170004207
1705 0.168797237
1706 0.168645743
1707 0.167767850
1708 0.169190226
1709 0.167883659
1710 0.167288622
1711 0.167175061
1712 0.165492374
1713 0.164115841
1714 0.165749801
1715 0.164053315
1716 0.164082025
1717 0.162545830
1718 0.161442681
1719 0.161518441
1720 0.160431423
1721 0.161796413
1722 0.160129463
1723 0.160422541
1724 0.158437271
1725 0.158721821
1726 0.157969709
1727 0.158202317
1728 0.156976720
1729 0.157030543
1730 0.154465460
1731 0.155315081
1732 0.154146768
1733 0.154502980
1734 0.153577726
1735 0.152786371
1736 0.151269249
1737 0.152056939
1738 0.150646252
1739 0.150232309
1740 0.149408970
1741 0.149191663
1742 0.147923205
1743 0.148626792
1744 0.148896617
1745 0.148321818
1746 0.146454418
1747 0.146967644
1748 0.146505036
1749 0.145368704
1750 0.144315994
1751 0.143251324
1752 0.144309955
1753 0.143662067
1754 0.144100806
1755 0.142953726
1756 0.142205799
1757 0.143795385
1758 0.143683953
1759 0.143298409
1760 0.143366702
1761 0.143602388
1762 0.143932239
1763 0.142946550
1764 0.143491359
1765 0.143663651
1766 0.142498073
1767 0.143557217
1768 0.143472042
1769 0.143283027
1770 0.144244934
1771 0.143676005
1772 0.144861848
1773 0.142653240
1774 0.143021672
1775 0.141337470
1776 0.142186334
1777 0.142954455
1778 0.143711629
1779 0.142916414
1780 0.143084369
1781 0.143594159
1782 0.141579946
1783 0.141649013
1784 0.142487616
1785 0.142896006
1786 0.142759189
1787 0.142296750
1788 0.143227325
1789 0.143864884
1790 0.143682851
1791 0.143301182
1792 0.143360921
1793 0.142935729
1794 0.142761265
1795 0.142115584
1796 0.143827458
1797 0.143760485
1798 0.143204835
1799 0.143176320
1800 0.144425558
1801 0.143563298
1802 0.144103896
1803 0.142928032
1804 0.142630013
1805 0.141949738
1806 0.142060328
1807 0.142017288
1808 0.142710685
1809 0.142829918
1810 0.140998665
1811 0.141137489
1812 0.142034886
1813 0.141618859
1814 0.142860602
1815 0.142845382
1816 0.141141705
1817 0.142180226
1818 0.142031612
1819 0.141586096
1820 0.143040005
1821 0.142637877
1822 0.141785324
1823 0.140660870
1824 0.140695984
1825 0.141014272
1826 0.142059871
1827 0.142060217
1828 0.141636505
1829 0.142086702
1830 0.141530148
1831 0.140606346
1832 0.141812200
1833 0.140819864
1834 0.140813437
1835 0.141014017
1836 0.140721752
1837 0.141014848
1838 0.140988830
1839 0.140248355
1840 0.140970182
1841 0.142591728
1842 0.141650822
1843 0.141990577
1844 0.142605969
1845 0.141718325
1846 0.141985062
1847 0.141463356
1848 0.141295910
1849 0.140754009
1850 0.140495814
1851 0.141032064
1852 0.142833128
1853 0.142030169
1854 0.141890484
1855 0.141753305
1856 0.142037941
1857 0.141781346
1858 0.141658532
1859 0.141513292
1860 0.140887498
1861 0.140434282
1862 0.141305847
1863 0.141660574
1864 0.142820075
1865 0.142417064
1866 0.141665153
1867 0.141360107
1868 0.140687875
1869 0.140702897
1870 0.141120736
1871 0.140862810
1872 0.140710187
1873 0.140575854
1874 0.139138568
1875 0.140430883
1876 0.139912862
1877 0.141242539
1878 0.140550768
1879 0.140078115
1880 0.140359391
1881 0.141640363
1882 0.140096344
1883 0.141114112
1884 0.141216560
1885 0.141405368
1886 0.140398206
1887 0.139719361
1888 0.141419933
1889 0.141195766
1890 0.140207212
1891 0.140576400
1892 0.140769793
1893 0.141900883
1894 0.140165561
1895 0.140067737
1896 0.142529653
1897 0.140633887
1898 0.141154519
1899 0.140510183
1900 0.141427474
1901 0.140867297
1902 0.140859941
1903 0.140947424
1904 0.139917673
1905 0.140246776
1906 0.140037583
1907 0.140672984
1908 0.140213666
1909 0.141320033
1910 0.140986784
1911 0.140765730
1912 0.140913720
1913 0.141450722
1914 0.140667319
1915 0.141668744
1916 0.142319968
1917 0.141121842
1918 0.140871808
1919 0.142119585
1920 0.142390287
1921 0.141561539
1922 0.142337234
1923 0.143024056
1924 0.141691162
1925 0.143115393
1926 0.141735963
1927 0.141969421
1928 0.141835718
1929 0.141233098
1930 0.141665403
1931 0.140925816
1932 0.141274155
1933 0.141135925
1934 0.141452304
1935 0.142222517
1936 0.141940606
1937 0.141449585
1938 0.141404780
1939 0.142056119
1940 0.141153383
1941 0.140723671
1942 0.140551996
1943 0.142045092
1944 0.142069608
1945 0.142947117
1946 0.143047060
1947 0.142430374
1948 0.142007940
1949 0.142015534
1950 0.142088469
1951 0.142950282
1952 0.142640001
1953 0.142761593
1954 0.141238304
1955 0.141951210
1956 0.141504165
1957 0.142410766
1958 0.142953137
1959 0.141909823
1960 0.142151692
1961 0.142252510
1962 0.141200868
1963 0.141354397
1964 0.142622377
1965 0.142228385
1966 0.142510080
1967 0.142213104
1968 0.142227123
1969 0.142079290
1970 0.141719048
1971 0.141266931
1972 0.140987421
1973 0.142478489
1974 0.141666376
1975 0.141347868
1976 0.141519333
1977 0.141012102
1978 0.140297375
1979 0.142571891
1980 0.142276934
1981 0.141616240
1982 0.142121601
1983 0.141507408
1984 0.141448259
1985 0.141579951
1986 0.140209538
1987 0.141988742
1988 0.141791210
1989 0.142630806
1990 0.141535306
1991 0.142703172
1992 0.141342142
1993 0.141023135
1994 0.142792290
1995 0.141318829
1996 0.142330865
1997 0.141820109
1998 0.141393233
1999 0.141569520
2000 0.142465091
