20 26 0.761 0.085 0.489 0.187 0.113 0.066 0.029 0.013 0.006 0.002 0.011
20 29 0.743 0.014 0.314 0.415 0.161 0.053 0.019 0.008 0.004 0.002 0.009
3 20 0.703 0.040 0.448 0.215 0.094 0.056 0.034 0.028 0.021 0.017 0.046
3 26 0.673 0.033 0.359 0.281 0.163 0.072 0.032 0.016 0.010 0.006 0.028
30 43 0.656 0.030 0.359 0.267 0.125 0.063 0.036 0.026 0.021 0.019 0.054
34 43 0.571 0.011 0.198 0.363 0.214 0.085 0.041 0.027 0.019 0.014 0.028
5 30 0.516 0.002 0.136 0.378 0.296 0.123 0.033 0.012 0.006 0.003 0.012
7 16 0.515 0.014 0.240 0.261 0.240 0.114 0.053 0.032 0.014 0.008 0.024
2 19 0.511 0.012 0.284 0.215 0.072 0.053 0.053 0.060 0.054 0.049 0.148
4 17 0.510 0.006 0.286 0.218 0.089 0.083 0.083 0.084 0.054 0.034 0.062
2 20 0.486 0.002 0.072 0.412 0.144 0.093 0.057 0.044 0.035 0.029 0.111
5 17 0.483 0.001 0.029 0.453 0.168 0.105 0.096 0.056 0.035 0.021 0.034
6 16 0.479 0.003 0.059 0.418 0.224 0.114 0.081 0.042 0.023 0.012 0.026
33 39 0.472 0.004 0.094 0.374 0.374 0.093 0.031 0.009 0.003 0.002 0.016
3 19 0.455 0.001 0.031 0.423 0.168 0.082 0.067 0.051 0.045 0.040 0.092
3 29 0.453 0.007 0.133 0.314 0.323 0.126 0.036 0.016 0.010 0.007 0.029
6 49 0.444 0.009 0.173 0.262 0.161 0.109 0.069 0.054 0.042 0.033 0.087
5 16 0.441 0.014 0.269 0.158 0.224 0.112 0.078 0.064 0.029 0.018 0.035
5 20 0.430 0.003 0.113 0.315 0.227 0.140 0.089 0.047 0.023 0.015 0.028
34 41 0.429 0.008 0.118 0.302 0.299 0.109 0.062 0.044 0.024 0.009 0.024
5 18 0.421 0.011 0.243 0.167 0.120 0.073 0.069 0.108 0.087 0.051 0.072
4 18 0.418 0.001 0.020 0.397 0.132 0.042 0.058 0.066 0.085 0.084 0.116
5 33 0.411 0.002 0.067 0.343 0.347 0.144 0.045 0.018 0.009 0.006 0.019
26 45 0.407 0.014 0.174 0.218 0.195 0.109 0.063 0.047 0.039 0.032 0.107
31 43 0.399 0.004 0.107 0.288 0.270 0.127 0.058 0.039 0.031 0.025 0.051
27 45 0.396 0.011 0.173 0.211 0.168 0.110 0.074 0.056 0.046 0.038 0.112
5 26 0.385 0.004 0.099 0.283 0.312 0.169 0.065 0.028 0.013 0.007 0.021
6 15 0.376 0.005 0.214 0.156 0.084 0.093 0.106 0.133 0.096 0.054 0.058
34 40 0.367 0.001 0.049 0.317 0.356 0.131 0.066 0.043 0.016 0.004 0.017
5 52 0.358 0.009 0.163 0.187 0.139 0.120 0.089 0.085 0.060 0.039 0.109
5 29 0.353 0.002 0.076 0.276 0.361 0.191 0.055 0.017 0.007 0.004 0.013
7 33 0.346 0.002 0.080 0.264 0.246 0.181 0.102 0.056 0.028 0.016 0.026
30 45 0.335 0.002 0.067 0.266 0.297 0.142 0.059 0.035 0.027 0.023 0.083
7 15 0.327 0.002 0.039 0.286 0.158 0.113 0.157 0.119 0.066 0.028 0.032
3 53 0.319 0.005 0.083 0.232 0.125 0.148 0.089 0.074 0.060 0.045 0.139
7 13 0.317 0.003 0.062 0.252 0.184 0.246 0.146 0.054 0.017 0.007 0.029
3 54 0.314 0.010 0.166 0.138 0.097 0.096 0.081 0.084 0.068 0.055 0.205
4 19 0.304 0.005 0.200 0.098 0.093 0.232 0.069 0.105 0.073 0.041 0.083
7 14 0.301 0.009 0.184 0.108 0.136 0.140 0.129 0.141 0.084 0.030 0.040
6 52 0.298 0.004 0.065 0.229 0.151 0.144 0.110 0.086 0.065 0.044 0.102
6 45 0.295 0.002 0.042 0.251 0.205 0.204 0.107 0.070 0.043 0.027 0.049
6 17 0.294 0.003 0.170 0.121 0.176 0.283 0.086 0.076 0.038 0.015 0.032
7 43 0.281 0.005 0.161 0.115 0.146 0.176 0.126 0.109 0.063 0.035 0.063
2 21 0.281 0.007 0.140 0.133 0.136 0.198 0.085 0.070 0.046 0.032 0.152
27 43 0.272 0.003 0.073 0.196 0.249 0.150 0.083 0.060 0.048 0.038 0.101
1 21 0.269 0.003 0.065 0.200 0.138 0.093 0.066 0.055 0.047 0.037 0.296
5 45 0.265 0.003 0.156 0.106 0.129 0.208 0.143 0.104 0.057 0.033 0.061
5 53 0.262 0.003 0.053 0.206 0.148 0.129 0.103 0.085 0.067 0.049 0.156
4 53 0.262 0.006 0.134 0.122 0.115 0.115 0.102 0.116 0.080 0.049 0.162
3 30 0.261 0.002 0.055 0.204 0.351 0.236 0.078 0.028 0.013 0.007 0.025
5 15 0.258 0.001 0.027 0.231 0.073 0.192 0.104 0.107 0.116 0.073 0.076
4 20 0.256 0.001 0.026 0.230 0.207 0.274 0.131 0.042 0.028 0.021 0.040
4 16 0.253 0.001 0.026 0.227 0.107 0.298 0.112 0.083 0.063 0.030 0.054
6 51 0.252 0.006 0.121 0.126 0.141 0.153 0.120 0.106 0.066 0.042 0.118
3 18 0.251 0.005 0.147 0.098 0.261 0.093 0.066 0.092 0.069 0.058 0.111
26 52 0.244 0.009 0.098 0.137 0.148 0.124 0.101 0.085 0.072 0.057 0.168
6 14 0.240 0.001 0.024 0.215 0.086 0.169 0.133 0.133 0.115 0.066 0.057
8 14 0.240 0.002 0.033 0.205 0.169 0.109 0.165 0.174 0.066 0.018 0.059
5 43 0.240 0.002 0.089 0.149 0.146 0.181 0.141 0.112 0.067 0.042 0.071
6 43 0.237 0.001 0.025 0.211 0.133 0.239 0.126 0.100 0.060 0.039 0.066
6 50 0.236 0.004 0.055 0.178 0.167 0.220 0.113 0.073 0.051 0.037 0.104
4 52 0.236 0.003 0.047 0.186 0.125 0.201 0.130 0.088 0.059 0.041 0.120
5 51 0.234 0.002 0.050 0.182 0.111 0.190 0.118 0.106 0.077 0.048 0.116
6 44 0.231 0.006 0.158 0.066 0.171 0.192 0.125 0.112 0.067 0.038 0.063
1 20 0.225 0.009 0.115 0.101 0.172 0.114 0.065 0.062 0.041 0.030 0.292
6 46 0.222 0.004 0.073 0.145 0.188 0.187 0.129 0.094 0.060 0.038 0.081
2 55 0.220 0.008 0.116 0.096 0.072 0.062 0.056 0.063 0.067 0.070 0.389
16 33 0.220 0.004 0.075 0.142 0.199 0.213 0.157 0.092 0.048 0.027 0.043
3 21 0.220 0.002 0.027 0.191 0.244 0.229 0.119 0.050 0.036 0.031 0.071
20 30 0.220 0.001 0.039 0.180 0.407 0.246 0.070 0.027 0.012 0.005 0.013
4 54 0.219 0.003 0.045 0.170 0.117 0.084 0.092 0.092 0.091 0.077 0.228
5 54 0.216 0.004 0.092 0.119 0.118 0.126 0.094 0.090 0.083 0.066 0.207
23 45 0.215 0.011 0.103 0.101 0.104 0.097 0.101 0.103 0.094 0.075 0.210
7 30 0.215 0.001 0.029 0.186 0.352 0.250 0.100 0.041 0.017 0.008 0.016
7 39 0.214 0.002 0.052 0.161 0.195 0.164 0.121 0.101 0.075 0.051 0.078
3 17 0.213 0.001 0.021 0.191 0.096 0.337 0.117 0.073 0.060 0.033 0.071
26 50 0.213 0.009 0.087 0.118 0.173 0.166 0.127 0.092 0.065 0.045 0.119
2 54 0.211 0.005 0.057 0.149 0.096 0.095 0.072 0.078 0.079 0.075 0.294
3 25 0.210 0.002 0.038 0.171 0.380 0.207 0.080 0.038 0.022 0.014 0.048
8 44 0.206 0.005 0.078 0.123 0.145 0.145 0.145 0.125 0.086 0.053 0.094
45 51 0.203 0.004 0.057 0.142 0.295 0.279 0.104 0.040 0.017 0.010 0.052
3 52 0.203 0.004 0.072 0.127 0.205 0.167 0.124 0.088 0.054 0.040 0.120
19 29 0.199 0.002 0.044 0.154 0.335 0.282 0.105 0.041 0.016 0.007 0.015
7 17 0.199 0.001 0.028 0.169 0.215 0.265 0.225 0.046 0.019 0.011 0.021
30 52 0.198 0.003 0.057 0.138 0.151 0.114 0.091 0.082 0.076 0.068 0.220
5 19 0.196 0.001 0.017 0.178 0.186 0.181 0.223 0.081 0.050 0.033 0.050
8 42 0.195 0.007 0.116 0.072 0.107 0.116 0.120 0.132 0.114 0.086 0.129
2 18 0.192 0.001 0.034 0.156 0.086 0.240 0.077 0.064 0.079 0.072 0.190
2 53 0.192 0.006 0.084 0.101 0.121 0.108 0.095 0.117 0.086 0.073 0.208
3 55 0.192 0.003 0.045 0.144 0.106 0.082 0.079 0.081 0.082 0.078 0.300
4 49 0.189 0.008 0.094 0.087 0.150 0.192 0.149 0.099 0.064 0.046 0.109
7 49 0.187 0.002 0.052 0.133 0.141 0.206 0.149 0.097 0.063 0.044 0.113
8 43 0.186 0.002 0.033 0.151 0.140 0.143 0.150 0.134 0.090 0.061 0.097
7 52 0.185 0.003 0.072 0.110 0.133 0.134 0.112 0.113 0.097 0.074 0.151
4 15 0.184 0.001 0.054 0.129 0.069 0.097 0.152 0.139 0.108 0.111 0.139
7 42 0.184 0.001 0.019 0.164 0.088 0.181 0.150 0.145 0.104 0.065 0.084
7 44 0.182 0.001 0.020 0.161 0.162 0.193 0.173 0.127 0.069 0.037 0.057
3 23 0.182 0.002 0.042 0.138 0.219 0.213 0.146 0.086 0.052 0.033 0.070
3 45 0.181 0.003 0.095 0.083 0.077 0.126 0.146 0.146 0.114 0.082 0.129
5 44 0.179 0.000 0.014 0.165 0.078 0.200 0.150 0.162 0.099 0.055 0.077
6 53 0.179 0.005 0.080 0.094 0.146 0.183 0.109 0.101 0.081 0.056 0.144
1 19 0.178 0.003 0.050 0.125 0.096 0.164 0.070 0.057 0.053 0.044 0.338
3 49 0.178 0.004 0.056 0.117 0.120 0.132 0.123 0.143 0.113 0.066 0.126
8 41 0.175 0.003 0.055 0.117 0.101 0.113 0.120 0.137 0.129 0.100 0.126
23 50 0.169 0.006 0.070 0.093 0.113 0.105 0.102 0.099 0.089 0.077 0.245
3 50 0.168 0.003 0.059 0.106 0.134 0.150 0.145 0.148 0.078 0.056 0.121
9 39 0.168 0.004 0.068 0.095 0.107 0.122 0.128 0.129 0.112 0.088 0.147
2 17 0.163 0.002 0.052 0.109 0.069 0.156 0.232 0.128 0.068 0.054 0.131
20 45 0.163 0.002 0.041 0.120 0.187 0.168 0.128 0.108 0.083 0.058 0.106
5 49 0.163 0.002 0.046 0.115 0.198 0.273 0.119 0.073 0.051 0.037 0.087
1 22 0.162 0.004 0.052 0.106 0.156 0.133 0.083 0.062 0.049 0.040 0.316
9 41 0.162 0.009 0.090 0.063 0.079 0.096 0.113 0.129 0.129 0.113 0.179
8 49 0.161 0.004 0.071 0.087 0.105 0.144 0.153 0.126 0.085 0.059 0.167
17 26 0.161 0.003 0.048 0.110 0.257 0.266 0.149 0.083 0.039 0.018 0.027
8 15 0.161 0.004 0.081 0.076 0.171 0.166 0.133 0.198 0.098 0.023 0.050
4 51 0.160 0.003 0.056 0.101 0.133 0.159 0.174 0.130 0.068 0.045 0.131
4 46 0.160 0.012 0.111 0.037 0.072 0.105 0.141 0.169 0.131 0.087 0.135
7 34 0.159 0.001 0.027 0.131 0.229 0.227 0.153 0.102 0.059 0.032 0.040
4 45 0.158 0.000 0.010 0.148 0.075 0.190 0.184 0.155 0.095 0.056 0.088
33 43 0.155 0.001 0.021 0.132 0.407 0.251 0.085 0.041 0.023 0.013 0.026
3 33 0.153 0.002 0.040 0.111 0.230 0.268 0.192 0.083 0.027 0.013 0.033
7 41 0.151 0.002 0.049 0.100 0.111 0.146 0.167 0.164 0.112 0.068 0.082
45 52 0.151 0.003 0.040 0.107 0.237 0.259 0.147 0.080 0.038 0.018 0.069
45 53 0.147 0.004 0.046 0.097 0.148 0.170 0.160 0.131 0.088 0.048 0.107
20 49 0.146 0.003 0.049 0.094 0.133 0.145 0.127 0.112 0.091 0.070 0.176
7 50 0.146 0.003 0.065 0.078 0.114 0.134 0.143 0.155 0.108 0.063 0.136
9 16 0.139 0.001 0.034 0.103 0.316 0.315 0.112 0.066 0.018 0.006 0.028
26 51 0.138 0.005 0.050 0.083 0.164 0.164 0.131 0.104 0.079 0.058 0.163
6 13 0.138 0.002 0.039 0.098 0.210 0.171 0.178 0.184 0.065 0.018 0.036
12 39 0.138 0.006 0.057 0.075 0.116 0.127 0.123 0.122 0.109 0.089 0.177
5 50 0.137 0.002 0.045 0.090 0.210 0.223 0.134 0.107 0.060 0.036 0.092
6 12 0.136 0.002 0.032 0.102 0.273 0.406 0.101 0.033 0.016 0.005 0.031
27 44 0.132 0.001 0.025 0.106 0.230 0.203 0.129 0.087 0.060 0.043 0.116
23 47 0.131 0.007 0.060 0.064 0.083 0.081 0.081 0.083 0.087 0.091 0.362
7 45 0.131 0.002 0.047 0.082 0.168 0.319 0.141 0.103 0.057 0.029 0.051
7 51 0.130 0.001 0.025 0.103 0.119 0.128 0.125 0.116 0.113 0.092 0.177
8 16 0.128 0.002 0.020 0.107 0.263 0.329 0.184 0.035 0.013 0.006 0.041
26 49 0.128 0.002 0.033 0.093 0.211 0.213 0.144 0.093 0.060 0.041 0.108
34 42 0.128 0.001 0.020 0.107 0.360 0.281 0.099 0.053 0.030 0.018 0.031
3 56 0.126 0.003 0.048 0.076 0.084 0.092 0.079 0.081 0.082 0.073 0.383
4 55 0.124 0.004 0.058 0.062 0.091 0.116 0.071 0.090 0.102 0.093 0.312
3 46 0.123 0.000 0.019 0.103 0.057 0.073 0.115 0.153 0.150 0.130 0.199
9 49 0.121 0.003 0.041 0.077 0.082 0.089 0.104 0.128 0.131 0.109 0.236
24 45 0.120 0.002 0.022 0.096 0.179 0.148 0.131 0.111 0.084 0.063 0.164
2 56 0.119 0.002 0.034 0.083 0.078 0.063 0.056 0.057 0.061 0.063 0.502
9 42 0.117 0.001 0.023 0.092 0.127 0.106 0.113 0.122 0.124 0.110 0.181
5 46 0.116 0.000 0.012 0.103 0.124 0.164 0.182 0.167 0.101 0.057 0.089
9 40 0.115 0.001 0.023 0.090 0.088 0.092 0.106 0.123 0.123 0.112 0.240
20 28 0.113 0.001 0.016 0.096 0.501 0.277 0.069 0.019 0.007 0.003 0.011
17 29 0.112 0.001 0.024 0.088 0.258 0.327 0.162 0.071 0.032 0.016 0.022
3 22 0.111 0.001 0.017 0.093 0.256 0.238 0.147 0.078 0.049 0.036 0.086
1 55 0.110 0.002 0.035 0.073 0.070 0.058 0.053 0.056 0.057 0.060 0.535
18 29 0.109 0.002 0.035 0.071 0.141 0.315 0.257 0.101 0.039 0.017 0.022
12 33 0.108 0.002 0.033 0.073 0.159 0.198 0.183 0.145 0.088 0.050 0.069
6 18 0.107 0.001 0.010 0.097 0.133 0.146 0.291 0.117 0.090 0.060 0.056
16 49 0.106 0.003 0.040 0.064 0.093 0.107 0.108 0.115 0.112 0.101 0.257
19 26 0.106 0.001 0.021 0.083 0.355 0.282 0.127 0.070 0.030 0.011 0.019
4 50 0.106 0.001 0.024 0.080 0.137 0.288 0.135 0.112 0.076 0.044 0.102
6 54 0.105 0.002 0.024 0.079 0.086 0.150 0.163 0.110 0.097 0.081 0.209
8 45 0.104 0.002 0.027 0.076 0.134 0.234 0.209 0.116 0.075 0.048 0.080
16 29 0.102 0.001 0.017 0.085 0.289 0.310 0.160 0.073 0.030 0.013 0.022
7 18 0.102 0.001 0.018 0.084 0.152 0.168 0.208 0.202 0.099 0.038 0.031
27 50 0.102 0.001 0.025 0.076 0.154 0.171 0.160 0.125 0.086 0.059 0.145
23 29 0.101 0.002 0.033 0.066 0.214 0.598 0.063 0.009 0.003 0.001 0.011
10 41 0.101 0.003 0.035 0.064 0.084 0.085 0.104 0.120 0.127 0.121 0.259
4 48 0.098 0.001 0.022 0.074 0.094 0.105 0.124 0.166 0.143 0.093 0.178
17 30 0.098 0.001 0.026 0.071 0.138 0.259 0.253 0.142 0.058 0.024 0.028
30 44 0.097 0.000 0.013 0.083 0.350 0.280 0.098 0.050 0.032 0.022 0.071
3 51 0.097 0.002 0.029 0.067 0.128 0.277 0.141 0.101 0.084 0.050 0.121
8 48 0.097 0.002 0.031 0.065 0.073 0.092 0.124 0.148 0.152 0.115 0.199
9 48 0.097 0.004 0.048 0.044 0.061 0.069 0.082 0.105 0.125 0.135 0.326
12 20 0.096 0.000 0.004 0.092 0.297 0.204 0.107 0.040 0.035 0.040 0.180
27 52 0.095 0.002 0.027 0.067 0.140 0.158 0.130 0.106 0.087 0.069 0.215
18 26 0.095 0.001 0.024 0.070 0.193 0.277 0.212 0.115 0.056 0.024 0.028
20 27 0.095 0.001 0.015 0.080 0.479 0.289 0.084 0.027 0.009 0.004 0.013
7 37 0.094 0.001 0.015 0.078 0.217 0.190 0.136 0.106 0.083 0.064 0.110
20 50 0.093 0.002 0.027 0.065 0.127 0.163 0.148 0.121 0.091 0.069 0.186
11 39 0.093 0.002 0.028 0.063 0.122 0.135 0.124 0.115 0.102 0.088 0.221
8 50 0.093 0.001 0.023 0.069 0.100 0.108 0.136 0.137 0.126 0.101 0.199
6 30 0.091 0.001 0.017 0.073 0.276 0.417 0.148 0.038 0.012 0.005 0.012
17 33 0.091 0.001 0.018 0.072 0.178 0.233 0.167 0.142 0.088 0.046 0.056
23 51 0.090 0.003 0.034 0.053 0.098 0.119 0.117 0.111 0.098 0.082 0.286
26 43 0.090 0.001 0.017 0.071 0.223 0.235 0.150 0.081 0.055 0.043 0.124
2 22 0.089 0.001 0.015 0.074 0.157 0.185 0.181 0.103 0.061 0.046 0.179
2 26 0.089 0.001 0.014 0.074 0.320 0.288 0.132 0.062 0.031 0.017 0.061
10 40 0.087 0.003 0.035 0.050 0.078 0.082 0.095 0.109 0.113 0.109 0.327
20 33 0.086 0.000 0.011 0.075 0.218 0.326 0.201 0.090 0.038 0.017 0.024
9 17 0.086 0.001 0.015 0.070 0.180 0.268 0.199 0.104 0.079 0.051 0.035
3 48 0.083 0.001 0.030 0.052 0.076 0.098 0.100 0.119 0.128 0.139 0.256
20 52 0.083 0.001 0.022 0.059 0.111 0.138 0.133 0.118 0.097 0.076 0.243
21 29 0.082 0.000 0.011 0.070 0.342 0.393 0.130 0.031 0.009 0.003 0.010
1 54 0.081 0.002 0.027 0.052 0.100 0.090 0.080 0.080 0.072 0.067 0.430
1 23 0.081 0.001 0.021 0.058 0.140 0.175 0.129 0.085 0.063 0.049 0.278
9 37 0.080 0.001 0.021 0.058 0.125 0.135 0.126 0.123 0.115 0.100 0.196
2 52 0.080 0.002 0.024 0.055 0.103 0.195 0.125 0.136 0.116 0.066 0.179
8 46 0.080 0.002 0.022 0.056 0.146 0.190 0.182 0.129 0.089 0.062 0.121
16 30 0.079 0.001 0.013 0.065 0.239 0.306 0.194 0.099 0.042 0.018 0.024
9 50 0.078 0.001 0.022 0.055 0.080 0.087 0.095 0.118 0.129 0.125 0.288
20 32 0.078 0.001 0.017 0.060 0.184 0.340 0.243 0.094 0.032 0.013 0.018
30 53 0.076 0.001 0.019 0.055 0.135 0.160 0.129 0.101 0.083 0.069 0.247
1 26 0.075 0.001 0.017 0.057 0.181 0.248 0.168 0.088 0.052 0.032 0.156
9 45 0.075 0.002 0.027 0.047 0.089 0.146 0.151 0.197 0.143 0.077 0.122
5 14 0.075 0.001 0.015 0.058 0.222 0.111 0.125 0.186 0.113 0.087 0.081
7 53 0.073 0.001 0.015 0.057 0.104 0.188 0.159 0.113 0.097 0.078 0.187
1 56 0.072 0.002 0.029 0.041 0.054 0.059 0.059 0.060 0.058 0.056 0.582
11 40 0.072 0.002 0.025 0.044 0.088 0.109 0.109 0.104 0.101 0.097 0.319
9 43 0.071 0.001 0.023 0.047 0.122 0.192 0.126 0.138 0.120 0.087 0.145
4 26 0.070 0.000 0.010 0.060 0.375 0.357 0.112 0.038 0.016 0.008 0.023
9 33 0.069 0.001 0.015 0.054 0.137 0.197 0.205 0.166 0.104 0.058 0.063
23 49 0.069 0.001 0.019 0.049 0.130 0.148 0.125 0.109 0.097 0.083 0.240
8 51 0.069 0.002 0.028 0.039 0.085 0.140 0.117 0.122 0.119 0.104 0.244
8 52 0.067 0.001 0.017 0.049 0.081 0.138 0.157 0.126 0.111 0.097 0.224
26 53 0.066 0.001 0.018 0.046 0.118 0.157 0.141 0.114 0.089 0.071 0.244
9 44 0.066 0.001 0.017 0.048 0.107 0.192 0.180 0.142 0.107 0.077 0.127
12 41 0.065 0.002 0.019 0.044 0.100 0.113 0.120 0.128 0.124 0.112 0.238
23 46 0.065 0.001 0.016 0.048 0.113 0.114 0.101 0.101 0.102 0.100 0.304
12 37 0.065 0.002 0.018 0.045 0.114 0.150 0.142 0.128 0.113 0.095 0.193
19 33 0.064 0.000 0.016 0.048 0.118 0.217 0.239 0.180 0.093 0.044 0.044
3 47 0.064 0.001 0.022 0.042 0.064 0.084 0.087 0.112 0.125 0.133 0.329
9 15 0.063 0.001 0.014 0.049 0.106 0.300 0.295 0.156 0.040 0.013 0.027
23 52 0.061 0.001 0.017 0.044 0.099 0.117 0.116 0.113 0.100 0.086 0.309
23 48 0.061 0.001 0.019 0.040 0.088 0.106 0.103 0.096 0.094 0.095 0.357
29 52 0.061 0.001 0.012 0.048 0.132 0.151 0.122 0.101 0.089 0.078 0.267
1 53 0.060 0.002 0.020 0.038 0.078 0.134 0.109 0.098 0.094 0.078 0.348
19 25 0.060 0.001 0.011 0.049 0.305 0.338 0.164 0.078 0.027 0.009 0.019
3 16 0.060 0.001 0.015 0.045 0.224 0.127 0.186 0.237 0.057 0.040 0.068
11 41 0.059 0.001 0.015 0.043 0.102 0.110 0.113 0.114 0.110 0.105 0.285
16 45 0.059 0.001 0.015 0.044 0.118 0.157 0.145 0.139 0.118 0.092 0.171
27 51 0.059 0.001 0.014 0.044 0.119 0.171 0.157 0.126 0.094 0.070 0.204
6 48 0.059 0.001 0.016 0.043 0.167 0.291 0.159 0.095 0.064 0.046 0.119
12 49 0.059 0.002 0.021 0.036 0.086 0.112 0.120 0.127 0.121 0.105 0.269
9 46 0.058 0.001 0.018 0.039 0.099 0.137 0.144 0.160 0.143 0.098 0.160
30 39 0.058 0.000 0.005 0.053 0.400 0.338 0.096 0.056 0.024 0.009 0.018
2 29 0.058 0.001 0.012 0.045 0.160 0.333 0.256 0.091 0.033 0.016 0.054
47 53 0.057 0.001 0.017 0.039 0.084 0.187 0.202 0.191 0.115 0.064 0.100
2 49 0.056 0.002 0.021 0.034 0.076 0.125 0.120 0.128 0.133 0.128 0.234
30 42 0.056 0.000 0.008 0.048 0.250 0.334 0.156 0.077 0.044 0.031 0.052
3 27 0.056 0.000 0.006 0.050 0.279 0.344 0.176 0.069 0.029 0.014 0.033
30 54 0.056 0.001 0.015 0.040 0.092 0.130 0.128 0.109 0.089 0.075 0.321
4 56 0.056 0.001 0.014 0.041 0.068 0.102 0.104 0.091 0.093 0.091 0.396
10 42 0.055 0.001 0.015 0.040 0.097 0.106 0.109 0.119 0.124 0.120 0.270
20 51 0.055 0.001 0.014 0.040 0.108 0.164 0.154 0.127 0.097 0.074 0.222
6 20 0.055 0.001 0.013 0.041 0.118 0.378 0.229 0.094 0.073 0.029 0.024
6 26 0.055 0.001 0.014 0.040 0.147 0.338 0.268 0.112 0.041 0.017 0.023
24 50 0.055 0.001 0.012 0.042 0.125 0.140 0.135 0.125 0.108 0.087 0.224
30 50 0.055 0.000 0.010 0.044 0.135 0.214 0.195 0.139 0.088 0.056 0.119
6 42 0.055 0.001 0.013 0.041 0.194 0.136 0.153 0.171 0.122 0.074 0.095
10 39 0.054 0.001 0.014 0.040 0.103 0.131 0.142 0.139 0.118 0.097 0.216
2 51 0.054 0.002 0.019 0.033 0.075 0.120 0.150 0.178 0.135 0.085 0.203
5 55 0.052 0.001 0.011 0.040 0.068 0.138 0.161 0.112 0.099 0.090 0.280
16 26 0.052 0.000 0.007 0.044 0.222 0.303 0.207 0.115 0.049 0.022 0.030
1 25 0.052 0.001 0.012 0.039 0.121 0.218 0.190 0.110 0.062 0.037 0.210
11 37 0.051 0.001 0.013 0.037 0.096 0.131 0.137 0.129 0.114 0.096 0.246
9 51 0.051 0.001 0.019 0.031 0.052 0.102 0.128 0.124 0.116 0.108 0.319
8 39 0.050 0.001 0.009 0.040 0.182 0.225 0.147 0.118 0.096 0.073 0.109
12 30 0.050 0.001 0.016 0.034 0.098 0.228 0.249 0.168 0.096 0.052 0.059
6 55 0.049 0.001 0.014 0.034 0.053 0.080 0.102 0.167 0.151 0.104 0.293
12 45 0.049 0.001 0.015 0.033 0.076 0.119 0.154 0.165 0.142 0.107 0.188
5 34 0.048 0.000 0.006 0.042 0.235 0.356 0.203 0.085 0.033 0.016 0.024
17 49 0.047 0.000 0.011 0.036 0.105 0.149 0.134 0.128 0.109 0.088 0.240
3 24 0.047 0.000 0.006 0.041 0.263 0.315 0.174 0.078 0.037 0.022 0.064
5 12 0.047 0.001 0.011 0.036 0.168 0.326 0.270 0.112 0.025 0.011 0.041
2 48 0.046 0.001 0.011 0.035 0.061 0.075 0.083 0.095 0.106 0.113 0.421
22 28 0.046 0.001 0.010 0.035 0.512 0.313 0.087 0.024 0.005 0.002 0.011
12 34 0.046 0.001 0.010 0.035 0.096 0.151 0.185 0.186 0.139 0.087 0.111
2 50 0.046 0.001 0.012 0.032 0.071 0.128 0.136 0.159 0.150 0.098 0.211
6 33 0.046 0.000 0.010 0.036 0.159 0.418 0.238 0.081 0.028 0.012 0.018
12 40 0.045 0.001 0.011 0.033 0.077 0.109 0.120 0.126 0.120 0.114 0.288
9 34 0.045 0.000 0.009 0.036 0.099 0.161 0.186 0.182 0.140 0.089 0.098
9 47 0.044 0.001 0.010 0.033 0.066 0.079 0.091 0.112 0.128 0.140 0.340
20 48 0.042 0.001 0.011 0.030 0.083 0.131 0.147 0.144 0.118 0.090 0.245
19 32 0.041 0.000 0.010 0.031 0.089 0.161 0.234 0.246 0.135 0.053 0.040
8 53 0.041 0.001 0.013 0.028 0.054 0.090 0.118 0.170 0.141 0.101 0.284
7 46 0.041 0.000 0.008 0.033 0.103 0.263 0.262 0.137 0.076 0.044 0.074
16 37 0.041 0.001 0.011 0.029 0.079 0.123 0.151 0.155 0.139 0.113 0.200
30 51 0.041 0.000 0.008 0.032 0.118 0.196 0.164 0.122 0.094 0.073 0.193
27 53 0.040 0.001 0.009 0.031 0.089 0.136 0.148 0.131 0.099 0.075 0.280
1 48 0.040 0.001 0.012 0.028 0.042 0.045 0.061 0.083 0.090 0.098 0.541
26 47 0.039 0.001 0.010 0.028 0.086 0.164 0.181 0.152 0.107 0.073 0.197
26 46 0.039 0.000 0.007 0.032 0.164 0.237 0.184 0.113 0.070 0.047 0.144
7 20 0.039 0.000 0.007 0.031 0.101 0.263 0.303 0.165 0.067 0.032 0.030
16 32 0.039 0.001 0.010 0.027 0.104 0.190 0.249 0.210 0.108 0.050 0.051
31 42 0.038 0.000 0.007 0.032 0.160 0.303 0.227 0.122 0.057 0.033 0.060
22 47 0.038 0.001 0.012 0.025 0.051 0.070 0.094 0.109 0.111 0.110 0.416
30 41 0.038 0.000 0.006 0.032 0.210 0.352 0.211 0.088 0.042 0.024 0.036
22 29 0.038 0.000 0.007 0.030 0.330 0.514 0.082 0.020 0.004 0.002 0.010
4 29 0.037 0.000 0.006 0.032 0.208 0.438 0.224 0.055 0.016 0.007 0.016
43 53 0.037 0.001 0.011 0.025 0.056 0.095 0.114 0.128 0.137 0.138 0.295
10 48 0.037 0.001 0.009 0.028 0.053 0.061 0.078 0.094 0.108 0.122 0.447
19 49 0.037 0.001 0.010 0.026 0.081 0.131 0.139 0.133 0.110 0.090 0.278
15 33 0.037 0.000 0.008 0.029 0.093 0.171 0.212 0.188 0.128 0.078 0.094
4 47 0.036 0.000 0.005 0.031 0.102 0.083 0.101 0.144 0.165 0.148 0.220
7 48 0.036 0.000 0.009 0.027 0.090 0.117 0.148 0.202 0.176 0.085 0.147
26 54 0.036 0.001 0.008 0.026 0.082 0.125 0.134 0.117 0.094 0.078 0.334
26 44 0.035 0.000 0.006 0.029 0.146 0.262 0.203 0.113 0.066 0.045 0.131
13 39 0.035 0.001 0.008 0.026 0.066 0.104 0.128 0.132 0.123 0.115 0.297
2 25 0.034 0.000 0.006 0.028 0.168 0.296 0.222 0.116 0.049 0.027 0.089
22 50 0.034 0.000 0.008 0.025 0.076 0.117 0.130 0.134 0.120 0.099 0.289
8 47 0.033 0.001 0.009 0.024 0.078 0.114 0.129 0.151 0.165 0.125 0.206
24 47 0.033 0.000 0.007 0.026 0.078 0.094 0.118 0.123 0.119 0.110 0.324
30 49 0.033 0.000 0.006 0.027 0.121 0.254 0.234 0.140 0.073 0.044 0.101
7 54 0.033 0.001 0.009 0.023 0.068 0.137 0.141 0.138 0.113 0.090 0.280
9 52 0.033 0.000 0.009 0.024 0.057 0.102 0.142 0.143 0.120 0.106 0.296
16 51 0.032 0.001 0.008 0.023 0.067 0.121 0.119 0.123 0.109 0.097 0.333
16 52 0.032 0.001 0.008 0.023 0.070 0.114 0.124 0.125 0.109 0.095 0.331
1 52 0.032 0.001 0.010 0.021 0.057 0.099 0.151 0.175 0.117 0.093 0.277
27 49 0.031 0.000 0.006 0.025 0.112 0.220 0.216 0.149 0.090 0.056 0.125
12 43 0.031 0.000 0.008 0.023 0.080 0.136 0.163 0.169 0.140 0.104 0.176
20 47 0.031 0.001 0.009 0.022 0.057 0.108 0.155 0.164 0.133 0.101 0.251
12 46 0.031 0.001 0.008 0.023 0.063 0.110 0.146 0.151 0.137 0.116 0.245
43 52 0.031 0.001 0.009 0.021 0.050 0.100 0.150 0.192 0.191 0.139 0.147
29 43 0.031 0.000 0.004 0.027 0.244 0.344 0.159 0.075 0.046 0.033 0.070
6 29 0.030 0.000 0.007 0.023 0.116 0.287 0.314 0.180 0.047 0.012 0.013
13 37 0.030 0.000 0.007 0.023 0.058 0.099 0.138 0.150 0.135 0.114 0.276
1 47 0.030 0.000 0.008 0.022 0.037 0.037 0.047 0.067 0.085 0.100 0.597
18 33 0.030 0.000 0.006 0.024 0.090 0.179 0.217 0.201 0.136 0.073 0.074
24 52 0.030 0.001 0.007 0.022 0.082 0.136 0.147 0.130 0.108 0.087 0.279
16 50 0.030 0.000 0.008 0.022 0.082 0.128 0.122 0.129 0.123 0.107 0.280
1 29 0.030 0.000 0.006 0.023 0.078 0.169 0.245 0.198 0.102 0.042 0.136
7 29 0.030 0.000 0.004 0.026 0.174 0.347 0.250 0.124 0.044 0.015 0.017
20 46 0.029 0.000 0.005 0.024 0.092 0.177 0.172 0.148 0.118 0.087 0.177
7 26 0.029 0.000 0.005 0.024 0.116 0.284 0.296 0.157 0.063 0.026 0.028
27 46 0.029 0.000 0.005 0.023 0.114 0.221 0.186 0.131 0.089 0.061 0.170
5 42 0.029 0.000 0.006 0.023 0.062 0.250 0.162 0.185 0.137 0.081 0.094
16 34 0.029 0.000 0.006 0.023 0.101 0.181 0.193 0.187 0.135 0.078 0.096
33 41 0.028 0.000 0.004 0.024 0.147 0.353 0.312 0.102 0.029 0.008 0.021
12 50 0.028 0.000 0.007 0.021 0.071 0.104 0.114 0.131 0.134 0.124 0.293
24 51 0.028 0.000 0.007 0.021 0.076 0.118 0.146 0.147 0.121 0.092 0.272
12 42 0.028 0.000 0.007 0.021 0.067 0.125 0.141 0.144 0.134 0.118 0.243
1 18 0.028 0.001 0.010 0.017 0.110 0.075 0.096 0.184 0.072 0.066 0.369
3 32 0.028 0.000 0.004 0.024 0.131 0.289 0.281 0.162 0.056 0.019 0.034
10 37 0.028 0.000 0.007 0.020 0.060 0.101 0.147 0.160 0.135 0.106 0.262
14 33 0.028 0.000 0.007 0.020 0.055 0.121 0.197 0.190 0.147 0.120 0.142
16 39 0.027 0.000 0.006 0.021 0.073 0.126 0.147 0.147 0.129 0.109 0.241
5 27 0.027 0.000 0.003 0.024 0.199 0.360 0.244 0.102 0.035 0.013 0.020
12 51 0.027 0.001 0.008 0.019 0.053 0.093 0.121 0.133 0.127 0.115 0.331
5 13 0.027 0.000 0.006 0.021 0.083 0.302 0.178 0.162 0.141 0.054 0.053
10 49 0.027 0.000 0.007 0.019 0.065 0.095 0.096 0.111 0.126 0.133 0.347
11 38 0.027 0.001 0.006 0.020 0.060 0.100 0.133 0.141 0.127 0.106 0.306
26 48 0.027 0.000 0.007 0.019 0.076 0.171 0.212 0.165 0.107 0.070 0.173
33 52 0.027 0.000 0.005 0.021 0.072 0.113 0.128 0.128 0.118 0.106 0.308
45 54 0.026 0.000 0.006 0.020 0.070 0.152 0.179 0.175 0.137 0.090 0.171
31 45 0.026 0.000 0.004 0.022 0.130 0.310 0.247 0.116 0.055 0.031 0.085
8 40 0.025 0.000 0.006 0.019 0.117 0.150 0.140 0.144 0.123 0.103 0.197
19 52 0.025 0.000 0.006 0.019 0.057 0.103 0.133 0.140 0.122 0.102 0.317
34 44 0.025 0.000 0.005 0.021 0.116 0.345 0.271 0.109 0.052 0.029 0.052
15 49 0.025 0.000 0.006 0.019 0.065 0.099 0.107 0.116 0.115 0.112 0.360
5 39 0.025 0.000 0.004 0.020 0.110 0.248 0.254 0.164 0.089 0.049 0.062
29 45 0.025 0.000 0.003 0.021 0.162 0.319 0.204 0.098 0.056 0.038 0.098
35 41 0.025 0.000 0.003 0.021 0.144 0.383 0.278 0.103 0.035 0.009 0.023
12 48 0.025 0.001 0.007 0.017 0.057 0.084 0.098 0.114 0.122 0.123 0.376
11 49 0.025 0.000 0.006 0.018 0.063 0.096 0.106 0.120 0.130 0.128 0.333
14 39 0.025 0.001 0.009 0.015 0.032 0.057 0.086 0.109 0.119 0.125 0.448
6 47 0.025 0.000 0.006 0.019 0.077 0.225 0.260 0.154 0.087 0.057 0.116
44 50 0.025 0.000 0.004 0.020 0.175 0.382 0.227 0.099 0.034 0.013 0.046
11 33 0.025 0.000 0.005 0.020 0.075 0.148 0.192 0.187 0.151 0.102 0.120
6 19 0.024 0.000 0.008 0.016 0.101 0.276 0.125 0.228 0.162 0.040 0.043
19 50 0.024 0.000 0.005 0.019 0.056 0.106 0.151 0.168 0.135 0.098 0.262
27 47 0.024 0.000 0.006 0.018 0.061 0.137 0.185 0.159 0.116 0.086 0.232
33 54 0.024 0.000 0.007 0.017 0.037 0.058 0.079 0.098 0.109 0.111 0.484
8 17 0.024 0.000 0.006 0.018 0.133 0.302 0.233 0.205 0.060 0.011 0.031
12 38 0.024 0.000 0.006 0.018 0.052 0.097 0.140 0.156 0.137 0.111 0.283
17 45 0.024 0.000 0.004 0.020 0.085 0.178 0.177 0.163 0.125 0.090 0.158
1 50 0.024 0.000 0.006 0.017 0.048 0.089 0.103 0.118 0.123 0.127 0.369
16 43 0.024 0.000 0.005 0.018 0.076 0.146 0.180 0.179 0.142 0.103 0.151
27 54 0.024 0.000 0.005 0.018 0.053 0.092 0.123 0.130 0.111 0.089 0.377
5 56 0.024 0.000 0.007 0.017 0.048 0.101 0.120 0.134 0.119 0.096 0.359
13 49 0.024 0.000 0.005 0.018 0.057 0.094 0.120 0.140 0.131 0.117 0.318
3 43 0.024 0.000 0.006 0.017 0.060 0.176 0.215 0.163 0.128 0.092 0.142
10 46 0.024 0.000 0.006 0.017 0.052 0.099 0.132 0.143 0.145 0.135 0.270
11 42 0.023 0.000 0.006 0.017 0.058 0.117 0.138 0.133 0.125 0.113 0.294
13 41 0.023 0.000 0.006 0.017 0.044 0.082 0.112 0.128 0.133 0.131 0.346
17 52 0.023 0.000 0.005 0.018 0.053 0.112 0.137 0.149 0.128 0.102 0.295
46 52 0.023 0.000 0.005 0.018 0.092 0.304 0.323 0.149 0.038 0.015 0.056
47 55 0.023 0.000 0.006 0.017 0.033 0.045 0.065 0.098 0.138 0.180 0.418
9 38 0.023 0.000 0.005 0.018 0.069 0.131 0.128 0.133 0.130 0.121 0.265
5 48 0.023 0.000 0.006 0.017 0.056 0.165 0.219 0.222 0.118 0.066 0.131
8 33 0.023 0.000 0.004 0.019 0.105 0.293 0.264 0.155 0.080 0.039 0.041
18 49 0.023 0.000 0.005 0.017 0.057 0.123 0.142 0.142 0.121 0.100 0.291
12 44 0.023 0.000 0.005 0.018 0.064 0.126 0.164 0.177 0.150 0.110 0.186
21 49 0.023 0.000 0.006 0.017 0.052 0.108 0.146 0.165 0.140 0.105 0.260
16 46 0.023 0.000 0.004 0.019 0.079 0.130 0.131 0.138 0.131 0.116 0.253
22 48 0.023 0.000 0.006 0.016 0.041 0.068 0.098 0.120 0.120 0.116 0.414
32 39 0.023 0.000 0.006 0.016 0.111 0.615 0.173 0.050 0.010 0.002 0.016
13 40 0.022 0.001 0.009 0.013 0.030 0.063 0.101 0.131 0.133 0.123 0.396
2 23 0.022 0.000 0.004 0.018 0.095 0.231 0.213 0.149 0.087 0.056 0.146
17 51 0.022 0.000 0.006 0.016 0.052 0.109 0.137 0.156 0.135 0.105 0.284
10 45 0.022 0.000 0.006 0.016 0.043 0.082 0.126 0.165 0.186 0.159 0.217
23 53 0.022 0.000 0.006 0.016 0.046 0.081 0.103 0.115 0.114 0.107 0.412
11 45 0.022 0.000 0.006 0.016 0.043 0.079 0.122 0.160 0.167 0.153 0.254
1 24 0.022 0.000 0.004 0.017 0.090 0.196 0.185 0.124 0.078 0.048 0.257
18 25 0.022 0.000 0.004 0.017 0.116 0.310 0.276 0.166 0.064 0.020 0.026
14 41 0.022 0.001 0.008 0.013 0.029 0.045 0.072 0.098 0.114 0.126 0.494
19 45 0.022 0.000 0.005 0.017 0.063 0.142 0.182 0.168 0.128 0.094 0.202
22 51 0.022 0.000 0.006 0.016 0.051 0.087 0.123 0.143 0.132 0.108 0.335
12 52 0.022 0.000 0.005 0.016 0.055 0.104 0.135 0.144 0.132 0.111 0.297
8 37 0.022 0.000 0.004 0.017 0.073 0.168 0.206 0.152 0.117 0.094 0.167
10 43 0.022 0.000 0.006 0.016 0.048 0.102 0.172 0.158 0.140 0.125 0.233
19 51 0.021 0.000 0.006 0.015 0.052 0.103 0.142 0.151 0.128 0.100 0.303
22 45 0.021 0.000 0.003 0.018 0.094 0.147 0.147 0.136 0.118 0.096 0.240
1 49 0.021 0.000 0.006 0.015 0.041 0.081 0.102 0.107 0.113 0.114 0.421
17 27 0.021 0.000 0.004 0.017 0.066 0.148 0.242 0.280 0.156 0.053 0.034
20 53 0.021 0.000 0.005 0.015 0.048 0.105 0.140 0.145 0.128 0.103 0.310
35 43 0.021 0.000 0.003 0.018 0.143 0.346 0.252 0.117 0.054 0.028 0.039
24 49 0.021 0.000 0.005 0.016 0.061 0.135 0.191 0.172 0.127 0.090 0.204
10 44 0.021 0.000 0.006 0.015 0.051 0.099 0.163 0.181 0.148 0.115 0.222
5 25 0.021 0.000 0.003 0.018 0.141 0.308 0.277 0.140 0.057 0.024 0.033
17 25 0.021 0.000 0.003 0.017 0.115 0.263 0.294 0.195 0.068 0.022 0.023
18 30 0.021 0.000 0.004 0.017 0.087 0.184 0.238 0.266 0.128 0.044 0.032
18 52 0.021 0.000 0.006 0.014 0.041 0.080 0.113 0.133 0.130 0.115 0.367
21 28 0.021 0.000 0.004 0.016 0.162 0.414 0.294 0.082 0.013 0.003 0.011
21 50 0.020 0.000 0.005 0.015 0.047 0.105 0.142 0.156 0.136 0.106 0.287
4 33 0.020 0.000 0.004 0.017 0.100 0.356 0.363 0.106 0.026 0.010 0.019
25 45 0.020 0.000 0.003 0.017 0.136 0.256 0.195 0.122 0.078 0.052 0.141
28 43 0.020 0.000 0.003 0.017 0.144 0.301 0.204 0.110 0.068 0.047 0.105
37 43 0.020 0.000 0.003 0.016 0.093 0.267 0.338 0.184 0.057 0.016 0.025
1 51 0.020 0.000 0.006 0.014 0.037 0.079 0.113 0.161 0.173 0.114 0.303
43 49 0.020 0.000 0.003 0.017 0.150 0.461 0.244 0.061 0.019 0.009 0.037
7 40 0.020 0.000 0.004 0.016 0.092 0.202 0.166 0.156 0.131 0.103 0.131
23 44 0.020 0.000 0.003 0.016 0.082 0.117 0.112 0.120 0.122 0.115 0.312
25 52 0.020 0.000 0.004 0.015 0.062 0.132 0.160 0.145 0.114 0.089 0.278
46 53 0.019 0.000 0.004 0.015 0.068 0.164 0.197 0.230 0.164 0.065 0.092
44 53 0.019 0.000 0.006 0.013 0.042 0.098 0.140 0.162 0.157 0.142 0.240
31 41 0.019 0.000 0.002 0.017 0.143 0.346 0.250 0.116 0.059 0.031 0.036
5 37 0.019 0.000 0.004 0.015 0.079 0.235 0.286 0.181 0.091 0.048 0.061
16 36 0.019 0.000 0.004 0.015 0.064 0.109 0.146 0.161 0.157 0.134 0.210
14 37 0.019 0.000 0.006 0.013 0.032 0.059 0.092 0.123 0.139 0.132 0.403
10 47 0.019 0.000 0.006 0.013 0.037 0.067 0.088 0.102 0.117 0.129 0.441
43 54 0.019 0.001 0.006 0.012 0.026 0.049 0.081 0.114 0.137 0.147 0.427
2 47 0.019 0.000 0.003 0.016 0.045 0.060 0.072 0.092 0.107 0.123 0.483
4 21 0.019 0.000 0.005 0.014 0.089 0.267 0.123 0.222 0.155 0.050 0.075
13 46 0.019 0.000 0.005 0.014 0.046 0.084 0.117 0.138 0.139 0.128 0.329
21 48 0.019 0.000 0.005 0.014 0.034 0.066 0.098 0.136 0.143 0.128 0.376
14 42 0.019 0.000 0.006 0.013 0.026 0.044 0.065 0.088 0.109 0.132 0.519
12 29 0.019 0.000 0.004 0.015 0.055 0.160 0.256 0.215 0.132 0.079 0.084
21 27 0.019 0.000 0.004 0.014 0.075 0.325 0.392 0.132 0.035 0.009 0.013
32 43 0.019 0.000 0.004 0.015 0.144 0.420 0.227 0.085 0.044 0.025 0.036
16 48 0.018 0.000 0.005 0.014 0.054 0.096 0.125 0.138 0.128 0.115 0.326
25 50 0.018 0.000 0.004 0.014 0.070 0.141 0.159 0.164 0.133 0.094 0.221
4 44 0.018 0.000 0.005 0.014 0.152 0.091 0.125 0.190 0.167 0.108 0.148
15 37 0.018 0.000 0.004 0.014 0.042 0.074 0.110 0.136 0.142 0.128 0.350
33 53 0.018 0.000 0.004 0.014 0.045 0.084 0.111 0.124 0.121 0.111 0.386
5 11 0.018 0.000 0.004 0.014 0.066 0.171 0.264 0.270 0.132 0.031 0.048
13 45 0.018 0.000 0.004 0.014 0.046 0.097 0.137 0.158 0.152 0.135 0.258
31 39 0.018 0.000 0.002 0.016 0.287 0.457 0.146 0.055 0.016 0.005 0.016
14 43 0.018 0.000 0.005 0.013 0.038 0.060 0.078 0.107 0.131 0.146 0.422
31 44 0.018 0.000 0.003 0.014 0.096 0.286 0.281 0.146 0.062 0.032 0.078
44 51 0.018 0.000 0.005 0.013 0.056 0.129 0.226 0.329 0.143 0.039 0.061
47 54 0.018 0.000 0.004 0.013 0.042 0.094 0.131 0.193 0.193 0.137 0.192
11 46 0.018 0.000 0.004 0.013 0.044 0.087 0.122 0.140 0.144 0.135 0.311
14 44 0.018 0.000 0.004 0.013 0.033 0.061 0.073 0.105 0.126 0.145 0.439
10 51 0.018 0.000 0.005 0.012 0.033 0.052 0.083 0.125 0.126 0.120 0.443
13 33 0.017 0.000 0.003 0.014 0.069 0.171 0.231 0.204 0.136 0.080 0.091
14 40 0.017 0.000 0.006 0.012 0.019 0.032 0.056 0.086 0.105 0.118 0.567
34 54 0.017 0.000 0.005 0.013 0.031 0.052 0.068 0.082 0.093 0.099 0.558
17 32 0.017 0.000 0.004 0.014 0.057 0.152 0.234 0.226 0.158 0.080 0.074
9 30 0.017 0.000 0.003 0.014 0.065 0.169 0.248 0.233 0.140 0.069 0.058
19 48 0.017 0.000 0.004 0.013 0.037 0.072 0.112 0.142 0.138 0.120 0.362
43 51 0.017 0.000 0.004 0.013 0.046 0.091 0.152 0.225 0.236 0.137 0.096
16 44 0.017 0.000 0.003 0.013 0.049 0.119 0.170 0.188 0.152 0.115 0.190
30 55 0.017 0.000 0.004 0.013 0.041 0.081 0.112 0.126 0.118 0.101 0.403
44 52 0.017 0.000 0.003 0.013 0.038 0.098 0.195 0.268 0.190 0.094 0.100
34 53 0.017 0.000 0.004 0.013 0.041 0.071 0.091 0.103 0.108 0.106 0.464
50 56 0.016 0.000 0.004 0.012 0.028 0.058 0.104 0.155 0.202 0.231 0.204
32 38 0.016 0.000 0.004 0.012 0.036 0.413 0.428 0.071 0.007 0.002 0.026
16 53 0.016 0.000 0.004 0.012 0.031 0.066 0.099 0.123 0.122 0.114 0.428
4 43 0.016 0.000 0.003 0.013 0.038 0.242 0.172 0.178 0.140 0.086 0.128
19 46 0.016 0.000 0.005 0.011 0.033 0.070 0.118 0.160 0.159 0.134 0.311
13 42 0.016 0.000 0.005 0.011 0.031 0.059 0.099 0.141 0.147 0.143 0.363
18 51 0.016 0.000 0.004 0.012 0.036 0.077 0.113 0.150 0.144 0.122 0.343
29 50 0.016 0.000 0.003 0.013 0.071 0.152 0.186 0.182 0.137 0.092 0.163
8 54 0.016 0.000 0.004 0.011 0.030 0.065 0.099 0.121 0.140 0.129 0.400
14 45 0.016 0.000 0.004 0.011 0.040 0.077 0.110 0.134 0.139 0.132 0.353
13 44 0.016 0.000 0.004 0.012 0.039 0.079 0.119 0.154 0.157 0.148 0.288
3 28 0.016 0.000 0.002 0.014 0.152 0.403 0.269 0.085 0.029 0.014 0.032
28 45 0.016 0.000 0.003 0.013 0.116 0.255 0.205 0.131 0.085 0.056 0.136
11 43 0.016 0.000 0.004 0.012 0.040 0.084 0.142 0.188 0.160 0.125 0.246
17 50 0.016 0.000 0.003 0.012 0.043 0.122 0.172 0.182 0.130 0.092 0.243
1 17 0.016 0.000 0.005 0.010 0.037 0.117 0.087 0.159 0.210 0.092 0.283
23 54 0.015 0.000 0.005 0.011 0.027 0.051 0.076 0.097 0.109 0.113 0.512
2 33 0.015 0.000 0.003 0.013 0.055 0.126 0.230 0.266 0.172 0.065 0.070
9 53 0.015 0.000 0.004 0.011 0.033 0.070 0.099 0.137 0.158 0.136 0.351
17 23 0.015 0.000 0.003 0.012 0.061 0.377 0.217 0.169 0.094 0.043 0.025
6 56 0.015 0.000 0.004 0.011 0.027 0.063 0.094 0.130 0.158 0.134 0.378
11 48 0.015 0.000 0.003 0.011 0.049 0.072 0.083 0.100 0.111 0.120 0.451
34 52 0.015 0.000 0.003 0.012 0.042 0.084 0.115 0.127 0.124 0.112 0.381
19 30 0.015 0.000 0.002 0.012 0.102 0.298 0.327 0.170 0.053 0.017 0.019
21 52 0.015 0.000 0.003 0.011 0.036 0.078 0.117 0.139 0.131 0.112 0.373
27 42 0.015 0.000 0.002 0.012 0.085 0.223 0.219 0.160 0.099 0.063 0.137
6 41 0.015 0.000 0.003 0.011 0.067 0.215 0.163 0.185 0.162 0.099 0.096
11 44 0.015 0.000 0.004 0.011 0.039 0.086 0.143 0.179 0.163 0.126 0.249
20 54 0.014 0.000 0.004 0.010 0.028 0.062 0.097 0.126 0.134 0.127 0.412
21 51 0.014 0.000 0.004 0.010 0.035 0.077 0.114 0.152 0.151 0.119 0.338
33 40 0.014 0.000 0.003 0.011 0.073 0.279 0.412 0.164 0.031 0.006 0.019
24 48 0.014 0.000 0.003 0.010 0.039 0.077 0.126 0.153 0.145 0.124 0.322
7 47 0.014 0.000 0.004 0.010 0.037 0.095 0.154 0.225 0.226 0.100 0.149
4 14 0.014 0.000 0.003 0.010 0.034 0.236 0.112 0.154 0.183 0.120 0.147
10 50 0.014 0.000 0.004 0.010 0.036 0.079 0.099 0.105 0.119 0.134 0.414
8 34 0.014 0.000 0.002 0.012 0.075 0.210 0.254 0.199 0.117 0.063 0.067
10 16 0.014 0.000 0.003 0.010 0.070 0.441 0.299 0.076 0.044 0.025 0.031
15 45 0.014 0.000 0.003 0.011 0.044 0.101 0.133 0.154 0.146 0.123 0.285
13 51 0.014 0.000 0.003 0.010 0.036 0.076 0.116 0.140 0.135 0.118 0.366
11 51 0.013 0.000 0.004 0.010 0.031 0.059 0.089 0.115 0.129 0.130 0.434
14 30 0.013 0.000 0.002 0.011 0.042 0.089 0.127 0.206 0.249 0.159 0.114
5 47 0.013 0.000 0.004 0.009 0.034 0.148 0.149 0.197 0.202 0.109 0.148
12 47 0.013 0.000 0.004 0.009 0.032 0.069 0.108 0.127 0.127 0.126 0.396
20 43 0.013 0.000 0.003 0.010 0.046 0.145 0.245 0.216 0.140 0.085 0.109
2 46 0.013 0.000 0.003 0.010 0.070 0.070 0.060 0.108 0.149 0.157 0.372
10 38 0.013 0.000 0.003 0.010 0.040 0.084 0.128 0.153 0.141 0.121 0.322
3 39 0.013 0.000 0.003 0.009 0.028 0.047 0.089 0.167 0.247 0.217 0.192
22 52 0.013 0.000 0.003 0.010 0.036 0.082 0.129 0.144 0.128 0.107 0.361
15 44 0.013 0.000 0.004 0.008 0.029 0.060 0.084 0.128 0.152 0.160 0.374
34 45 0.013 0.000 0.002 0.011 0.049 0.191 0.324 0.204 0.094 0.052 0.074
11 47 0.013 0.000 0.003 0.009 0.027 0.052 0.089 0.113 0.121 0.129 0.456
12 53 0.013 0.000 0.003 0.009 0.031 0.066 0.101 0.125 0.130 0.125 0.409
29 54 0.013 0.000 0.003 0.010 0.041 0.091 0.129 0.133 0.117 0.096 0.381
10 33 0.013 0.000 0.003 0.010 0.040 0.088 0.174 0.234 0.190 0.129 0.134
33 55 0.013 0.000 0.003 0.009 0.022 0.037 0.057 0.077 0.093 0.103 0.599
18 24 0.013 0.000 0.002 0.010 0.066 0.242 0.319 0.256 0.071 0.016 0.018
25 51 0.013 0.000 0.003 0.009 0.041 0.099 0.151 0.171 0.144 0.104 0.278
4 30 0.012 0.000 0.002 0.011 0.142 0.488 0.260 0.062 0.016 0.006 0.013
22 49 0.012 0.000 0.003 0.009 0.037 0.095 0.158 0.169 0.135 0.105 0.287
5 41 0.012 0.000 0.003 0.009 0.043 0.151 0.257 0.204 0.149 0.090 0.093
18 32 0.012 0.000 0.003 0.010 0.048 0.107 0.166 0.231 0.226 0.118 0.092
13 48 0.012 0.000 0.003 0.009 0.030 0.063 0.102 0.124 0.126 0.126 0.416
17 48 0.012 0.000 0.003 0.009 0.041 0.102 0.151 0.164 0.140 0.110 0.280
7 55 0.012 0.000 0.003 0.009 0.023 0.057 0.099 0.138 0.162 0.138 0.370
21 47 0.012 0.000 0.003 0.009 0.031 0.065 0.096 0.134 0.147 0.131 0.382
14 46 0.012 0.000 0.003 0.009 0.033 0.067 0.097 0.120 0.127 0.127 0.417
14 34 0.012 0.000 0.003 0.009 0.027 0.054 0.095 0.143 0.173 0.166 0.330
15 46 0.012 0.000 0.003 0.009 0.040 0.078 0.102 0.123 0.130 0.128 0.387
21 45 0.012 0.000 0.002 0.010 0.051 0.163 0.204 0.163 0.123 0.094 0.190
16 42 0.012 0.000 0.003 0.009 0.030 0.076 0.127 0.178 0.187 0.158 0.232
34 55 0.012 0.000 0.003 0.009 0.023 0.037 0.053 0.068 0.080 0.089 0.639
25 49 0.012 0.000 0.003 0.009 0.039 0.113 0.198 0.214 0.154 0.093 0.178
11 50 0.012 0.000 0.003 0.009 0.031 0.073 0.101 0.115 0.124 0.132 0.414
4 42 0.012 0.000 0.005 0.007 0.027 0.045 0.088 0.240 0.157 0.160 0.271
39 55 0.012 0.000 0.004 0.007 0.011 0.016 0.024 0.035 0.050 0.068 0.783
31 54 0.012 0.000 0.003 0.009 0.031 0.062 0.091 0.114 0.118 0.111 0.462
9 20 0.012 0.000 0.001 0.010 0.051 0.136 0.195 0.203 0.158 0.101 0.144
43 50 0.012 0.000 0.002 0.009 0.060 0.226 0.295 0.214 0.098 0.038 0.057
33 45 0.012 0.000 0.002 0.010 0.049 0.183 0.333 0.222 0.094 0.043 0.064
39 54 0.011 0.000 0.004 0.007 0.012 0.019 0.030 0.047 0.066 0.088 0.727
9 54 0.011 0.000 0.003 0.008 0.020 0.039 0.069 0.109 0.132 0.140 0.479
5 32 0.011 0.000 0.001 0.010 0.114 0.401 0.298 0.112 0.033 0.012 0.018
19 47 0.011 0.000 0.003 0.008 0.026 0.047 0.080 0.128 0.153 0.148 0.406
18 50 0.011 0.000 0.003 0.008 0.032 0.081 0.135 0.177 0.157 0.120 0.287
13 43 0.011 0.000 0.002 0.009 0.032 0.082 0.131 0.163 0.162 0.148 0.271
15 43 0.011 0.000 0.002 0.009 0.030 0.066 0.098 0.137 0.154 0.157 0.347
17 46 0.011 0.000 0.002 0.009 0.042 0.109 0.155 0.175 0.151 0.118 0.238
14 49 0.011 0.000 0.003 0.008 0.036 0.084 0.115 0.131 0.129 0.119 0.375
16 54 0.011 0.000 0.003 0.008 0.021 0.043 0.071 0.101 0.118 0.124 0.510
31 53 0.011 0.000 0.002 0.008 0.034 0.080 0.126 0.148 0.132 0.107 0.363
3 42 0.011 0.000 0.002 0.009 0.025 0.053 0.071 0.171 0.228 0.171 0.269
42 53 0.011 0.000 0.003 0.008 0.021 0.042 0.070 0.104 0.128 0.147 0.476
11 17 0.011 0.000 0.002 0.009 0.107 0.456 0.165 0.072 0.051 0.059 0.079
6 34 0.011 0.000 0.002 0.009 0.055 0.228 0.325 0.221 0.092 0.036 0.032
7 19 0.011 0.000 0.002 0.009 0.044 0.187 0.320 0.183 0.146 0.077 0.031
23 43 0.011 0.000 0.002 0.009 0.043 0.118 0.150 0.151 0.144 0.126 0.256
29 49 0.011 0.000 0.002 0.009 0.042 0.113 0.215 0.233 0.154 0.088 0.144
19 36 0.011 0.000 0.002 0.009 0.029 0.042 0.074 0.128 0.176 0.196 0.344
15 42 0.011 0.000 0.004 0.007 0.022 0.040 0.067 0.105 0.135 0.158 0.462
16 41 0.011 0.000 0.003 0.008 0.035 0.069 0.116 0.154 0.167 0.159 0.289
17 34 0.011 0.000 0.002 0.009 0.041 0.108 0.168 0.210 0.186 0.131 0.146
18 45 0.011 0.000 0.003 0.008 0.037 0.102 0.175 0.193 0.154 0.114 0.214
9 36 0.011 0.000 0.002 0.008 0.037 0.086 0.132 0.152 0.154 0.140 0.288
4 12 0.011 0.000 0.002 0.008 0.039 0.120 0.224 0.297 0.196 0.052 0.061
19 28 0.010 0.000 0.002 0.008 0.068 0.217 0.366 0.247 0.059 0.015 0.017
15 39 0.010 0.000 0.003 0.008 0.031 0.070 0.111 0.133 0.130 0.122 0.393
15 52 0.010 0.000 0.002 0.008 0.026 0.064 0.099 0.129 0.125 0.116 0.431
45 55 0.010 0.000 0.002 0.008 0.028 0.070 0.116 0.156 0.169 0.146 0.305
24 32 0.010 0.000 0.001 0.010 0.106 0.405 0.442 0.019 0.002 0.001 0.015
29 53 0.010 0.000 0.002 0.008 0.041 0.114 0.173 0.161 0.121 0.090 0.290
6 39 0.010 0.000 0.002 0.008 0.043 0.200 0.298 0.200 0.111 0.063 0.075
19 53 0.010 0.000 0.003 0.007 0.023 0.051 0.088 0.131 0.146 0.132 0.419
13 50 0.010 0.000 0.002 0.008 0.030 0.074 0.117 0.151 0.145 0.123 0.349
15 51 0.010 0.000 0.002 0.007 0.032 0.072 0.101 0.128 0.128 0.118 0.411
17 43 0.010 0.000 0.002 0.008 0.029 0.083 0.154 0.208 0.193 0.145 0.177
17 53 0.010 0.000 0.003 0.007 0.025 0.058 0.096 0.132 0.139 0.126 0.414
5 21 0.010 0.000 0.002 0.008 0.042 0.264 0.285 0.175 0.116 0.053 0.055
24 53 0.010 0.000 0.002 0.007 0.028 0.066 0.118 0.144 0.136 0.116 0.382
12 36 0.010 0.000 0.002 0.007 0.037 0.090 0.148 0.167 0.155 0.132 0.261
11 36 0.010 0.000 0.002 0.007 0.030 0.060 0.110 0.145 0.153 0.141 0.352
16 47 0.010 0.000 0.002 0.007 0.032 0.078 0.126 0.143 0.137 0.125 0.350
2 16 0.010 0.000 0.003 0.007 0.034 0.178 0.104 0.201 0.257 0.084 0.131
29 51 0.010 0.000 0.002 0.008 0.045 0.128 0.185 0.169 0.127 0.095 0.242
33 42 0.010 0.000 0.002 0.007 0.049 0.208 0.381 0.239 0.067 0.021 0.025
17 54 0.010 0.000 0.002 0.007 0.018 0.038 0.065 0.097 0.116 0.121 0.536
13 52 0.009 0.000 0.002 0.007 0.028 0.074 0.128 0.155 0.141 0.119 0.346
3 37 0.009 0.000 0.002 0.007 0.023 0.050 0.092 0.179 0.246 0.207 0.194
14 54 0.009 0.000 0.003 0.006 0.013 0.024 0.043 0.065 0.087 0.108 0.650
31 52 0.009 0.000 0.002 0.008 0.045 0.124 0.154 0.139 0.113 0.094 0.321
39 53 0.009 0.000 0.002 0.007 0.017 0.029 0.046 0.069 0.091 0.114 0.625
43 55 0.009 0.000 0.002 0.007 0.016 0.032 0.054 0.083 0.111 0.133 0.562
12 54 0.009 0.000 0.003 0.006 0.018 0.038 0.067 0.101 0.125 0.137 0.504
30 46 0.009 0.000 0.001 0.008 0.057 0.255 0.320 0.152 0.065 0.037 0.104
21 32 0.009 0.000 0.002 0.007 0.039 0.104 0.264 0.358 0.167 0.040 0.021
15 41 0.009 0.000 0.002 0.006 0.021 0.041 0.070 0.109 0.134 0.148 0.468
24 46 0.009 0.000 0.002 0.007 0.042 0.119 0.169 0.160 0.143 0.118 0.239
15 54 0.009 0.000 0.003 0.006 0.014 0.028 0.046 0.070 0.089 0.107 0.637
26 55 0.009 0.000 0.002 0.007 0.025 0.061 0.108 0.139 0.135 0.114 0.410
7 56 0.009 0.000 0.003 0.006 0.016 0.035 0.065 0.112 0.139 0.134 0.490
18 53 0.009 0.000 0.002 0.006 0.020 0.046 0.075 0.111 0.129 0.132 0.479
15 36 0.009 0.000 0.002 0.007 0.028 0.053 0.090 0.122 0.146 0.154 0.399
15 48 0.009 0.000 0.002 0.006 0.025 0.059 0.098 0.123 0.124 0.119 0.443
8 30 0.009 0.000 0.001 0.007 0.052 0.233 0.364 0.211 0.075 0.027 0.028
18 48 0.009 0.000 0.002 0.007 0.027 0.057 0.105 0.147 0.152 0.133 0.370
3 15 0.009 0.000 0.002 0.006 0.027 0.178 0.088 0.159 0.257 0.131 0.152
20 44 0.009 0.000 0.002 0.007 0.034 0.120 0.225 0.218 0.152 0.102 0.141
47 56 0.009 0.000 0.002 0.006 0.020 0.039 0.056 0.079 0.105 0.136 0.556
18 54 0.009 0.000 0.003 0.006 0.016 0.034 0.057 0.082 0.103 0.116 0.583
3 44 0.009 0.000 0.002 0.007 0.039 0.180 0.127 0.171 0.164 0.126 0.185
14 36 0.009 0.000 0.003 0.005 0.015 0.030 0.063 0.105 0.142 0.155 0.481
32 40 0.008 0.000 0.002 0.006 0.020 0.051 0.244 0.441 0.180 0.031 0.024
27 55 0.008 0.000 0.002 0.007 0.024 0.051 0.082 0.115 0.130 0.124 0.465
13 47 0.008 0.000 0.002 0.006 0.020 0.047 0.084 0.117 0.134 0.135 0.456
45 56 0.008 0.000 0.002 0.006 0.017 0.042 0.083 0.123 0.145 0.139 0.442
10 52 0.008 0.000 0.002 0.006 0.023 0.052 0.085 0.126 0.149 0.140 0.416
18 27 0.008 0.000 0.002 0.007 0.032 0.092 0.187 0.283 0.258 0.097 0.043
30 56 0.008 0.000 0.002 0.006 0.019 0.042 0.072 0.101 0.115 0.112 0.532
23 55 0.008 0.000 0.002 0.006 0.014 0.027 0.048 0.075 0.101 0.118 0.608
11 34 0.008 0.000 0.002 0.006 0.036 0.103 0.178 0.204 0.169 0.125 0.177
31 40 0.008 0.000 0.002 0.006 0.041 0.226 0.337 0.242 0.096 0.026 0.026
2 45 0.008 0.000 0.002 0.006 0.029 0.135 0.100 0.158 0.172 0.148 0.249
19 54 0.008 0.000 0.002 0.006 0.016 0.034 0.059 0.091 0.117 0.130 0.545
4 13 0.008 0.000 0.002 0.006 0.024 0.078 0.215 0.249 0.163 0.143 0.120
3 41 0.008 0.000 0.002 0.006 0.030 0.044 0.057 0.093 0.187 0.255 0.325
14 52 0.008 0.000 0.002 0.006 0.020 0.046 0.087 0.136 0.148 0.133 0.424
16 25 0.008 0.000 0.001 0.006 0.052 0.189 0.302 0.267 0.112 0.038 0.033
48 54 0.008 0.000 0.002 0.006 0.019 0.058 0.107 0.185 0.250 0.224 0.150
24 54 0.008 0.000 0.002 0.006 0.020 0.043 0.078 0.111 0.129 0.130 0.482
12 26 0.008 0.000 0.001 0.007 0.058 0.187 0.240 0.186 0.122 0.087 0.112
27 48 0.008 0.000 0.002 0.006 0.029 0.087 0.185 0.227 0.156 0.098 0.211
11 52 0.008 0.000 0.002 0.006 0.022 0.052 0.093 0.129 0.140 0.137 0.420
10 34 0.008 0.000 0.002 0.006 0.027 0.072 0.142 0.210 0.207 0.154 0.181
21 30 0.008 0.000 0.001 0.006 0.043 0.190 0.405 0.276 0.057 0.010 0.011
15 53 0.008 0.000 0.002 0.005 0.016 0.036 0.064 0.096 0.114 0.121 0.546
14 53 0.007 0.000 0.002 0.005 0.014 0.031 0.056 0.090 0.115 0.131 0.556
24 44 0.007 0.000 0.001 0.006 0.041 0.125 0.171 0.180 0.156 0.109 0.211
7 36 0.007 0.000 0.001 0.006 0.054 0.176 0.227 0.171 0.132 0.099 0.133
19 37 0.007 0.000 0.001 0.006 0.020 0.038 0.065 0.112 0.167 0.203 0.386
40 55 0.007 0.000 0.002 0.005 0.011 0.016 0.022 0.030 0.042 0.058 0.814
17 39 0.007 0.000 0.002 0.006 0.022 0.069 0.133 0.168 0.158 0.138 0.305
44 54 0.007 0.000 0.002 0.005 0.014 0.034 0.069 0.132 0.169 0.169 0.406
28 52 0.007 0.000 0.001 0.006 0.039 0.121 0.170 0.150 0.119 0.095 0.299
8 55 0.007 0.000 0.002 0.005 0.014 0.030 0.053 0.083 0.105 0.132 0.575
25 48 0.007 0.000 0.002 0.005 0.020 0.043 0.094 0.171 0.190 0.153 0.322
15 47 0.007 0.000 0.002 0.005 0.018 0.039 0.079 0.120 0.134 0.128 0.475
3 34 0.007 0.000 0.001 0.006 0.040 0.143 0.265 0.280 0.155 0.056 0.053
15 40 0.007 0.000 0.002 0.005 0.017 0.030 0.055 0.097 0.125 0.137 0.533
13 38 0.007 0.000 0.002 0.005 0.022 0.051 0.091 0.129 0.143 0.140 0.416
15 50 0.007 0.000 0.002 0.005 0.027 0.068 0.108 0.140 0.139 0.127 0.384
13 54 0.007 0.000 0.002 0.005 0.014 0.028 0.052 0.084 0.112 0.130 0.574
15 29 0.007 0.000 0.001 0.006 0.036 0.140 0.298 0.273 0.133 0.058 0.055
42 54 0.007 0.000 0.002 0.005 0.012 0.023 0.040 0.068 0.097 0.127 0.625
24 43 0.007 0.000 0.001 0.006 0.056 0.169 0.205 0.184 0.130 0.080 0.170
22 46 0.007 0.000 0.001 0.005 0.027 0.076 0.129 0.151 0.139 0.122 0.350
33 49 0.007 0.000 0.002 0.005 0.016 0.054 0.143 0.231 0.218 0.147 0.184
31 55 0.007 0.000 0.002 0.005 0.018 0.039 0.064 0.087 0.103 0.112 0.571
13 53 0.007 0.000 0.002 0.005 0.017 0.044 0.084 0.122 0.132 0.131 0.464
14 48 0.007 0.000 0.002 0.005 0.021 0.049 0.085 0.122 0.135 0.129 0.453
5 23 0.007 0.000 0.001 0.006 0.042 0.177 0.261 0.218 0.145 0.084 0.067
3 36 0.007 0.000 0.001 0.005 0.023 0.057 0.114 0.206 0.235 0.182 0.178
13 34 0.006 0.000 0.001 0.005 0.026 0.080 0.147 0.190 0.192 0.159 0.200
42 55 0.006 0.000 0.002 0.004 0.011 0.021 0.032 0.049 0.071 0.099 0.711
11 53 0.006 0.000 0.002 0.005 0.016 0.036 0.067 0.098 0.118 0.129 0.529
18 43 0.006 0.000 0.002 0.005 0.016 0.037 0.074 0.135 0.195 0.221 0.316
7 38 0.006 0.000 0.001 0.005 0.036 0.161 0.246 0.177 0.126 0.096 0.151
18 46 0.006 0.000 0.001 0.005 0.021 0.059 0.115 0.164 0.169 0.148 0.318
4 41 0.006 0.000 0.001 0.005 0.018 0.044 0.062 0.165 0.254 0.192 0.258
6 37 0.006 0.000 0.001 0.005 0.022 0.081 0.228 0.289 0.173 0.098 0.102
2 24 0.006 0.000 0.001 0.005 0.039 0.166 0.326 0.211 0.094 0.050 0.108
9 55 0.006 0.000 0.002 0.005 0.013 0.025 0.044 0.070 0.097 0.121 0.625
15 30 0.006 0.000 0.001 0.005 0.029 0.112 0.228 0.272 0.187 0.094 0.072
17 44 0.006 0.000 0.002 0.005 0.021 0.064 0.137 0.216 0.203 0.151 0.201
41 55 0.006 0.000 0.002 0.004 0.011 0.019 0.027 0.036 0.052 0.073 0.776
17 28 0.006 0.000 0.001 0.005 0.038 0.141 0.268 0.331 0.147 0.041 0.028
19 27 0.006 0.000 0.001 0.005 0.029 0.102 0.356 0.354 0.106 0.026 0.021
17 47 0.006 0.000 0.001 0.005 0.024 0.067 0.118 0.164 0.167 0.135 0.319
16 38 0.006 0.000 0.001 0.005 0.021 0.061 0.121 0.164 0.159 0.134 0.334
24 30 0.006 0.000 0.001 0.005 0.598 0.369 0.015 0.002 0.001 0.001 0.008
32 41 0.006 0.000 0.001 0.005 0.021 0.083 0.297 0.392 0.145 0.030 0.026
17 37 0.006 0.000 0.001 0.005 0.023 0.070 0.139 0.182 0.169 0.140 0.270
25 53 0.006 0.000 0.001 0.004 0.020 0.054 0.111 0.159 0.151 0.119 0.380
18 28 0.006 0.000 0.001 0.005 0.034 0.107 0.206 0.354 0.214 0.052 0.027
2 32 0.006 0.000 0.001 0.005 0.031 0.085 0.154 0.259 0.253 0.125 0.088
1 46 0.006 0.000 0.002 0.004 0.023 0.064 0.058 0.069 0.100 0.135 0.545
33 44 0.006 0.000 0.001 0.005 0.029 0.135 0.371 0.292 0.088 0.033 0.046
40 54 0.006 0.000 0.002 0.004 0.008 0.016 0.025 0.037 0.052 0.071 0.785
43 56 0.006 0.000 0.002 0.004 0.011 0.023 0.043 0.070 0.096 0.112 0.639
8 56 0.006 0.000 0.002 0.004 0.010 0.021 0.037 0.062 0.094 0.122 0.648
30 40 0.006 0.000 0.001 0.005 0.039 0.168 0.362 0.272 0.095 0.032 0.026
28 50 0.006 0.000 0.001 0.005 0.029 0.099 0.168 0.179 0.166 0.127 0.227
25 47 0.006 0.000 0.001 0.004 0.023 0.061 0.114 0.166 0.165 0.134 0.331
35 42 0.006 0.000 0.001 0.004 0.028 0.135 0.317 0.308 0.125 0.042 0.039
8 18 0.006 0.000 0.002 0.004 0.017 0.088 0.204 0.269 0.274 0.092 0.051
41 54 0.006 0.000 0.002 0.004 0.009 0.018 0.029 0.046 0.069 0.095 0.729
11 54 0.006 0.000 0.002 0.004 0.012 0.023 0.043 0.068 0.096 0.120 0.633
17 24 0.006 0.000 0.001 0.005 0.055 0.277 0.261 0.229 0.113 0.035 0.025
17 42 0.006 0.000 0.001 0.004 0.014 0.035 0.075 0.140 0.183 0.200 0.347
23 56 0.006 0.000 0.002 0.004 0.011 0.020 0.034 0.053 0.077 0.098 0.702
23 32 0.006 0.000 0.001 0.004 0.026 0.071 0.168 0.610 0.095 0.011 0.013
15 34 0.006 0.000 0.001 0.004 0.021 0.063 0.132 0.181 0.183 0.160 0.253
14 51 0.006 0.000 0.001 0.004 0.017 0.047 0.090 0.134 0.145 0.132 0.430
9 56 0.006 0.000 0.002 0.004 0.010 0.020 0.033 0.051 0.073 0.100 0.708
36 43 0.006 0.000 0.001 0.004 0.026 0.117 0.337 0.298 0.132 0.047 0.037
41 53 0.006 0.000 0.001 0.004 0.011 0.024 0.043 0.068 0.096 0.125 0.628
23 30 0.006 0.000 0.001 0.004 0.089 0.563 0.227 0.093 0.009 0.002 0.011
21 54 0.005 0.000 0.001 0.004 0.011 0.027 0.051 0.084 0.109 0.124 0.589
10 53 0.005 0.000 0.001 0.004 0.014 0.032 0.062 0.094 0.118 0.143 0.532
26 56 0.005 0.000 0.002 0.004 0.012 0.031 0.066 0.106 0.133 0.130 0.516
10 17 0.005 0.000 0.001 0.004 0.036 0.212 0.318 0.215 0.078 0.047 0.089
2 40 0.005 0.000 0.002 0.004 0.011 0.015 0.018 0.027 0.041 0.072 0.810
22 54 0.005 0.000 0.001 0.004 0.014 0.029 0.052 0.083 0.109 0.128 0.580
22 53 0.005 0.000 0.001 0.004 0.016 0.037 0.074 0.116 0.136 0.139 0.477
5 24 0.005 0.000 0.001 0.005 0.042 0.179 0.317 0.236 0.119 0.052 0.049
21 53 0.005 0.000 0.001 0.004 0.014 0.036 0.072 0.118 0.138 0.136 0.482
2 39 0.005 0.000 0.001 0.004 0.015 0.023 0.033 0.060 0.112 0.194 0.558
31 56 0.005 0.000 0.001 0.004 0.011 0.022 0.037 0.058 0.080 0.095 0.691
1 33 0.005 0.000 0.001 0.004 0.017 0.053 0.116 0.182 0.212 0.176 0.239
4 25 0.005 0.000 0.001 0.004 0.035 0.185 0.338 0.275 0.093 0.030 0.039
32 42 0.005 0.000 0.001 0.004 0.013 0.045 0.171 0.397 0.246 0.072 0.050
34 56 0.005 0.000 0.001 0.004 0.011 0.023 0.038 0.054 0.069 0.080 0.721
25 54 0.005 0.000 0.001 0.004 0.016 0.042 0.080 0.122 0.138 0.127 0.470
13 36 0.005 0.000 0.001 0.004 0.019 0.045 0.099 0.154 0.172 0.157 0.349
11 56 0.005 0.000 0.002 0.004 0.008 0.014 0.023 0.035 0.050 0.070 0.795
14 38 0.005 0.000 0.001 0.004 0.015 0.031 0.053 0.082 0.113 0.140 0.562
4 39 0.005 0.000 0.001 0.004 0.016 0.044 0.101 0.228 0.284 0.175 0.147
9 29 0.005 0.000 0.001 0.004 0.021 0.067 0.168 0.264 0.226 0.134 0.115
12 56 0.005 0.000 0.001 0.003 0.008 0.017 0.030 0.048 0.071 0.096 0.725
27 56 0.005 0.000 0.001 0.004 0.012 0.028 0.053 0.086 0.116 0.127 0.573
10 54 0.005 0.000 0.001 0.003 0.010 0.022 0.041 0.068 0.099 0.128 0.628
37 54 0.005 0.000 0.001 0.004 0.010 0.018 0.029 0.042 0.058 0.076 0.761
13 30 0.005 0.000 0.001 0.004 0.028 0.089 0.195 0.291 0.212 0.105 0.076
2 30 0.005 0.000 0.001 0.004 0.040 0.166 0.302 0.278 0.119 0.039 0.052
11 30 0.005 0.000 0.001 0.004 0.024 0.076 0.190 0.262 0.204 0.127 0.111
42 52 0.005 0.000 0.001 0.004 0.011 0.031 0.065 0.125 0.178 0.211 0.374
33 56 0.005 0.000 0.001 0.004 0.010 0.024 0.041 0.059 0.077 0.091 0.694
9 26 0.005 0.000 0.001 0.004 0.022 0.070 0.142 0.219 0.229 0.168 0.144
4 37 0.005 0.000 0.001 0.004 0.015 0.038 0.094 0.214 0.288 0.198 0.149
15 32 0.005 0.000 0.001 0.004 0.019 0.052 0.125 0.212 0.242 0.175 0.169
12 32 0.005 0.000 0.001 0.004 0.025 0.077 0.162 0.217 0.210 0.149 0.154
33 51 0.005 0.000 0.001 0.004 0.019 0.062 0.133 0.179 0.170 0.141 0.291
9 18 0.005 0.000 0.001 0.004 0.020 0.080 0.218 0.331 0.173 0.090 0.083
10 36 0.005 0.000 0.001 0.003 0.016 0.038 0.078 0.127 0.165 0.168 0.404
19 43 0.005 0.000 0.001 0.004 0.013 0.038 0.098 0.192 0.241 0.193 0.220
22 32 0.005 0.000 0.001 0.003 0.025 0.065 0.208 0.545 0.120 0.019 0.013
20 31 0.005 0.000 0.001 0.004 0.057 0.334 0.403 0.132 0.038 0.014 0.017
14 50 0.005 0.000 0.001 0.003 0.016 0.045 0.093 0.145 0.158 0.139 0.399
14 55 0.005 0.000 0.001 0.003 0.008 0.016 0.030 0.047 0.066 0.087 0.741
4 11 0.005 0.000 0.001 0.003 0.019 0.061 0.102 0.207 0.240 0.213 0.154
16 40 0.005 0.000 0.001 0.004 0.017 0.052 0.096 0.135 0.154 0.155 0.387
3 12 0.005 0.000 0.001 0.004 0.016 0.047 0.101 0.189 0.233 0.229 0.180
1 45 0.005 0.000 0.001 0.003 0.015 0.065 0.097 0.107 0.140 0.152 0.420
6 27 0.004 0.000 0.001 0.004 0.029 0.118 0.291 0.336 0.147 0.044 0.030
13 19 0.004 0.000 0.001 0.004 0.387 0.298 0.038 0.047 0.031 0.083 0.112
16 27 0.004 0.000 0.001 0.003 0.022 0.095 0.277 0.329 0.174 0.063 0.037
49 55 0.004 0.000 0.001 0.003 0.011 0.037 0.067 0.115 0.195 0.322 0.250
1 28 0.004 0.000 0.001 0.003 0.019 0.067 0.156 0.233 0.219 0.120 0.182
12 19 0.004 0.000 0.000 0.004 0.179 0.448 0.095 0.048 0.031 0.040 0.154
3 38 0.004 0.000 0.001 0.003 0.010 0.023 0.036 0.063 0.110 0.195 0.558
14 47 0.004 0.000 0.001 0.003 0.013 0.031 0.063 0.106 0.133 0.139 0.512
37 55 0.004 0.000 0.001 0.003 0.008 0.014 0.023 0.034 0.047 0.062 0.807
8 38 0.004 0.000 0.001 0.003 0.020 0.062 0.163 0.248 0.160 0.120 0.224
1 16 0.004 0.000 0.001 0.003 0.009 0.023 0.064 0.163 0.119 0.168 0.450
21 46 0.004 0.000 0.001 0.003 0.017 0.055 0.120 0.184 0.171 0.132 0.318
29 55 0.004 0.000 0.001 0.003 0.012 0.034 0.076 0.122 0.139 0.131 0.482
10 56 0.004 0.000 0.001 0.003 0.007 0.014 0.023 0.034 0.049 0.070 0.799
2 15 0.004 0.000 0.001 0.003 0.008 0.041 0.132 0.139 0.157 0.217 0.302
11 55 0.004 0.000 0.001 0.003 0.009 0.018 0.031 0.049 0.068 0.091 0.730
14 56 0.004 0.000 0.001 0.003 0.007 0.013 0.024 0.037 0.055 0.073 0.788
40 53 0.004 0.000 0.001 0.003 0.008 0.018 0.033 0.054 0.075 0.095 0.713
18 47 0.004 0.000 0.001 0.003 0.015 0.039 0.078 0.127 0.157 0.155 0.425
10 55 0.004 0.000 0.001 0.003 0.008 0.017 0.030 0.047 0.067 0.090 0.736
7 32 0.004 0.000 0.001 0.003 0.044 0.239 0.285 0.209 0.119 0.057 0.044
20 39 0.004 0.000 0.001 0.003 0.010 0.029 0.081 0.167 0.228 0.216 0.264
48 55 0.004 0.000 0.001 0.003 0.012 0.033 0.054 0.087 0.126 0.203 0.481
28 44 0.004 0.000 0.001 0.003 0.018 0.084 0.227 0.274 0.167 0.081 0.145
13 56 0.004 0.000 0.001 0.003 0.007 0.014 0.025 0.041 0.061 0.083 0.765
17 41 0.004 0.000 0.001 0.003 0.013 0.034 0.073 0.128 0.164 0.180 0.404
12 55 0.004 0.000 0.001 0.003 0.009 0.021 0.041 0.067 0.095 0.121 0.642
7 27 0.004 0.000 0.001 0.003 0.025 0.123 0.307 0.292 0.148 0.060 0.041
24 55 0.004 0.000 0.001 0.003 0.010 0.020 0.042 0.076 0.111 0.135 0.601
12 18 0.004 0.000 0.001 0.003 0.163 0.543 0.074 0.043 0.042 0.071 0.061
49 56 0.004 0.000 0.001 0.003 0.009 0.024 0.046 0.094 0.145 0.207 0.472
1 27 0.004 0.000 0.001 0.003 0.021 0.075 0.168 0.241 0.194 0.109 0.189
44 55 0.004 0.000 0.001 0.003 0.009 0.021 0.044 0.084 0.123 0.152 0.563
39 52 0.004 0.000 0.001 0.003 0.008 0.019 0.043 0.079 0.114 0.144 0.588
20 55 0.004 0.000 0.001 0.003 0.010 0.025 0.053 0.091 0.121 0.139 0.557
33 50 0.004 0.000 0.001 0.003 0.015 0.051 0.124 0.206 0.217 0.164 0.219
13 55 0.004 0.000 0.001 0.003 0.008 0.017 0.033 0.055 0.080 0.105 0.699
5 36 0.004 0.000 0.001 0.003 0.023 0.120 0.321 0.269 0.139 0.066 0.058
3 14 0.004 0.000 0.001 0.003 0.010 0.028 0.104 0.270 0.143 0.169 0.272
1 32 0.004 0.000 0.001 0.003 0.013 0.044 0.103 0.167 0.209 0.181 0.280
20 56 0.004 0.000 0.001 0.003 0.008 0.018 0.036 0.062 0.090 0.114 0.669
2 38 0.004 0.000 0.001 0.003 0.009 0.014 0.019 0.029 0.045 0.079 0.802
16 56 0.004 0.000 0.001 0.003 0.007 0.017 0.033 0.055 0.078 0.099 0.707
25 43 0.004 0.000 0.001 0.003 0.021 0.117 0.293 0.244 0.117 0.065 0.138
14 26 0.004 0.000 0.001 0.003 0.019 0.067 0.190 0.289 0.211 0.124 0.097
15 38 0.004 0.000 0.001 0.003 0.012 0.033 0.071 0.110 0.133 0.140 0.497
42 49 0.004 0.000 0.001 0.003 0.015 0.065 0.278 0.404 0.152 0.039 0.043
34 51 0.004 0.000 0.001 0.003 0.014 0.042 0.089 0.146 0.163 0.151 0.391
46 54 0.004 0.000 0.001 0.003 0.013 0.042 0.111 0.197 0.236 0.187 0.209
16 55 0.004 0.000 0.001 0.003 0.009 0.022 0.043 0.074 0.101 0.121 0.625
2 41 0.004 0.000 0.001 0.003 0.012 0.023 0.029 0.039 0.061 0.111 0.721
6 21 0.004 0.000 0.001 0.003 0.012 0.037 0.079 0.275 0.310 0.144 0.140
15 55 0.004 0.000 0.001 0.003 0.008 0.018 0.032 0.053 0.071 0.090 0.725
16 28 0.004 0.000 0.001 0.003 0.020 0.087 0.289 0.354 0.163 0.050 0.032
28 51 0.004 0.000 0.001 0.003 0.016 0.054 0.127 0.192 0.176 0.124 0.307
1 30 0.004 0.000 0.001 0.003 0.018 0.073 0.180 0.255 0.212 0.110 0.149
18 44 0.004 0.000 0.001 0.003 0.011 0.033 0.071 0.131 0.194 0.220 0.336
39 56 0.004 0.000 0.001 0.003 0.006 0.011 0.018 0.028 0.043 0.061 0.828
28 53 0.004 0.000 0.001 0.003 0.014 0.044 0.109 0.177 0.168 0.124 0.361
6 25 0.004 0.000 0.001 0.003 0.014 0.050 0.146 0.312 0.283 0.124 0.066
15 26 0.003 0.000 0.001 0.003 0.022 0.097 0.273 0.291 0.168 0.082 0.063
5 31 0.003 0.000 0.001 0.003 0.055 0.349 0.349 0.159 0.050 0.016 0.019
19 44 0.003 0.000 0.001 0.002 0.012 0.033 0.082 0.171 0.221 0.193 0.285
32 54 0.003 0.000 0.001 0.003 0.012 0.032 0.062 0.092 0.114 0.124 0.561
14 32 0.003 0.000 0.001 0.003 0.013 0.035 0.083 0.157 0.209 0.191 0.309
16 31 0.003 0.000 0.001 0.003 0.021 0.097 0.245 0.317 0.187 0.075 0.055
22 30 0.003 0.000 0.001 0.003 0.022 0.159 0.599 0.167 0.034 0.005 0.009
29 39 0.003 0.000 0.001 0.003 0.021 0.151 0.461 0.251 0.068 0.022 0.022
17 56 0.003 0.000 0.001 0.002 0.007 0.016 0.030 0.049 0.071 0.092 0.732
4 10 0.003 0.000 0.001 0.003 0.011 0.040 0.046 0.087 0.228 0.449 0.137
2 43 0.003 0.000 0.001 0.003 0.009 0.027 0.063 0.155 0.232 0.176 0.335
29 44 0.003 0.000 0.001 0.003 0.017 0.089 0.316 0.312 0.123 0.051 0.089
17 55 0.003 0.000 0.001 0.002 0.008 0.019 0.037 0.066 0.093 0.113 0.661
5 40 0.003 0.000 0.001 0.003 0.012 0.044 0.129 0.272 0.256 0.141 0.143
17 31 0.003 0.000 0.001 0.003 0.021 0.082 0.160 0.280 0.262 0.115 0.078
48 56 0.003 0.000 0.001 0.002 0.008 0.018 0.038 0.071 0.100 0.142 0.620
2 36 0.003 0.000 0.001 0.002 0.008 0.022 0.049 0.081 0.139 0.221 0.476
2 37 0.003 0.000 0.001 0.002 0.008 0.021 0.043 0.072 0.129 0.218 0.505
3 40 0.003 0.000 0.001 0.003 0.011 0.029 0.041 0.066 0.103 0.179 0.568
8 26 0.003 0.000 0.001 0.003 0.015 0.061 0.169 0.294 0.253 0.118 0.086
37 53 0.003 0.000 0.001 0.002 0.009 0.020 0.036 0.056 0.078 0.100 0.699
6 23 0.003 0.000 0.001 0.003 0.013 0.045 0.125 0.247 0.252 0.158 0.156
4 22 0.003 0.000 0.001 0.002 0.014 0.088 0.259 0.238 0.193 0.105 0.099
44 56 0.003 0.000 0.001 0.002 0.007 0.016 0.034 0.065 0.101 0.129 0.646
4 23 0.003 0.000 0.001 0.002 0.021 0.103 0.233 0.286 0.174 0.091 0.090
28 54 0.003 0.000 0.001 0.002 0.012 0.037 0.085 0.133 0.145 0.127 0.458
20 42 0.003 0.000 0.001 0.002 0.009 0.028 0.073 0.163 0.230 0.206 0.288
11 29 0.003 0.000 0.001 0.002 0.012 0.038 0.108 0.206 0.235 0.189 0.209
2 42 0.003 0.000 0.001 0.002 0.010 0.021 0.035 0.047 0.067 0.143 0.673
18 56 0.003 0.000 0.001 0.002 0.006 0.013 0.025 0.041 0.062 0.083 0.766
15 56 0.003 0.000 0.001 0.002 0.006 0.013 0.025 0.040 0.058 0.075 0.780
1 39 0.003 0.000 0.001 0.002 0.007 0.014 0.024 0.037 0.063 0.111 0.740
7 31 0.003 0.000 0.000 0.003 0.032 0.207 0.324 0.242 0.109 0.044 0.038
26 42 0.003 0.000 0.001 0.002 0.016 0.063 0.181 0.264 0.185 0.105 0.183
1 40 0.003 0.000 0.001 0.002 0.006 0.012 0.015 0.021 0.031 0.052 0.861
29 56 0.003 0.000 0.001 0.002 0.007 0.019 0.043 0.076 0.108 0.127 0.617
22 55 0.003 0.000 0.001 0.002 0.008 0.015 0.030 0.051 0.079 0.107 0.706
16 35 0.003 0.000 0.001 0.002 0.017 0.070 0.148 0.190 0.183 0.161 0.228
42 51 0.003 0.000 0.001 0.002 0.008 0.023 0.056 0.124 0.206 0.263 0.318
42 56 0.003 0.000 0.001 0.002 0.006 0.013 0.024 0.040 0.061 0.085 0.769
14 29 0.003 0.000 0.001 0.002 0.014 0.057 0.180 0.293 0.227 0.125 0.101
31 38 0.003 0.000 0.001 0.002 0.019 0.343 0.433 0.159 0.021 0.002 0.020
25 46 0.003 0.000 0.001 0.002 0.013 0.048 0.152 0.244 0.195 0.120 0.224
18 55 0.003 0.000 0.001 0.002 0.007 0.017 0.034 0.058 0.083 0.105 0.693
41 52 0.003 0.000 0.001 0.002 0.006 0.015 0.038 0.078 0.127 0.172 0.561
17 36 0.003 0.000 0.001 0.002 0.011 0.038 0.110 0.188 0.191 0.157 0.302
24 56 0.003 0.000 0.001 0.002 0.007 0.015 0.029 0.050 0.079 0.108 0.709
32 52 0.003 0.000 0.001 0.002 0.016 0.065 0.135 0.148 0.132 0.121 0.379
5 38 0.003 0.000 0.001 0.002 0.011 0.039 0.119 0.257 0.290 0.163 0.118
30 48 0.003 0.000 0.001 0.002 0.011 0.044 0.147 0.273 0.236 0.120 0.166
28 42 0.003 0.000 0.001 0.002 0.010 0.041 0.158 0.302 0.224 0.113 0.149
10 30 0.003 0.000 0.001 0.002 0.013 0.046 0.122 0.229 0.269 0.187 0.132
37 56 0.003 0.000 0.001 0.002 0.005 0.010 0.017 0.026 0.038 0.052 0.849
19 56 0.003 0.000 0.001 0.002 0.005 0.013 0.025 0.043 0.066 0.089 0.756
5 28 0.003 0.000 0.000 0.002 0.041 0.298 0.402 0.178 0.047 0.014 0.017
18 37 0.003 0.000 0.001 0.002 0.011 0.033 0.082 0.133 0.164 0.175 0.401
6 40 0.003 0.000 0.001 0.002 0.011 0.035 0.111 0.283 0.223 0.156 0.179
8 20 0.003 0.000 0.000 0.002 0.013 0.071 0.189 0.288 0.230 0.091 0.115
32 53 0.003 0.000 0.001 0.002 0.010 0.031 0.079 0.138 0.153 0.139 0.448
12 31 0.003 0.000 0.000 0.002 0.015 0.046 0.114 0.223 0.255 0.175 0.171
18 34 0.003 0.000 0.001 0.002 0.011 0.039 0.103 0.191 0.225 0.199 0.229
34 49 0.003 0.000 0.001 0.002 0.009 0.038 0.116 0.207 0.219 0.171 0.237
22 56 0.003 0.000 0.001 0.002 0.006 0.012 0.023 0.037 0.056 0.081 0.782
38 55 0.003 0.000 0.001 0.002 0.006 0.011 0.018 0.026 0.037 0.050 0.849
24 31 0.003 0.000 0.000 0.002 0.389 0.516 0.068 0.013 0.001 0.000 0.011
30 47 0.003 0.000 0.001 0.002 0.010 0.048 0.164 0.284 0.213 0.109 0.170
16 23 0.002 0.000 0.000 0.002 0.027 0.239 0.199 0.225 0.148 0.088 0.071
19 55 0.002 0.000 0.001 0.002 0.006 0.015 0.033 0.061 0.090 0.114 0.677
3 31 0.002 0.000 0.000 0.002 0.036 0.226 0.374 0.230 0.073 0.025 0.034
23 31 0.002 0.000 0.000 0.002 0.016 0.084 0.591 0.246 0.042 0.007 0.011
31 50 0.002 0.000 0.000 0.002 0.013 0.055 0.138 0.211 0.201 0.149 0.229
41 56 0.002 0.000 0.001 0.002 0.005 0.011 0.019 0.030 0.046 0.067 0.821
12 35 0.002 0.000 0.000 0.002 0.012 0.049 0.115 0.172 0.197 0.172 0.279
17 40 0.002 0.000 0.001 0.002 0.006 0.019 0.045 0.097 0.140 0.162 0.528
25 44 0.002 0.000 0.001 0.002 0.010 0.042 0.147 0.284 0.213 0.108 0.193
20 34 0.002 0.000 0.000 0.002 0.018 0.109 0.286 0.326 0.154 0.058 0.046
31 51 0.002 0.000 0.000 0.002 0.012 0.044 0.116 0.192 0.182 0.136 0.317
1 38 0.002 0.000 0.001 0.002 0.005 0.010 0.015 0.021 0.031 0.052 0.865
9 35 0.002 0.000 0.000 0.002 0.012 0.050 0.110 0.155 0.178 0.182 0.310
46 55 0.002 0.000 0.000 0.002 0.009 0.025 0.055 0.097 0.146 0.197 0.469
36 54 0.002 0.000 0.001 0.002 0.007 0.016 0.029 0.043 0.060 0.077 0.765
16 24 0.002 0.000 0.000 0.002 0.015 0.086 0.293 0.277 0.188 0.089 0.051
8 36 0.002 0.000 0.000 0.002 0.011 0.036 0.111 0.223 0.220 0.150 0.246
46 56 0.002 0.000 0.001 0.002 0.006 0.017 0.036 0.072 0.113 0.152 0.603
38 54 0.002 0.000 0.001 0.002 0.006 0.013 0.021 0.031 0.045 0.060 0.822
21 33 0.002 0.000 0.000 0.002 0.013 0.064 0.211 0.345 0.243 0.088 0.033
35 55 0.002 0.000 0.001 0.002 0.007 0.016 0.032 0.047 0.061 0.072 0.763
21 55 0.002 0.000 0.001 0.002 0.005 0.013 0.028 0.051 0.077 0.102 0.721
5 22 0.002 0.000 0.000 0.002 0.014 0.103 0.284 0.276 0.158 0.084 0.078
37 52 0.002 0.000 0.000 0.002 0.007 0.018 0.041 0.070 0.099 0.123 0.640
19 39 0.002 0.000 0.000 0.002 0.008 0.023 0.050 0.096 0.158 0.207 0.457
40 56 0.002 0.000 0.001 0.002 0.005 0.010 0.016 0.024 0.036 0.052 0.855
32 55 0.002 0.000 0.000 0.002 0.007 0.019 0.039 0.065 0.088 0.105 0.674
14 20 0.002 0.000 0.000 0.002 0.027 0.650 0.056 0.051 0.045 0.100 0.068
18 39 0.002 0.000 0.001 0.002 0.007 0.021 0.058 0.115 0.163 0.179 0.455
1 37 0.002 0.000 0.001 0.002 0.005 0.011 0.024 0.042 0.069 0.112 0.736
25 55 0.002 0.000 0.001 0.002 0.007 0.018 0.040 0.073 0.110 0.136 0.615
36 55 0.002 0.000 0.001 0.002 0.006 0.012 0.022 0.035 0.049 0.063 0.811
18 42 0.002 0.000 0.000 0.002 0.006 0.016 0.034 0.066 0.117 0.182 0.576
35 54 0.002 0.000 0.001 0.002 0.007 0.018 0.038 0.059 0.076 0.088 0.712
1 41 0.002 0.000 0.001 0.002 0.006 0.013 0.019 0.028 0.042 0.070 0.821
21 56 0.002 0.000 0.001 0.002 0.005 0.011 0.022 0.038 0.057 0.080 0.785
28 49 0.002 0.000 0.001 0.002 0.010 0.038 0.117 0.228 0.236 0.151 0.219
34 50 0.002 0.000 0.000 0.002 0.009 0.033 0.094 0.177 0.210 0.179 0.296
32 45 0.002 0.000 0.000 0.002 0.012 0.063 0.237 0.328 0.180 0.076 0.102
8 29 0.002 0.000 0.000 0.002 0.011 0.052 0.183 0.339 0.256 0.103 0.054
41 49 0.002 0.000 0.001 0.001 0.005 0.023 0.099 0.280 0.324 0.164 0.103
42 50 0.002 0.000 0.000 0.002 0.007 0.027 0.112 0.292 0.288 0.163 0.108
1 43 0.002 0.000 0.001 0.001 0.005 0.014 0.035 0.077 0.153 0.220 0.493
9 32 0.002 0.000 0.000 0.002 0.010 0.043 0.126 0.206 0.220 0.187 0.207
32 44 0.002 0.000 0.001 0.001 0.007 0.027 0.105 0.368 0.311 0.095 0.085
1 36 0.002 0.000 0.001 0.001 0.004 0.011 0.028 0.051 0.082 0.125 0.697
17 38 0.002 0.000 0.000 0.002 0.007 0.024 0.064 0.127 0.168 0.173 0.436
2 44 0.002 0.000 0.001 0.001 0.006 0.014 0.046 0.196 0.148 0.172 0.417
7 21 0.002 0.000 0.000 0.002 0.007 0.027 0.074 0.180 0.315 0.244 0.151
31 46 0.002 0.000 0.000 0.002 0.009 0.031 0.106 0.281 0.279 0.136 0.155
1 15 0.002 0.000 0.001 0.001 0.004 0.010 0.020 0.058 0.151 0.150 0.605
39 45 0.002 0.000 0.000 0.002 0.008 0.040 0.172 0.403 0.269 0.071 0.035
18 36 0.002 0.000 0.000 0.001 0.008 0.027 0.081 0.133 0.161 0.175 0.413
29 41 0.002 0.000 0.000 0.002 0.009 0.038 0.155 0.374 0.276 0.092 0.054
14 31 0.002 0.000 0.000 0.002 0.009 0.025 0.053 0.099 0.144 0.217 0.451
36 42 0.002 0.000 0.000 0.001 0.007 0.020 0.073 0.273 0.429 0.156 0.040
32 56 0.002 0.000 0.000 0.001 0.005 0.012 0.025 0.043 0.064 0.084 0.767
16 22 0.002 0.000 0.000 0.002 0.018 0.300 0.238 0.163 0.100 0.120 0.058
3 9 0.002 0.000 0.000 0.001 0.008 0.045 0.026 0.050 0.129 0.496 0.245
19 42 0.002 0.000 0.000 0.001 0.005 0.013 0.033 0.076 0.137 0.204 0.529
25 56 0.002 0.000 0.000 0.001 0.004 0.012 0.026 0.049 0.077 0.110 0.720
20 37 0.002 0.000 0.000 0.001 0.007 0.026 0.084 0.173 0.243 0.226 0.240
20 41 0.002 0.000 0.000 0.001 0.005 0.016 0.049 0.119 0.203 0.238 0.368
9 19 0.002 0.000 0.000 0.001 0.009 0.048 0.160 0.293 0.221 0.109 0.158
27 41 0.002 0.000 0.000 0.002 0.014 0.079 0.230 0.268 0.178 0.100 0.130
33 46 0.002 0.000 0.000 0.001 0.007 0.029 0.099 0.253 0.321 0.170 0.119
21 43 0.002 0.000 0.000 0.001 0.006 0.020 0.071 0.183 0.241 0.200 0.277
14 35 0.002 0.000 0.000 0.001 0.006 0.017 0.039 0.074 0.130 0.181 0.552
2 28 0.002 0.000 0.000 0.001 0.016 0.067 0.211 0.372 0.206 0.063 0.062
39 46 0.002 0.000 0.000 0.001 0.005 0.019 0.073 0.234 0.343 0.221 0.103
1 42 0.002 0.000 0.000 0.001 0.005 0.013 0.024 0.035 0.049 0.082 0.791
13 29 0.002 0.000 0.000 0.001 0.012 0.060 0.202 0.294 0.217 0.117 0.097
34 46 0.002 0.000 0.000 0.001 0.007 0.029 0.109 0.272 0.286 0.159 0.136
30 38 0.002 0.000 0.000 0.001 0.013 0.091 0.517 0.319 0.038 0.006 0.014
28 56 0.002 0.000 0.000 0.001 0.004 0.011 0.025 0.050 0.083 0.115 0.709
29 48 0.002 0.000 0.000 0.001 0.006 0.019 0.059 0.151 0.249 0.229 0.286
6 24 0.002 0.000 0.000 0.001 0.008 0.032 0.099 0.237 0.311 0.187 0.123
39 49 0.002 0.000 0.000 0.001 0.004 0.020 0.078 0.168 0.224 0.208 0.297
31 49 0.002 0.000 0.000 0.001 0.008 0.034 0.112 0.234 0.252 0.163 0.196
21 31 0.002 0.000 0.000 0.001 0.008 0.030 0.124 0.431 0.327 0.060 0.018
35 53 0.002 0.000 0.000 0.001 0.006 0.017 0.044 0.080 0.104 0.115 0.632
6 32 0.002 0.000 0.000 0.001 0.010 0.051 0.172 0.417 0.257 0.063 0.028
28 55 0.002 0.000 0.000 0.001 0.006 0.016 0.040 0.081 0.120 0.143 0.591
4 32 0.002 0.000 0.000 0.001 0.011 0.054 0.207 0.431 0.230 0.043 0.023
4 40 0.002 0.000 0.000 0.001 0.006 0.015 0.033 0.064 0.117 0.239 0.525
37 44 0.002 0.000 0.000 0.001 0.005 0.020 0.075 0.265 0.373 0.181 0.078
29 42 0.002 0.000 0.000 0.001 0.008 0.038 0.168 0.375 0.235 0.089 0.085
8 19 0.002 0.000 0.000 0.001 0.007 0.024 0.097 0.309 0.296 0.115 0.150
38 53 0.002 0.000 0.000 0.001 0.005 0.012 0.025 0.042 0.059 0.077 0.778
31 37 0.002 0.000 0.000 0.001 0.016 0.786 0.155 0.023 0.003 0.001 0.013
38 56 0.002 0.000 0.000 0.001 0.003 0.008 0.014 0.022 0.033 0.046 0.872
29 46 0.002 0.000 0.000 0.001 0.009 0.039 0.164 0.318 0.227 0.104 0.138
23 42 0.002 0.000 0.000 0.001 0.005 0.018 0.068 0.145 0.157 0.161 0.445
20 36 0.002 0.000 0.000 0.001 0.008 0.034 0.100 0.194 0.263 0.200 0.200
35 56 0.002 0.000 0.000 0.001 0.004 0.010 0.019 0.033 0.048 0.062 0.823
4 36 0.002 0.000 0.000 0.001 0.007 0.022 0.061 0.152 0.287 0.282 0.187
1 7 0.002 0.000 0.000 0.001 0.011 0.030 0.013 0.026 0.067 0.429 0.421
19 34 0.002 0.000 0.000 0.001 0.012 0.049 0.114 0.239 0.267 0.183 0.135
36 56 0.002 0.000 0.000 0.001 0.003 0.007 0.014 0.024 0.036 0.050 0.864
4 27 0.002 0.000 0.000 0.001 0.013 0.086 0.361 0.371 0.114 0.027 0.026
25 31 0.002 0.000 0.000 0.001 0.257 0.721 0.009 0.002 0.000 0.001 0.007
4 24 0.002 0.000 0.000 0.001 0.010 0.048 0.197 0.365 0.232 0.087 0.060
36 53 0.002 0.000 0.000 0.001 0.005 0.013 0.032 0.059 0.086 0.106 0.696
11 32 0.002 0.000 0.000 0.001 0.007 0.025 0.075 0.151 0.202 0.211 0.325
4 34 0.002 0.000 0.000 0.001 0.009 0.043 0.185 0.396 0.251 0.073 0.042
18 41 0.002 0.000 0.000 0.001 0.005 0.012 0.030 0.064 0.113 0.167 0.608
7 25 0.002 0.000 0.000 0.001 0.007 0.035 0.142 0.314 0.282 0.135 0.084
2 27 0.001 0.000 0.000 0.001 0.011 0.060 0.245 0.356 0.183 0.067 0.076
22 44 0.001 0.000 0.000 0.001 0.006 0.022 0.085 0.167 0.161 0.150 0.407
3 13 0.001 0.000 0.000 0.001 0.005 0.019 0.053 0.166 0.304 0.202 0.250
7 35 0.001 0.000 0.000 0.001 0.013 0.108 0.250 0.216 0.164 0.117 0.131
22 43 0.001 0.000 0.000 0.001 0.006 0.023 0.096 0.190 0.191 0.167 0.326
10 29 0.001 0.000 0.000 0.001 0.006 0.019 0.055 0.130 0.226 0.263 0.301
40 52 0.001 0.000 0.000 0.001 0.003 0.009 0.021 0.048 0.081 0.119 0.717
7 23 0.001 0.000 0.000 0.001 0.006 0.021 0.070 0.173 0.260 0.234 0.235
28 47 0.001 0.000 0.000 0.001 0.008 0.023 0.056 0.125 0.189 0.193 0.405
33 48 0.001 0.000 0.000 0.001 0.004 0.012 0.035 0.086 0.178 0.263 0.421
35 44 0.001 0.000 0.000 0.001 0.006 0.021 0.084 0.296 0.330 0.145 0.116
3 11 0.001 0.000 0.000 0.001 0.005 0.017 0.049 0.095 0.167 0.241 0.423
22 31 0.001 0.000 0.000 0.001 0.010 0.032 0.255 0.556 0.110 0.024 0.013
15 25 0.001 0.000 0.000 0.001 0.007 0.031 0.126 0.306 0.263 0.150 0.114
11 18 0.001 0.000 0.000 0.001 0.009 0.059 0.167 0.457 0.122 0.055 0.130
11 35 0.001 0.000 0.000 0.001 0.007 0.024 0.067 0.129 0.182 0.185 0.406
13 32 0.001 0.000 0.000 0.001 0.006 0.026 0.092 0.203 0.243 0.203 0.225
21 44 0.001 0.000 0.000 0.001 0.005 0.015 0.046 0.141 0.229 0.196 0.368
15 21 0.001 0.000 0.000 0.001 0.010 0.411 0.189 0.102 0.055 0.116 0.116
36 52 0.001 0.000 0.000 0.001 0.005 0.015 0.041 0.078 0.112 0.132 0.616
28 46 0.001 0.000 0.000 0.001 0.006 0.023 0.091 0.234 0.250 0.154 0.241
4 38 0.001 0.000 0.000 0.001 0.005 0.013 0.027 0.054 0.105 0.218 0.577
9 31 0.001 0.000 0.000 0.001 0.007 0.032 0.107 0.202 0.225 0.203 0.223
12 27 0.001 0.000 0.000 0.001 0.007 0.034 0.124 0.238 0.230 0.170 0.196
41 51 0.001 0.000 0.000 0.001 0.003 0.009 0.026 0.064 0.130 0.206 0.560
9 21 0.001 0.000 0.000 0.001 0.005 0.018 0.045 0.098 0.168 0.216 0.449
13 26 0.001 0.000 0.000 0.001 0.009 0.051 0.181 0.269 0.220 0.144 0.125
10 18 0.001 0.000 0.000 0.001 0.004 0.014 0.077 0.194 0.368 0.205 0.136
7 24 0.001 0.000 0.000 0.001 0.005 0.020 0.076 0.216 0.306 0.216 0.161
14 27 0.001 0.000 0.000 0.001 0.005 0.018 0.056 0.132 0.214 0.273 0.300
29 40 0.001 0.000 0.000 0.001 0.005 0.016 0.053 0.195 0.395 0.251 0.084
18 31 0.001 0.000 0.000 0.001 0.007 0.029 0.097 0.199 0.310 0.235 0.122
42 48 0.001 0.000 0.000 0.001 0.003 0.011 0.038 0.151 0.443 0.300 0.053
1 44 0.001 0.000 0.000 0.001 0.003 0.008 0.022 0.078 0.166 0.167 0.554
32 49 0.001 0.000 0.000 0.001 0.004 0.014 0.044 0.116 0.225 0.272 0.323
17 35 0.001 0.000 0.000 0.001 0.005 0.017 0.063 0.158 0.216 0.188 0.352
11 20 0.001 0.000 0.000 0.001 0.008 0.051 0.225 0.321 0.128 0.071 0.194
6 38 0.001 0.000 0.000 0.001 0.005 0.016 0.048 0.145 0.313 0.266 0.206
3 35 0.001 0.000 0.000 0.001 0.006 0.028 0.104 0.227 0.267 0.210 0.158
6 36 0.001 0.000 0.000 0.001 0.005 0.020 0.071 0.219 0.336 0.205 0.144
9 27 0.001 0.000 0.000 0.001 0.006 0.025 0.077 0.157 0.224 0.240 0.270
37 46 0.001 0.000 0.000 0.001 0.002 0.006 0.018 0.052 0.139 0.272 0.510
10 35 0.001 0.000 0.000 0.001 0.005 0.016 0.044 0.096 0.159 0.204 0.474
35 52 0.001 0.000 0.000 0.001 0.004 0.016 0.048 0.099 0.129 0.137 0.566
40 46 0.001 0.000 0.000 0.001 0.003 0.009 0.026 0.087 0.266 0.439 0.169
19 31 0.001 0.000 0.000 0.001 0.008 0.042 0.164 0.359 0.290 0.093 0.042
15 35 0.001 0.000 0.000 0.001 0.005 0.017 0.056 0.114 0.161 0.186 0.462
19 38 0.001 0.000 0.000 0.001 0.003 0.009 0.024 0.052 0.094 0.149 0.667
12 21 0.001 0.000 0.000 0.001 0.014 0.101 0.273 0.258 0.088 0.051 0.213
15 27 0.001 0.000 0.000 0.001 0.005 0.017 0.059 0.167 0.311 0.266 0.173
37 49 0.001 0.000 0.000 0.001 0.002 0.007 0.024 0.072 0.153 0.219 0.521
15 23 0.001 0.000 0.000 0.001 0.006 0.033 0.189 0.233 0.182 0.152 0.204
23 33 0.001 0.000 0.000 0.001 0.006 0.026 0.082 0.500 0.323 0.046 0.016
6 22 0.001 0.000 0.000 0.001 0.004 0.017 0.056 0.164 0.325 0.250 0.183
19 41 0.001 0.000 0.000 0.001 0.003 0.009 0.027 0.066 0.125 0.192 0.577
13 35 0.001 0.000 0.000 0.001 0.004 0.016 0.052 0.119 0.182 0.198 0.428
28 41 0.001 0.000 0.000 0.001 0.004 0.018 0.082 0.259 0.317 0.180 0.139
41 50 0.001 0.000 0.000 0.001 0.003 0.009 0.036 0.124 0.246 0.280 0.302
38 44 0.001 0.000 0.000 0.001 0.003 0.009 0.027 0.115 0.399 0.356 0.090
6 31 0.001 0.000 0.000 0.001 0.008 0.050 0.201 0.436 0.226 0.050 0.027
5 35 0.001 0.000 0.000 0.001 0.006 0.046 0.265 0.356 0.195 0.078 0.054
37 45 0.001 0.000 0.000 0.001 0.003 0.011 0.040 0.137 0.303 0.290 0.215
2 14 0.001 0.000 0.000 0.001 0.003 0.009 0.027 0.106 0.229 0.195 0.431
29 47 0.001 0.000 0.000 0.001 0.004 0.018 0.064 0.161 0.243 0.221 0.287
38 52 0.001 0.000 0.000 0.001 0.003 0.008 0.019 0.040 0.068 0.097 0.764
39 51 0.001 0.000 0.000 0.001 0.003 0.009 0.026 0.061 0.111 0.162 0.627
26 41 0.001 0.000 0.000 0.001 0.005 0.024 0.088 0.213 0.279 0.190 0.200
13 20 0.001 0.000 0.000 0.001 0.060 0.561 0.088 0.050 0.034 0.043 0.164
31 47 0.001 0.000 0.000 0.001 0.003 0.010 0.035 0.100 0.213 0.268 0.370
10 26 0.001 0.000 0.000 0.001 0.004 0.012 0.044 0.122 0.210 0.245 0.363
32 50 0.001 0.000 0.000 0.001 0.004 0.017 0.060 0.135 0.202 0.218 0.363
18 40 0.001 0.000 0.000 0.001 0.002 0.007 0.018 0.042 0.079 0.133 0.719
28 48 0.001 0.000 0.000 0.001 0.004 0.011 0.034 0.089 0.177 0.244 0.440
1 14 0.001 0.000 0.000 0.001 0.002 0.004 0.010 0.027 0.057 0.137 0.763
2 12 0.001 0.000 0.000 0.001 0.003 0.011 0.034 0.080 0.144 0.217 0.509
11 19 0.001 0.000 0.000 0.001 0.005 0.027 0.209 0.363 0.140 0.066 0.191
21 42 0.001 0.000 0.000 0.001 0.002 0.006 0.016 0.040 0.087 0.175 0.674
25 32 0.001 0.000 0.000 0.001 0.157 0.817 0.016 0.003 0.000 0.000 0.006
29 38 0.001 0.000 0.000 0.001 0.005 0.023 0.065 0.496 0.362 0.033 0.016
11 26 0.001 0.000 0.000 0.001 0.004 0.018 0.079 0.193 0.241 0.197 0.268
28 40 0.001 0.000 0.000 0.001 0.003 0.010 0.027 0.102 0.309 0.350 0.198
9 23 0.001 0.000 0.000 0.001 0.002 0.009 0.031 0.076 0.126 0.186 0.569
34 48 0.001 0.000 0.000 0.001 0.003 0.009 0.026 0.068 0.146 0.238 0.511
22 33 0.001 0.000 0.000 0.001 0.004 0.022 0.082 0.327 0.462 0.078 0.024
2 34 0.001 0.000 0.000 0.001 0.003 0.013 0.042 0.121 0.241 0.299 0.281
33 47 0.001 0.000 0.000 0.001 0.002 0.007 0.023 0.067 0.163 0.299 0.438
15 28 0.001 0.000 0.000 0.001 0.004 0.013 0.050 0.164 0.325 0.282 0.161
39 50 0.001 0.000 0.000 0.001 0.002 0.009 0.035 0.097 0.172 0.220 0.464
24 42 0.001 0.000 0.000 0.001 0.003 0.016 0.078 0.180 0.202 0.191 0.329
1 31 0.001 0.000 0.000 0.001 0.003 0.010 0.040 0.121 0.222 0.259 0.345
10 20 0.001 0.000 0.000 0.001 0.003 0.016 0.076 0.240 0.277 0.158 0.231
1 34 0.001 0.000 0.000 0.001 0.002 0.007 0.021 0.057 0.129 0.213 0.569
13 31 0.001 0.000 0.000 0.001 0.003 0.011 0.042 0.126 0.225 0.277 0.314
15 31 0.001 0.000 0.000 0.001 0.004 0.013 0.048 0.137 0.245 0.266 0.286
32 51 0.001 0.000 0.000 0.001 0.003 0.015 0.055 0.138 0.196 0.187 0.405
10 32 0.001 0.000 0.000 0.001 0.003 0.011 0.035 0.093 0.173 0.243 0.442
11 31 0.001 0.000 0.000 0.001 0.004 0.014 0.051 0.127 0.216 0.249 0.339
14 21 0.001 0.000 0.000 0.001 0.020 0.343 0.154 0.152 0.066 0.046 0.219
40 49 0.001 0.000 0.000 0.001 0.002 0.007 0.023 0.077 0.176 0.268 0.447
8 32 0.001 0.000 0.000 0.000 0.004 0.016 0.072 0.250 0.327 0.195 0.136
19 35 0.001 0.000 0.000 0.001 0.005 0.025 0.058 0.111 0.202 0.239 0.358
1 12 0.001 0.000 0.000 0.000 0.001 0.004 0.014 0.036 0.067 0.105 0.772
25 42 0.001 0.000 0.000 0.000 0.002 0.009 0.028 0.110 0.264 0.266 0.321
35 45 0.001 0.000 0.000 0.001 0.003 0.014 0.048 0.177 0.315 0.228 0.214
8 35 0.001 0.000 0.000 0.000 0.004 0.015 0.065 0.195 0.266 0.205 0.249
20 38 0.001 0.000 0.000 0.001 0.002 0.008 0.026 0.068 0.141 0.220 0.535
2 8 0.001 0.000 0.000 0.000 0.003 0.030 0.010 0.017 0.039 0.391 0.510
37 51 0.001 0.000 0.000 0.000 0.002 0.006 0.019 0.045 0.085 0.133 0.709
28 39 0.001 0.000 0.000 0.000 0.004 0.020 0.131 0.531 0.210 0.062 0.041
1 8 0.001 0.000 0.000 0.000 0.005 0.024 0.011 0.015 0.020 0.055 0.869
40 51 0.001 0.000 0.000 0.000 0.002 0.005 0.013 0.032 0.063 0.110 0.776
18 38 0.001 0.000 0.000 0.000 0.002 0.007 0.022 0.059 0.117 0.175 0.618
31 48 0.001 0.000 0.000 0.000 0.002 0.008 0.026 0.075 0.164 0.263 0.461
15 24 0.001 0.000 0.000 0.000 0.004 0.012 0.060 0.259 0.282 0.205 0.178
32 46 0.001 0.000 0.000 0.000 0.003 0.009 0.029 0.085 0.226 0.351 0.297
34 47 0.001 0.000 0.000 0.000 0.002 0.007 0.021 0.062 0.150 0.277 0.480
36 44 0.001 0.000 0.000 0.000 0.002 0.007 0.024 0.079 0.271 0.399 0.216
29 37 0.001 0.000 0.000 0.001 0.009 0.179 0.630 0.132 0.029 0.006 0.014
27 39 0.001 0.000 0.000 0.000 0.004 0.025 0.216 0.449 0.174 0.077 0.054
10 19 0.001 0.000 0.000 0.000 0.002 0.006 0.025 0.157 0.319 0.232 0.258
12 25 0.001 0.000 0.000 0.000 0.003 0.019 0.106 0.248 0.234 0.156 0.233
32 48 0.001 0.000 0.000 0.000 0.002 0.004 0.013 0.032 0.079 0.169 0.701
1 35 0.001 0.000 0.000 0.000 0.002 0.004 0.012 0.032 0.073 0.134 0.743
14 23 0.001 0.000 0.000 0.000 0.003 0.013 0.052 0.310 0.230 0.136 0.256
41 48 0.001 0.000 0.000 0.000 0.002 0.005 0.017 0.057 0.166 0.346 0.407
41 47 0.001 0.000 0.000 0.000 0.002 0.006 0.016 0.051 0.195 0.510 0.220
20 40 0.001 0.000 0.000 0.000 0.002 0.006 0.020 0.058 0.125 0.204 0.584
7 28 0.001 0.000 0.000 0.000 0.004 0.033 0.188 0.373 0.247 0.102 0.052
8 27 0.001 0.000 0.000 0.000 0.003 0.015 0.067 0.203 0.312 0.235 0.165
30 37 0.001 0.000 0.000 0.000 0.024 0.763 0.134 0.055 0.009 0.001 0.013
12 28 0.001 0.000 0.000 0.000 0.003 0.014 0.062 0.180 0.284 0.223 0.234
14 25 0.001 0.000 0.000 0.000 0.003 0.012 0.053 0.187 0.285 0.234 0.226
2 13 0.001 0.000 0.000 0.000 0.001 0.004 0.014 0.048 0.126 0.258 0.548
39 47 0.001 0.000 0.000 0.000 0.001 0.004 0.013 0.041 0.112 0.239 0.589
36 49 0.001 0.000 0.000 0.000 0.001 0.004 0.013 0.037 0.092 0.179 0.673
9 25 0.000 0.000 0.000 0.000 0.002 0.007 0.028 0.085 0.169 0.253 0.456
20 35 0.000 0.000 0.000 0.000 0.003 0.020 0.100 0.245 0.315 0.188 0.128
6 28 0.000 0.000 0.000 0.000 0.004 0.025 0.100 0.313 0.393 0.125 0.039
8 31 0.000 0.000 0.000 0.000 0.003 0.016 0.071 0.250 0.342 0.199 0.119
38 46 0.000 0.000 0.000 0.000 0.001 0.004 0.010 0.026 0.068 0.170 0.721
37 48 0.000 0.000 0.000 0.000 0.001 0.002 0.007 0.019 0.047 0.105 0.818
19 40 0.000 0.000 0.000 0.000 0.002 0.005 0.015 0.039 0.076 0.127 0.736
22 42 0.000 0.000 0.000 0.000 0.001 0.004 0.013 0.039 0.107 0.194 0.642
4 28 0.000 0.000 0.000 0.000 0.004 0.023 0.156 0.506 0.247 0.040 0.023
15 22 0.000 0.000 0.000 0.000 0.006 0.133 0.144 0.260 0.145 0.088 0.224
7 22 0.000 0.000 0.000 0.000 0.002 0.008 0.032 0.109 0.249 0.316 0.284
35 51 0.000 0.000 0.000 0.000 0.002 0.006 0.018 0.048 0.099 0.154 0.673
30 36 0.000 0.000 0.000 0.000 0.010 0.920 0.052 0.007 0.001 0.001 0.009
18 35 0.000 0.000 0.000 0.000 0.002 0.008 0.035 0.098 0.169 0.209 0.479
3 10 0.000 0.000 0.000 0.000 0.002 0.021 0.023 0.039 0.058 0.141 0.715
10 31 0.000 0.000 0.000 0.000 0.002 0.008 0.026 0.080 0.164 0.248 0.472
2 35 0.000 0.000 0.000 0.000 0.002 0.006 0.019 0.055 0.114 0.222 0.582
26 39 0.000 0.000 0.000 0.000 0.002 0.015 0.088 0.309 0.325 0.144 0.117
23 41 0.000 0.000 0.000 0.000 0.001 0.004 0.013 0.048 0.133 0.213 0.587
37 50 0.000 0.000 0.000 0.000 0.001 0.004 0.015 0.044 0.099 0.175 0.661
14 28 0.000 0.000 0.000 0.000 0.002 0.008 0.032 0.094 0.202 0.298 0.365
39 48 0.000 0.000 0.000 0.000 0.001 0.004 0.015 0.048 0.118 0.206 0.606
2 11 0.000 0.000 0.000 0.000 0.001 0.004 0.013 0.040 0.073 0.138 0.729
14 24 0.000 0.000 0.000 0.000 0.002 0.008 0.038 0.180 0.289 0.218 0.265
21 41 0.000 0.000 0.000 0.000 0.001 0.003 0.010 0.027 0.063 0.130 0.766
1 11 0.000 0.000 0.000 0.000 0.001 0.003 0.007 0.021 0.039 0.061 0.868
1 9 0.000 0.000 0.000 0.000 0.002 0.005 0.022 0.019 0.021 0.042 0.889
24 33 0.000 0.000 0.000 0.000 0.011 0.052 0.430 0.483 0.010 0.001 0.013
36 51 0.000 0.000 0.000 0.000 0.001 0.004 0.014 0.036 0.077 0.129 0.738
40 50 0.000 0.000 0.000 0.000 0.001 0.003 0.011 0.036 0.095 0.187 0.667
35 49 0.000 0.000 0.000 0.000 0.001 0.004 0.015 0.049 0.120 0.213 0.597
36 45 0.000 0.000 0.000 0.000 0.001 0.005 0.018 0.065 0.203 0.347 0.360
36 46 0.000 0.000 0.000 0.000 0.001 0.003 0.009 0.025 0.063 0.154 0.744
13 27 0.000 0.000 0.000 0.000 0.002 0.008 0.037 0.117 0.226 0.276 0.334
27 40 0.000 0.000 0.000 0.000 0.002 0.010 0.047 0.204 0.319 0.213 0.205
21 39 0.000 0.000 0.000 0.000 0.001 0.004 0.014 0.040 0.091 0.179 0.670
9 24 0.000 0.000 0.000 0.000 0.001 0.005 0.023 0.069 0.137 0.220 0.546
21 34 0.000 0.000 0.000 0.000 0.002 0.006 0.027 0.110 0.284 0.355 0.216
38 49 0.000 0.000 0.000 0.000 0.001 0.003 0.011 0.036 0.091 0.179 0.679
1 13 0.000 0.000 0.000 0.000 0.001 0.003 0.007 0.017 0.043 0.097 0.833
8 21 0.000 0.000 0.000 0.000 0.002 0.006 0.024 0.072 0.138 0.229 0.529
28 38 0.000 0.000 0.000 0.000 0.002 0.011 0.024 0.169 0.564 0.194 0.035
12 23 0.000 0.000 0.000 0.000 0.002 0.016 0.109 0.255 0.226 0.132 0.260
36 48 0.000 0.000 0.000 0.000 0.001 0.002 0.006 0.013 0.030 0.067 0.881
6 35 0.000 0.000 0.000 0.000 0.002 0.009 0.038 0.166 0.367 0.270 0.148
36 50 0.000 0.000 0.000 0.000 0.001 0.003 0.011 0.030 0.073 0.142 0.740
26 32 0.000 0.000 0.000 0.000 0.016 0.973 0.006 0.001 0.000 0.000 0.004
35 46 0.000 0.000 0.000 0.000 0.001 0.004 0.013 0.041 0.108 0.248 0.585
37 47 0.000 0.000 0.000 0.000 0.001 0.002 0.005 0.013 0.032 0.078 0.868
8 25 0.000 0.000 0.000 0.000 0.001 0.005 0.020 0.068 0.175 0.308 0.423
14 22 0.000 0.000 0.000 0.000 0.002 0.021 0.207 0.251 0.169 0.092 0.257
4 35 0.000 0.000 0.000 0.000 0.001 0.005 0.020 0.081 0.254 0.404 0.233
32 47 0.000 0.000 0.000 0.000 0.001 0.003 0.010 0.029 0.075 0.181 0.700
12 24 0.000 0.000 0.000 0.000 0.001 0.009 0.066 0.202 0.243 0.187 0.292
35 50 0.000 0.000 0.000 0.000 0.001 0.004 0.013 0.043 0.104 0.181 0.653
2 31 0.000 0.000 0.000 0.000 0.003 0.015 0.062 0.192 0.342 0.255 0.131
24 41 0.000 0.000 0.000 0.000 0.001 0.003 0.014 0.067 0.185 0.274 0.456
8 23 0.000 0.000 0.000 0.000 0.001 0.004 0.016 0.052 0.123 0.221 0.583
9 22 0.000 0.000 0.000 0.000 0.001 0.005 0.018 0.054 0.108 0.179 0.634
40 47 0.000 0.000 0.000 0.000 0.001 0.003 0.007 0.017 0.043 0.132 0.798
21 36 0.000 0.000 0.000 0.000 0.001 0.003 0.014 0.046 0.110 0.225 0.600
38 51 0.000 0.000 0.000 0.000 0.001 0.003 0.008 0.022 0.046 0.082 0.838
23 39 0.000 0.000 0.000 0.000 0.001 0.003 0.010 0.037 0.118 0.269 0.563
9 28 0.000 0.000 0.000 0.000 0.001 0.006 0.028 0.093 0.195 0.281 0.394
35 48 0.000 0.000 0.000 0.000 0.001 0.002 0.006 0.016 0.038 0.082 0.855
11 27 0.000 0.000 0.000 0.000 0.001 0.005 0.019 0.069 0.165 0.257 0.484
38 45 0.000 0.000 0.000 0.000 0.001 0.003 0.011 0.035 0.113 0.323 0.514
40 48 0.000 0.000 0.000 0.000 0.001 0.002 0.007 0.020 0.053 0.128 0.788
11 21 0.000 0.000 0.000 0.000 0.001 0.005 0.019 0.090 0.236 0.256 0.392
2 9 0.000 0.000 0.000 0.000 0.002 0.018 0.014 0.024 0.037 0.109 0.796
10 27 0.000 0.000 0.000 0.000 0.001 0.004 0.014 0.047 0.114 0.213 0.607
4 31 0.000 0.000 0.000 0.000 0.002 0.012 0.078 0.422 0.385 0.074 0.027
11 28 0.000 0.000 0.000 0.000 0.001 0.004 0.014 0.045 0.113 0.227 0.597
29 36 0.000 0.000 0.000 0.000 0.022 0.878 0.067 0.018 0.003 0.001 0.011
1 10 0.000 0.000 0.000 0.000 0.001 0.002 0.005 0.016 0.019 0.030 0.927
13 25 0.000 0.000 0.000 0.000 0.001 0.006 0.035 0.152 0.276 0.248 0.281
22 41 0.000 0.000 0.000 0.000 0.001 0.002 0.006 0.017 0.045 0.116 0.814
28 36 0.000 0.000 0.000 0.000 0.003 0.097 0.808 0.070 0.009 0.002 0.011
22 34 0.000 0.000 0.000 0.000 0.001 0.003 0.018 0.071 0.272 0.522 0.113
25 41 0.000 0.000 0.000 0.000 0.001 0.003 0.013 0.050 0.161 0.319 0.453
10 25 0.000 0.000 0.000 0.000 0.001 0.002 0.008 0.025 0.062 0.141 0.761
11 25 0.000 0.000 0.000 0.000 0.001 0.003 0.011 0.043 0.121 0.235 0.587
13 28 0.000 0.000 0.000 0.000 0.001 0.004 0.018 0.073 0.197 0.305 0.401
13 21 0.000 0.000 0.000 0.000 0.002 0.031 0.321 0.229 0.104 0.058 0.256
38 50 0.000 0.000 0.000 0.000 0.001 0.002 0.007 0.023 0.056 0.112 0.800
21 37 0.000 0.000 0.000 0.000 0.001 0.003 0.011 0.036 0.093 0.187 0.669
21 35 0.000 0.000 0.000 0.000 0.001 0.003 0.011 0.044 0.134 0.306 0.501
24 39 0.000 0.000 0.000 0.000 0.000 0.002 0.009 0.048 0.201 0.394 0.346
10 21 0.000 0.000 0.000 0.000 0.001 0.003 0.011 0.034 0.097 0.211 0.643
22 39 0.000 0.000 0.000 0.000 0.001 0.002 0.007 0.021 0.054 0.138 0.777
26 40 0.000 0.000 0.000 0.000 0.001 0.004 0.016 0.059 0.171 0.336 0.414
35 47 0.000 0.000 0.000 0.000 0.001 0.002 0.005 0.014 0.034 0.076 0.869
36 47 0.000 0.000 0.000 0.000 0.000 0.001 0.004 0.009 0.021 0.047 0.917
23 40 0.000 0.000 0.000 0.000 0.000 0.001 0.004 0.013 0.038 0.114 0.829
8 24 0.000 0.000 0.000 0.000 0.001 0.002 0.010 0.043 0.128 0.258 0.558
23 34 0.000 0.000 0.000 0.000 0.001 0.005 0.018 0.164 0.564 0.201 0.048
38 48 0.000 0.000 0.000 0.000 0.000 0.001 0.004 0.011 0.028 0.066 0.890
13 23 0.000 0.000 0.000 0.000 0.001 0.004 0.032 0.218 0.256 0.174 0.315
22 35 0.000 0.000 0.000 0.000 0.001 0.002 0.008 0.035 0.106 0.382 0.465
38 47 0.000 0.000 0.000 0.000 0.000 0.001 0.003 0.008 0.019 0.048 0.921
21 40 0.000 0.000 0.000 0.000 0.000 0.002 0.005 0.013 0.032 0.067 0.882
25 39 0.000 0.000 0.000 0.000 0.001 0.002 0.011 0.063 0.244 0.422 0.256
26 33 0.000 0.000 0.000 0.000 0.044 0.939 0.010 0.002 0.000 0.000 0.004
12 22 0.000 0.000 0.000 0.000 0.001 0.008 0.078 0.267 0.255 0.126 0.265
2 10 0.000 0.000 0.000 0.000 0.001 0.003 0.014 0.018 0.027 0.058 0.879
28 37 0.000 0.000 0.000 0.000 0.001 0.007 0.036 0.759 0.162 0.020 0.015
10 23 0.000 0.000 0.000 0.000 0.000 0.002 0.005 0.018 0.052 0.128 0.795
23 35 0.000 0.000 0.000 0.000 0.000 0.002 0.012 0.044 0.148 0.598 0.195
11 23 0.000 0.000 0.000 0.000 0.000 0.002 0.007 0.029 0.095 0.228 0.640
21 38 0.000 0.000 0.000 0.000 0.000 0.002 0.005 0.017 0.039 0.081 0.856
25 33 0.000 0.000 0.000 0.000 0.001 0.109 0.865 0.018 0.001 0.000 0.005
10 28 0.000 0.000 0.000 0.000 0.001 0.002 0.007 0.022 0.061 0.149 0.759
8 22 0.000 0.000 0.000 0.000 0.001 0.002 0.007 0.026 0.082 0.188 0.694
10 24 0.000 0.000 0.000 0.000 0.000 0.001 0.005 0.016 0.046 0.120 0.811
22 36 0.000 0.000 0.000 0.000 0.000 0.001 0.005 0.019 0.055 0.158 0.760
24 40 0.000 0.000 0.000 0.000 0.000 0.001 0.004 0.015 0.059 0.189 0.732
27 38 0.000 0.000 0.000 0.000 0.001 0.004 0.015 0.076 0.421 0.393 0.090
13 24 0.000 0.000 0.000 0.000 0.001 0.002 0.017 0.094 0.262 0.265 0.360
11 24 0.000 0.000 0.000 0.000 0.000 0.001 0.006 0.023 0.075 0.189 0.704
8 28 0.000 0.000 0.000 0.000 0.001 0.003 0.013 0.064 0.222 0.384 0.313
29 35 0.000 0.000 0.000 0.000 0.005 0.962 0.020 0.003 0.001 0.001 0.009
22 37 0.000 0.000 0.000 0.000 0.000 0.001 0.004 0.015 0.041 0.107 0.832
27 34 0.000 0.000 0.000 0.000 0.030 0.951 0.011 0.002 0.000 0.000 0.005
23 38 0.000 0.000 0.000 0.000 0.000 0.001 0.003 0.009 0.024 0.066 0.898
23 36 0.000 0.000 0.000 0.000 0.000 0.001 0.005 0.024 0.062 0.190 0.716
27 33 0.000 0.000 0.000 0.000 0.005 0.980 0.009 0.001 0.000 0.000 0.004
22 40 0.000 0.000 0.000 0.000 0.000 0.001 0.003 0.007 0.018 0.044 0.927
28 34 0.000 0.000 0.000 0.000 0.004 0.977 0.011 0.002 0.000 0.000 0.006
11 22 0.000 0.000 0.000 0.000 0.000 0.001 0.005 0.018 0.071 0.222 0.683
24 37 0.000 0.000 0.000 0.000 0.000 0.001 0.004 0.026 0.104 0.459 0.406
24 38 0.000 0.000 0.000 0.000 0.000 0.001 0.003 0.011 0.035 0.154 0.796
25 40 0.000 0.000 0.000 0.000 0.000 0.001 0.004 0.014 0.043 0.154 0.783
23 37 0.000 0.000 0.000 0.000 0.000 0.001 0.004 0.017 0.046 0.133 0.799
22 38 0.000 0.000 0.000 0.000 0.000 0.001 0.003 0.008 0.022 0.051 0.916
28 35 0.000 0.000 0.000 0.000 0.017 0.923 0.039 0.010 0.002 0.000 0.008
24 36 0.000 0.000 0.000 0.000 0.000 0.001 0.016 0.089 0.310 0.515 0.069
26 38 0.000 0.000 0.000 0.000 0.000 0.002 0.009 0.029 0.103 0.521 0.335
26 34 0.000 0.000 0.000 0.000 0.001 0.090 0.892 0.011 0.001 0.000 0.005
13 22 0.000 0.000 0.000 0.000 0.001 0.002 0.031 0.258 0.258 0.155 0.296
27 35 0.000 0.000 0.000 0.000 0.001 0.084 0.872 0.031 0.003 0.001 0.007
10 22 0.000 0.000 0.000 0.000 0.000 0.001 0.003 0.011 0.030 0.092 0.863
25 38 0.000 0.000 0.000 0.000 0.000 0.001 0.003 0.014 0.034 0.136 0.812
24 34 0.000 0.000 0.000 0.000 0.000 0.003 0.083 0.750 0.138 0.014 0.012
25 37 0.000 0.000 0.000 0.000 0.000 0.000 0.004 0.025 0.187 0.651 0.132
27 37 0.000 0.000 0.000 0.000 0.000 0.002 0.005 0.422 0.478 0.069 0.025
27 36 0.000 0.000 0.000 0.000 0.000 0.002 0.020 0.888 0.074 0.006 0.011
24 35 0.000 0.000 0.000 0.000 0.000 0.002 0.033 0.373 0.506 0.063 0.023
26 37 0.000 0.000 0.000 0.000 0.000 0.001 0.006 0.189 0.620 0.136 0.049
25 36 0.000 0.000 0.000 0.000 0.000 0.001 0.005 0.211 0.702 0.064 0.017
25 34 0.000 0.000 0.000 0.000 0.000 0.001 0.091 0.885 0.015 0.001 0.007
26 36 0.000 0.000 0.000 0.000 0.000 0.001 0.003 0.547 0.408 0.028 0.013
25 35 0.000 0.000 0.000 0.000 0.000 0.001 0.013 0.707 0.263 0.008 0.008
26 35 0.000 0.000 0.000 0.000 0.000 0.001 0.021 0.940 0.030 0.002 0.007
END