29	32	0	8	0.99803
30	33	0	8	0.99714
17	20	0	8	0.99678
16	19	0	8	0.99675
16	20	0	8	0.99372
28	31	0	8	0.99313
13	16	0	8	0.99282
15	18	0	8	0.99255
29	33	0	8	0.99238
12	16	0	8	0.99237
14	17	0	8	0.99036
18	21	0	8	0.98890
31	34	0	8	0.98881
15	19	0	8	0.98664
30	34	0	8	0.98646
28	32	0	8	0.98599
13	17	0	8	0.98569
27	30	0	8	0.98488
17	21	0	8	0.98448
14	18	0	8	0.98142
20	23	0	8	0.98066
12	15	0	8	0.98029
27	31	0	8	0.97962
19	22	0	8	0.97494
9	12	0	8	0.97486
26	29	0	8	0.96856
32	35	0	8	0.96651
45	49	0	8	0.96443
18	22	0	8	0.95972
45	48	0	8	0.95830
46	49	0	8	0.95708
19	23	0	8	0.95579
26	30	0	8	0.94784
31	35	0	8	0.93428
33	36	0	8	0.90604
47	50	0	8	0.89689
49	52	0	8	0.87582
9	13	0	8	0.87436
8	11	0	8	0.86466
25	29	0	8	0.85469
10	13	0	8	0.85396
32	36	0	8	0.82974
46	50	0	8	0.82636
7	12	0	8	0.82310
8	12	0	8	0.82289
44	48	0	8	0.80490
44	47	0	8	0.79125
21	24	0	8	0.79110
20	24	0	8	0.75190
11	15	0	8	0.73538
25	28	0	8	0.72621
48	51	0	8	0.72211
39	42	0	8	0.71383
43	47	0	8	0.68600
48	52	0	8	0.67796
47	51	0	8	0.67427
20	29	0	8	0.58793
11	14	0	8	0.57493
23	26	0	8	0.56422
24	28	0	8	0.56237
21	25	0	8	0.54282
43	48	0	8	0.53736
7	11	0	8	0.51284
24	27	0	8	0.51110
22	25	0	8	0.50495
33	39	0	8	0.49834
20	30	0	8	0.39713
43	46	0	8	0.39597
42	45	0	8	0.38907
24	29	0	8	0.38775
23	27	0	8	0.38748
10	14	0	8	0.37917
23	29	0	8	0.37859
16	45	0	8	0.37535
36	39	0	8	0.37453
22	26	0	8	0.36766
34	37	0	8	0.36563
20	33	0	8	0.36181
42	46	0	8	0.36028
38	42	0	8	0.34992
33	37	0	8	0.34702
4	41	0	8	0.34595
4	42	0	8	0.33745
5	43	0	8	0.33332
20	26	0	8	0.32653
33	45	0	8	0.32357
5	42	0	8	0.32167
7	16	0	8	0.30193
17	30	0	8	0.30000
41	44	0	8	0.28517
39	43	0	8	0.27543
21	30	0	8	0.26971
3	43	0	8	0.26899
41	45	0	8	0.26315
16	33	0	8	0.26103
3	42	0	8	0.26026
4	43	0	8	0.25725
5	41	0	8	0.25291
35	38	0	8	0.24180
38	41	0	8	0.24148
7	39	0	8	0.23962
20	45	0	8	0.23743
21	26	0	8	0.23733
33	38	0	8	0.23713
13	45	0	8	0.23376
17	45	0	8	0.22960
6	41	0	8	0.22726
12	45	0	8	0.22556
7	45	0	8	0.22200
17	33	0	8	0.21995
9	16	0	8	0.21570
34	39	0	8	0.21132
7	15	0	8	0.20921
6	39	0	8	0.20815
53	56	0	8	0.20783
5	52	0	8	0.20351
9	45	0	8	0.19991
40	43	0	8	0.19469
33	42	0	8	0.19439
16	39	0	8	0.19407
34	38	0	8	0.19320
39	44	0	8	0.19245
33	43	0	8	0.18734
20	25	0	8	0.18657
9	49	0	8	0.18353
7	44	0	8	0.18340
20	49	0	8	0.17694
6	40	0	8	0.17588
32	38	0	8	0.17581
6	43	0	8	0.17501
5	48	0	8	0.17456
5	45	0	8	0.17447
6	44	0	8	0.17398
4	40	0	8	0.17173
5	44	0	8	0.17031
24	30	0	8	0.16443
29	45	0	8	0.16287
5	54	0	8	0.16208
7	52	0	8	0.16110
16	49	0	8	0.16011
23	28	0	8	0.15645
6	42	0	8	0.15091
16	43	0	8	0.14862
5	40	0	8	0.14706
21	27	0	8	0.14657
7	38	0	8	0.14487
33	48	0	8	0.14411
9	48	0	8	0.14330
32	39	0	8	0.14153
40	44	0	8	0.14120
37	40	0	8	0.13986
49	53	0	8	0.13887
38	43	0	8	0.13742
6	45	0	8	0.13662
16	48	0	8	0.13609
8	44	0	8	0.13568
30	45	0	8	0.13519
39	45	0	8	0.13448
38	44	0	8	0.13370
5	39	0	8	0.13263
50	53	0	8	0.13200
33	49	0	8	0.13079
7	48	0	8	0.13030
12	49	0	8	0.12688
35	39	0	8	0.12632
6	38	0	8	0.12590
2	43	0	8	0.12401
20	43	0	8	0.12353
1	4	0	8	0.12291
9	39	0	8	0.12114
36	45	0	8	0.11962
7	49	0	8	0.11941
7	41	0	8	0.11779
9	44	0	8	0.11612
33	44	0	8	0.11537
8	45	0	8	0.11505
5	49	0	8	0.11438
29	49	0	8	0.11410
3	41	0	8	0.11341
9	43	0	8	0.11264
2	42	0	8	0.11042
7	40	0	8	0.10786
30	49	0	8	0.10534
29	48	0	8	0.10488
3	54	0	8	0.10441
12	39	0	8	0.10309
7	20	0	8	0.10295
51	54	0	8	0.10193
13	49	0	8	0.10135
17	49	0	8	0.10083
12	48	0	8	0.10063
13	39	0	8	0.09748
13	33	0	8	0.09672
19	45	0	8	0.09614
17	34	0	8	0.09601
36	42	0	8	0.09558
6	54	0	8	0.09443
3	6	0	8	0.09423
7	43	0	8	0.09404
32	45	0	8	0.09403
50	54	0	8	0.09201
36	44	0	8	0.09174
29	52	0	8	0.09159
9	52	0	8	0.09124
20	52	0	8	0.09105
52	56	0	8	0.09083
36	40	0	8	0.09079
38	45	0	8	0.09013
7	33	0	8	0.08938
20	32	0	8	0.08933
21	29	0	8	0.08847
29	43	0	8	0.08825
36	43	0	8	0.08694
5	20	0	8	0.08686
3	44	0	8	0.08655
5	53	0	8	0.08595
30	43	0	8	0.08587
5	16	0	8	0.08570
26	45	0	8	0.08328
12	52	0	8	0.08326
32	37	0	8	0.08325
19	29	0	8	0.08323
34	43	0	8	0.08262
20	48	0	8	0.08161
3	55	0	8	0.08147
4	54	0	8	0.08077
33	52	0	8	0.07953
30	39	0	8	0.07891
9	33	0	8	0.07886
22	28	0	8	0.07805
3	52	0	8	0.07751
5	8	0	8	0.07721
5	12	0	8	0.07643
39	48	0	8	0.07629
52	55	0	8	0.07582
33	41	0	8	0.07548
32	48	0	8	0.07497
37	42	0	8	0.07487
37	45	0	8	0.07471
9	46	0	8	0.07443
37	41	0	8	0.07415
29	42	0	8	0.07393
9	36	0	8	0.07367
37	44	0	8	0.07361
26	52	0	8	0.07353
30	52	0	8	0.07344
9	38	0	8	0.07301
2	44	0	8	0.07293
8	43	0	8	0.07269
16	52	0	8	0.07239
4	39	0	8	0.07170
6	52	0	8	0.07148
29	39	0	8	0.07105
25	30	0	8	0.07096
9	37	0	8	0.07010
34	40	0	8	0.06890
6	48	0	8	0.06880
37	43	0	8	0.06783
16	29	0	8	0.06772
23	45	0	8	0.06769
36	48	0	8	0.06626
12	43	0	8	0.06624
4	44	0	8	0.06614
33	46	0	8	0.06605
3	45	0	8	0.06586
7	42	0	8	0.06578
23	32	0	8	0.06509
5	55	0	8	0.06445
34	42	0	8	0.06438
19	49	0	8	0.06379
17	43	0	8	0.06370
2	41	0	8	0.06351
9	42	0	8	0.06350
26	49	0	8	0.06347
6	55	0	8	0.06341
4	55	0	8	0.06341
7	53	0	8	0.06296
23	30	0	8	0.06256
16	30	0	8	0.06241
36	41	0	8	0.06184
13	43	0	8	0.06143
20	39	0	8	0.06132
26	43	0	8	0.06107
23	49	0	8	0.06107
4	8	0	8	0.06087
33	40	0	8	0.06056
2	40	0	8	0.06011
8	39	0	8	0.05960
3	40	0	8	0.05939
16	42	0	8	0.05844
34	45	0	8	0.05827
34	41	0	8	0.05802
49	54	0	8	0.05741
2	5	0	8	0.05738
7	54	0	8	0.05715
8	48	0	8	0.05713
8	46	0	8	0.05683
2	55	0	8	0.05672
6	9	0	8	0.05662
32	43	0	8	0.05596
30	42	0	8	0.05596
13	34	0	8	0.05527
12	44	0	8	0.05481
23	43	0	8	0.05477
3	56	0	8	0.05453
8	38	0	8	0.05441
1	44	0	8	0.05369
17	26	0	8	0.05369
6	53	0	8	0.05364
17	39	0	8	0.05308
51	55	0	8	0.05295
4	56	0	8	0.05287
16	38	0	8	0.05276
3	39	0	8	0.05260
19	33	0	8	0.05243
19	48	0	8	0.05142
5	9	0	8	0.05098
3	48	0	8	0.05057
25	52	0	8	0.05052
32	42	0	8	0.05041
3	53	0	8	0.05036
7	19	0	8	0.05036
40	45	0	8	0.05020
2	56	0	8	0.05016
13	46	0	8	0.04971
16	36	0	8	0.04949
15	45	0	8	0.04868
32	44	0	8	0.04850
6	49	0	8	0.04790
34	44	0	8	0.04780
16	32	0	8	0.04762
6	12	0	8	0.04725
43	51	0	8	0.04718
37	48	0	8	0.04704
2	45	0	8	0.04622
16	41	0	8	0.04618
5	33	0	8	0.04584
36	46	0	8	0.04556
1	45	0	8	0.04548
23	52	0	8	0.04526
20	27	0	8	0.04521
1	43	0	8	0.04499
8	37	0	8	0.04471
44	49	0	8	0.04453
5	19	0	8	0.04296
7	13	0	8	0.04269
7	10	0	8	0.04253
4	53	0	8	0.04243
13	52	0	8	0.04236
9	17	0	8	0.04235
12	33	0	8	0.04227
19	52	0	8	0.04204
12	17	0	8	0.04198
16	44	0	8	0.04187
13	48	0	8	0.04139
42	48	0	8	0.04133
19	43	0	8	0.04109
8	49	0	8	0.04106
19	32	0	8	0.04100
29	44	0	8	0.04095
9	50	0	8	0.04093
34	52	0	8	0.04086
8	52	0	8	0.04064
5	56	0	8	0.04045
13	37	0	8	0.04040
17	29	0	8	0.04031
2	39	0	8	0.03990
1	55	0	8	0.03978
21	33	0	8	0.03973
7	17	0	8	0.03964
24	45	0	8	0.03953
4	52	0	8	0.03922
2	53	0	8	0.03922
1	5	0	8	0.03916
4	7	0	8	0.03877
9	41	0	8	0.03870
26	48	0	8	0.03867
26	54	0	8	0.03843
6	56	0	8	0.03835
20	44	0	8	0.03821
25	49	0	8	0.03812
41	46	0	8	0.03810
13	36	0	8	0.03758
25	54	0	8	0.03726
34	46	0	8	0.03716
5	38	0	8	0.03712
19	25	0	8	0.03707
32	49	0	8	0.03686
2	6	0	8	0.03669
10	45	0	8	0.03616
13	38	0	8	0.03611
43	49	0	8	0.03601
21	45	0	8	0.03599
37	46	0	8	0.03555
2	54	0	8	0.03530
17	52	0	8	0.03524
23	33	0	8	0.03506
20	42	0	8	0.03500
38	46	0	8	0.03496
8	42	0	8	0.03494
8	41	0	8	0.03484
6	46	0	8	0.03481
26	42	0	8	0.03470
3	49	0	8	0.03461
7	46	0	8	0.03456
1	56	0	8	0.03456
17	48	0	8	0.03453
9	20	0	8	0.03450
5	15	0	8	0.03439
10	44	0	8	0.03427
11	16	0	8	0.03416
13	41	0	8	0.03395
7	55	0	8	0.03375
10	37	0	8	0.03361
31	36	0	8	0.03355
4	45	0	8	0.03354
13	42	0	8	0.03345
23	48	0	8	0.03342
8	51	0	8	0.03338
8	36	0	8	0.03334
24	32	0	8	0.03322
5	29	0	8	0.03309
16	34	0	8	0.03292
5	30	0	8	0.03291
21	49	0	8	0.03256
13	44	0	8	0.03253
6	33	0	8	0.03222
3	7	0	8	0.03222
39	46	0	8	0.03215
38	48	0	8	0.03209
9	40	0	8	0.03195
5	51	0	8	0.03172
1	40	0	8	0.03152
27	43	0	8	0.03134
5	23	0	8	0.03133
10	49	0	8	0.03073
40	46	0	8	0.03071
7	51	0	8	0.03061
35	40	0	8	0.03048
7	37	0	8	0.03047
23	54	0	8	0.03033
25	48	0	8	0.03032
29	41	0	8	0.03009
16	46	0	8	0.02999
32	41	0	8	0.02996
3	51	0	8	0.02987
22	29	0	8	0.02973
12	41	0	8	0.02971
25	45	0	8	0.02969
8	40	0	8	0.02957
27	45	0	8	0.02954
32	52	0	8	0.02945
10	46	0	8	0.02935
20	28	0	8	0.02935
4	48	0	8	0.02931
26	44	0	8	0.02930
19	39	0	8	0.02925
8	16	0	8	0.02916
12	42	0	8	0.02908
30	54	0	8	0.02904
30	48	0	8	0.02896
9	54	0	8	0.02887
15	48	0	8	0.02858
17	42	0	8	0.02841
9	51	0	8	0.02841
8	13	0	8	0.02839
3	19	0	8	0.02838
3	23	0	8	0.02829
1	53	0	8	0.02825
1	42	0	8	0.02798
5	46	0	8	0.02783
10	39	0	8	0.02744
20	54	0	8	0.02717
19	54	0	8	0.02674
3	29	0	8	0.02666
12	54	0	8	0.02662
34	49	0	8	0.02655
2	52	0	8	0.02648
2	38	0	8	0.02644
7	36	0	8	0.02641
16	26	0	8	0.02635
9	34	0	8	0.02626
28	48	0	8	0.02601
24	52	0	8	0.02599
19	24	0	8	0.02593
17	46	0	8	0.02588
6	51	0	8	0.02580
30	41	0	8	0.02579
21	31	0	8	0.02576
24	49	0	8	0.02553
43	52	0	8	0.02547
36	49	0	8	0.02533
3	16	0	8	0.02509
32	40	0	8	0.02497
5	26	0	8	0.02480
22	27	0	8	0.02479
1	54	0	8	0.02471
21	52	0	8	0.02470
10	48	0	8	0.02462
29	46	0	8	0.02460
19	26	0	8	0.02451
3	26	0	8	0.02448
10	38	0	8	0.02438
1	41	0	8	0.02438
35	41	0	8	0.02436
4	51	0	8	0.02411
12	38	0	8	0.02401
8	50	0	8	0.02395
16	54	0	8	0.02382
16	37	0	8	0.02375
20	41	0	8	0.02361
17	41	0	8	0.02342
20	38	0	8	0.02333
15	49	0	8	0.02324
5	50	0	8	0.02290
34	48	0	8	0.02279
27	54	0	8	0.02278
34	54	0	8	0.02275
36	52	0	8	0.02272
21	54	0	8	0.02272
12	46	0	8	0.02267
35	45	0	8	0.02265
20	46	0	8	0.02263
3	20	0	8	0.02258
30	44	0	8	0.02251
24	43	0	8	0.02249
10	41	0	8	0.02243
6	11	0	8	0.02218
6	37	0	8	0.02209
17	54	0	8	0.02205
17	44	0	8	0.02187
10	43	0	8	0.02163
12	36	0	8	0.02139
42	47	0	8	0.02130
13	54	0	8	0.02125
35	44	0	8	0.02116
30	46	0	8	0.02111
2	48	0	8	0.02103
29	54	0	8	0.02102
45	52	0	8	0.02100
22	52	0	8	0.02093
4	38	0	8	0.02087
24	54	0	8	0.02072
26	46	0	8	0.02067
39	49	0	8	0.02039
22	54	0	8	0.02033
15	52	0	8	0.02032
35	43	0	8	0.02027
21	43	0	8	0.02019
23	31	0	8	0.01990
1	46	0	8	0.01989
28	52	0	8	0.01988
8	47	0	8	0.01980
32	46	0	8	0.01970
45	50	0	8	0.01966
10	42	0	8	0.01952
9	53	0	8	0.01943
2	51	0	8	0.01935
2	46	0	8	0.01902
3	12	0	8	0.01900
6	16	0	8	0.01900
3	15	0	8	0.01898
9	47	0	8	0.01895
17	27	0	8	0.01893
6	10	0	8	0.01887
21	28	0	8	0.01874
3	46	0	8	0.01871
1	39	0	8	0.01868
8	53	0	8	0.01865
4	49	0	8	0.01851
9	15	0	8	0.01839
23	42	0	8	0.01828
8	54	0	8	0.01809
14	45	0	8	0.01809
3	30	0	8	0.01809
5	47	0	8	0.01807
12	20	0	8	0.01807
10	40	0	8	0.01802
24	33	0	8	0.01789
39	52	0	8	0.01782
22	32	0	8	0.01781
7	50	0	8	0.01762
11	48	0	8	0.01757
31	43	0	8	0.01753
7	29	0	8	0.01744
10	52	0	8	0.01744
19	28	0	8	0.01743
16	40	0	8	0.01737
15	43	0	8	0.01716
11	44	0	8	0.01714
3	50	0	8	0.01702
3	38	0	8	0.01701
9	30	0	8	0.01688
19	41	0	8	0.01687
19	44	0	8	0.01673
8	55	0	8	0.01668
25	53	0	8	0.01654
17	38	0	8	0.01633
6	15	0	8	0.01615
20	34	0	8	0.01614
10	36	0	8	0.01596
36	47	0	8	0.01594
35	42	0	8	0.01589
23	39	0	8	0.01577
35	46	0	8	0.01575
28	45	0	8	0.01574
28	43	0	8	0.01563
19	36	0	8	0.01559
15	39	0	8	0.01554
29	38	0	8	0.01550
27	52	0	8	0.01531
23	44	0	8	0.01528
33	54	0	8	0.01525
3	33	0	8	0.01522
6	36	0	8	0.01521
26	53	0	8	0.01515
1	48	0	8	0.01511
9	29	0	8	0.01510
19	42	0	8	0.01501
13	40	0	8	0.01494
7	30	0	8	0.01482
25	43	0	8	0.01481
48	54	0	8	0.01473
7	56	0	8	0.01469
11	45	0	8	0.01464
23	53	0	8	0.01463
6	50	0	8	0.01463
41	48	0	8	0.01460
50	55	0	8	0.01455
39	47	0	8	0.01449
13	30	0	8	0.01438
12	29	0	8	0.01437
21	48	0	8	0.01423
1	38	0	8	0.01412
47	52	0	8	0.01408
6	47	0	8	0.01388
9	56	0	8	0.01348
26	41	0	8	0.01339
25	44	0	8	0.01332
1	52	0	8	0.01328
25	56	0	8	0.01324
37	52	0	8	0.01323
4	50	0	8	0.01319
25	42	0	8	0.01316
51	56	0	8	0.01315
25	55	0	8	0.01312
8	15	0	8	0.01310
23	46	0	8	0.01306
2	49	0	8	0.01285
4	46	0	8	0.01283
3	24	0	8	0.01283
9	55	0	8	0.01282
3	25	0	8	0.01267
1	51	0	8	0.01262
15	54	0	8	0.01255
3	27	0	8	0.01254
21	34	0	8	0.01244
30	40	0	8	0.01243
27	49	0	8	0.01240
13	53	0	8	0.01225
17	37	0	8	0.01223
2	26	0	8	0.01221
20	36	0	8	0.01220
23	41	0	8	0.01213
8	56	0	8	0.01210
37	47	0	8	0.01208
24	48	0	8	0.01201
37	49	0	8	0.01189
28	49	0	8	0.01185
33	50	0	8	0.01183
38	47	0	8	0.01183
23	50	0	8	0.01182
12	37	0	8	0.01177
2	23	0	8	0.01175
2	19	0	8	0.01172
35	48	0	8	0.01171
11	52	0	8	0.01171
33	47	0	8	0.01164
31	37	0	8	0.01153
24	42	0	8	0.01153
40	48	0	8	0.01151
2	36	0	8	0.01145
21	46	0	8	0.01139
19	53	0	8	0.01138
19	55	0	8	0.01127
30	53	0	8	0.01124
7	23	0	8	0.01121
19	38	0	8	0.01119
3	8	0	8	0.01114
23	55	0	8	0.01109
28	54	0	8	0.01103
2	50	0	8	0.01103
32	54	0	8	0.01086
2	25	0	8	0.01085
13	50	0	8	0.01083
1	47	0	8	0.01076
5	17	0	8	0.01070
48	53	0	8	0.01062
46	51	0	8	0.01058
1	19	0	8	0.01052
2	29	0	8	0.01050
3	47	0	8	0.01047
12	30	0	8	0.01046
7	34	0	8	0.01044
2	47	0	8	0.01044
21	53	0	8	0.01041
11	49	0	8	0.01040
5	34	0	8	0.01014
12	40	0	8	0.01014
34	53	0	8	0.01009
19	46	0	8	0.01006
36	51	0	8	0.01003
22	48	0	8	0.01002
6	29	0	8	0.00995
25	46	0	8	0.00995
26	50	0	8	0.00994
1	36	0	8	0.00994
46	52	0	8	0.00992
9	26	0	8	0.00986
10	50	0	8	0.00977
10	16	0	8	0.00975
24	53	0	8	0.00973
22	53	0	8	0.00967
26	39	0	8	0.00964
22	55	0	8	0.00963
22	49	0	8	0.00959
26	55	0	8	0.00950
31	39	0	8	0.00942
19	56	0	8	0.00936
42	49	0	8	0.00935
25	50	0	8	0.00933
4	47	0	8	0.00929
5	24	0	8	0.00923
7	47	0	8	0.00920
19	50	0	8	0.00919
29	51	0	8	0.00918
19	40	0	8	0.00915
39	54	0	8	0.00914
23	56	0	8	0.00913
17	50	0	8	0.00912
5	36	0	8	0.00912
12	26	0	8	0.00911
31	54	0	8	0.00909
1	23	0	8	0.00904
4	12	0	8	0.00904
22	56	0	8	0.00904
2	37	0	8	0.00886
3	32	0	8	0.00884
2	24	0	8	0.00879
5	11	0	8	0.00875
25	41	0	8	0.00874
13	56	0	8	0.00873
24	44	0	8	0.00869
4	29	0	8	0.00861
21	32	0	8	0.00859
27	55	0	8	0.00847
31	41	0	8	0.00847
1	50	0	8	0.00846
28	41	0	8	0.00843
10	56	0	8	0.00841
20	50	0	8	0.00840
9	14	0	8	0.00835
27	56	0	8	0.00835
29	50	0	8	0.00835
20	53	0	8	0.00835
21	55	0	8	0.00830
10	54	0	8	0.00829
5	37	0	8	0.00829
29	40	0	8	0.00828
9	32	0	8	0.00826
12	32	0	8	0.00825
25	51	0	8	0.00823
22	45	0	8	0.00820
1	6	0	8	0.00817
4	19	0	8	0.00817
41	47	0	8	0.00817
3	34	0	8	0.00810
34	47	0	8	0.00810
6	30	0	8	0.00809
7	32	0	8	0.00806
10	47	0	8	0.00798
12	53	0	8	0.00796
5	25	0	8	0.00795
7	26	0	8	0.00793
50	56	0	8	0.00792
20	40	0	8	0.00787
15	44	0	8	0.00785
1	26	0	8	0.00783
2	32	0	8	0.00783
1	49	0	8	0.00782
16	50	0	8	0.00782
6	34	0	8	0.00779
30	50	0	8	0.00778
5	32	0	8	0.00777
32	51	0	8	0.00773
17	56	0	8	0.00772
31	52	0	8	0.00764
11	54	0	8	0.00755
6	19	0	8	0.00755
17	40	0	8	0.00752
6	32	0	8	0.00752
22	43	0	8	0.00748
16	53	0	8	0.00746
24	46	0	8	0.00745
4	15	0	8	0.00742
34	50	0	8	0.00741
21	41	0	8	0.00740
4	33	0	8	0.00738
21	56	0	8	0.00737
4	9	0	8	0.00737
38	49	0	8	0.00735
4	37	0	8	0.00734
13	55	0	8	0.00732
29	53	0	8	0.00732
36	54	0	8	0.00731
11	43	0	8	0.00728
34	55	0	8	0.00723
12	51	0	8	0.00719
1	24	0	8	0.00717
1	32	0	8	0.00716
33	51	0	8	0.00715
27	53	0	8	0.00708
1	27	0	8	0.00704
2	27	0	8	0.00703
34	51	0	8	0.00703
17	53	0	8	0.00702
37	51	0	8	0.00700
21	42	0	8	0.00699
24	55	0	8	0.00696
17	55	0	8	0.00695
49	55	0	8	0.00692
15	29	0	8	0.00692
5	27	0	8	0.00690
2	15	0	8	0.00688
21	44	0	8	0.00687
26	56	0	8	0.00687
2	34	0	8	0.00685
10	15	0	8	0.00681
31	38	0	8	0.00681
19	51	0	8	0.00677
28	44	0	8	0.00676
26	31	0	8	0.00675
15	41	0	8	0.00674
4	16	0	8	0.00673
1	25	0	8	0.00671
4	26	0	8	0.00669
18	45	0	8	0.00669
12	34	0	8	0.00667
3	36	0	8	0.00666
22	30	0	8	0.00660
28	42	0	8	0.00658
24	56	0	8	0.00656
27	42	0	8	0.00655
43	54	0	8	0.00653
33	53	0	8	0.00652
18	26	0	8	0.00650
21	39	0	8	0.00650
40	47	0	8	0.00650
19	30	0	8	0.00647
26	51	0	8	0.00647
11	39	0	8	0.00639
13	47	0	8	0.00638
21	50	0	8	0.00631
16	51	0	8	0.00627
22	41	0	8	0.00624
11	56	0	8	0.00623
30	55	0	8	0.00614
29	47	0	8	0.00613
31	40	0	8	0.00612
10	55	0	8	0.00611
30	35	0	8	0.00607
32	53	0	8	0.00607
37	54	0	8	0.00605
28	38	0	8	0.00605
34	56	0	8	0.00604
2	33	0	8	0.00604
46	54	0	8	0.00602
9	19	0	8	0.00597
3	9	0	8	0.00597
1	15	0	8	0.00596
28	39	0	8	0.00595
16	55	0	8	0.00591
22	31	0	8	0.00581
6	20	0	8	0.00579
18	30	0	8	0.00578
38	52	0	8	0.00575
12	50	0	8	0.00571
15	55	0	8	0.00570
11	55	0	8	0.00569
2	30	0	8	0.00567
23	38	0	8	0.00566
1	34	0	8	0.00565
31	45	0	8	0.00564
38	54	0	8	0.00563
36	53	0	8	0.00558
4	30	0	8	0.00557
5	13	0	8	0.00556
17	32	0	8	0.00554
14	49	0	8	0.00551
10	53	0	8	0.00551
12	55	0	8	0.00551
31	42	0	8	0.00549
10	34	0	8	0.00549
23	51	0	8	0.00549
22	50	0	8	0.00548
25	33	0	8	0.00548
18	56	0	8	0.00547
10	51	0	8	0.00546
9	23	0	8	0.00544
11	38	0	8	0.00544
18	54	0	8	0.00542
24	41	0	8	0.00542
1	37	0	8	0.00539
1	8	0	8	0.00538
14	54	0	8	0.00532
43	50	0	8	0.00529
20	37	0	8	0.00528
24	31	0	8	0.00523
45	54	0	8	0.00522
28	56	0	8	0.00519
1	28	0	8	0.00519
28	53	0	8	0.00517
23	36	0	8	0.00517
13	51	0	8	0.00516
11	46	0	8	0.00513
16	25	0	8	0.00512
8	34	0	8	0.00506
9	35	0	8	0.00504
3	37	0	8	0.00503
14	43	0	8	0.00501
11	37	0	8	0.00496
3	17	0	8	0.00494
24	39	0	8	0.00493
17	36	0	8	0.00492
21	51	0	8	0.00491
8	33	0	8	0.00488
32	47	0	8	0.00487
32	50	0	8	0.00486
4	23	0	8	0.00485
4	11	0	8	0.00484
4	36	0	8	0.00484
35	52	0	8	0.00476
2	20	0	8	0.00471
27	46	0	8	0.00470
24	50	0	8	0.00470
39	51	0	8	0.00470
12	56	0	8	0.00470
2	8	0	8	0.00468
15	56	0	8	0.00466
18	52	0	8	0.00465
18	23	0	8	0.00465
22	51	0	8	0.00464
11	41	0	8	0.00463
20	51	0	8	0.00462
30	56	0	8	0.00462
15	42	0	8	0.00462
15	33	0	8	0.00455
6	23	0	8	0.00455
22	39	0	8	0.00454
3	11	0	8	0.00453
35	54	0	8	0.00453
14	46	0	8	0.00452
28	55	0	8	0.00449
14	56	0	8	0.00449
15	32	0	8	0.00448
29	55	0	8	0.00447
2	16	0	8	0.00447
20	55	0	8	0.00445
27	44	0	8	0.00441
1	29	0	8	0.00439
11	19	0	8	0.00437
9	25	0	8	0.00436
37	53	0	8	0.00432
27	41	0	8	0.00430
28	40	0	8	0.00428
44	50	0	8	0.00427
39	55	0	8	0.00426
44	52	0	8	0.00426
22	46	0	8	0.00424
42	52	0	8	0.00423
2	7	0	8	0.00420
27	39	0	8	0.00419
28	46	0	8	0.00415
11	40	0	8	0.00415
16	27	0	8	0.00413
15	20	0	8	0.00411
19	37	0	8	0.00411
17	51	0	8	0.00410
32	55	0	8	0.00408
39	53	0	8	0.00407
15	53	0	8	0.00407
21	40	0	8	0.00407
31	56	0	8	0.00406
22	44	0	8	0.00406
16	21	0	8	0.00405
25	39	0	8	0.00404
42	54	0	8	0.00402
30	51	0	8	0.00402
47	53	0	8	0.00400
6	26	0	8	0.00395
4	20	0	8	0.00394
36	50	0	8	0.00394
24	51	0	8	0.00393
49	56	0	8	0.00393
10	33	0	8	0.00392
17	31	0	8	0.00389
15	51	0	8	0.00388
2	28	0	8	0.00386
27	48	0	8	0.00386
11	51	0	8	0.00384
4	34	0	8	0.00383
26	47	0	8	0.00382
11	42	0	8	0.00378
28	51	0	8	0.00375
13	26	0	8	0.00375
1	31	0	8	0.00375
7	25	0	8	0.00373
4	32	0	8	0.00373
11	53	0	8	0.00365
16	56	0	8	0.00364
16	47	0	8	0.00361
42	51	0	8	0.00360
3	28	0	8	0.00359
26	40	0	8	0.00357
28	50	0	8	0.00356
13	35	0	8	0.00351
2	31	0	8	0.00351
12	25	0	8	0.00350
41	49	0	8	0.00349
4	25	0	8	0.00345
32	56	0	8	0.00341
18	55	0	8	0.00341
18	49	0	8	0.00340
23	40	0	8	0.00340
17	47	0	8	0.00339
12	47	0	8	0.00338
8	19	0	8	0.00334
20	31	0	8	0.00333
22	42	0	8	0.00332
9	24	0	8	0.00331
37	55	0	8	0.00330
31	55	0	8	0.00329
1	33	0	8	0.00329
1	16	0	8	0.00329
16	28	0	8	0.00328
14	41	0	8	0.00326
41	54	0	8	0.00325
11	36	0	8	0.00324
16	35	0	8	0.00323
6	13	0	8	0.00321
29	56	0	8	0.00319
13	32	0	8	0.00318
4	27	0	8	0.00315
46	53	0	8	0.00312
45	51	0	8	0.00312
2	12	0	8	0.00311
20	56	0	8	0.00310
10	17	0	8	0.00310
15	38	0	8	0.00309
11	50	0	8	0.00309
25	32	0	8	0.00308
16	23	0	8	0.00307
14	39	0	8	0.00304
14	34	0	8	0.00302
14	37	0	8	0.00300
23	47	0	8	0.00300
43	53	0	8	0.00300
21	38	0	8	0.00299
31	49	0	8	0.00299
13	29	0	8	0.00298
36	55	0	8	0.00298
2	9	0	8	0.00297
18	43	0	8	0.00296
35	51	0	8	0.00296
33	55	0	8	0.00295
31	48	0	8	0.00295
3	21	0	8	0.00294
9	27	0	8	0.00290
35	53	0	8	0.00288
35	47	0	8	0.00286
30	38	0	8	0.00285
15	46	0	8	0.00285
1	30	0	8	0.00284
19	47	0	8	0.00282
39	56	0	8	0.00280
14	55	0	8	0.00280
12	19	0	8	0.00280
1	9	0	8	0.00280
15	40	0	8	0.00280
31	46	0	8	0.00277
37	50	0	8	0.00277
37	56	0	8	0.00277
1	7	0	8	0.00275
9	21	0	8	0.00274
30	36	0	8	0.00273
3	13	0	8	0.00271
15	36	0	8	0.00271
42	50	0	8	0.00271
4	24	0	8	0.00270
3	31	0	8	0.00269
1	11	0	8	0.00268
35	49	0	8	0.00265
29	34	0	8	0.00265
5	10	0	8	0.00265
18	48	0	8	0.00264
17	25	0	8	0.00264
31	44	0	8	0.00264
15	50	0	8	0.00264
7	14	0	8	0.00263
1	12	0	8	0.00262
14	42	0	8	0.00261
2	35	0	8	0.00261
35	55	0	8	0.00259
20	47	0	8	0.00259
7	24	0	8	0.00257
19	35	0	8	0.00255
1	20	0	8	0.00254
38	53	0	8	0.00253
47	54	0	8	0.00253
38	51	0	8	0.00253
8	32	0	8	0.00252
38	55	0	8	0.00252
21	36	0	8	0.00250
25	40	0	8	0.00249
31	53	0	8	0.00246
17	23	0	8	0.00244
1	35	0	8	0.00243
24	40	0	8	0.00243
6	17	0	8	0.00242
15	26	0	8	0.00239
14	33	0	8	0.00235
27	32	0	8	0.00235
14	48	0	8	0.00233
18	41	0	8	0.00231
19	34	0	8	0.00231
24	38	0	8	0.00230
40	54	0	8	0.00229
26	33	0	8	0.00226
27	50	0	8	0.00226
43	55	0	8	0.00224
8	35	0	8	0.00221
19	27	0	8	0.00221
38	56	0	8	0.00220
48	55	0	8	0.00219
13	27	0	8	0.00219
12	28	0	8	0.00218
22	33	0	8	0.00217
36	56	0	8	0.00217
4	10	0	8	0.00216
3	22	0	8	0.00216
18	40	0	8	0.00215
39	50	0	8	0.00215
41	51	0	8	0.00213
14	44	0	8	0.00212
41	52	0	8	0.00211
24	34	0	8	0.00210
35	56	0	8	0.00208
14	52	0	8	0.00207
46	56	0	8	0.00206
17	28	0	8	0.00204
22	40	0	8	0.00204
41	55	0	8	0.00202
8	17	0	8	0.00201
4	13	0	8	0.00201
40	55	0	8	0.00201
23	34	0	8	0.00201
12	23	0	8	0.00201
14	50	0	8	0.00200
23	35	0	8	0.00198
10	35	0	8	0.00197
43	56	0	8	0.00194
2	17	0	8	0.00194
21	47	0	8	0.00194
44	54	0	8	0.00193
46	55	0	8	0.00193
40	51	0	8	0.00193
33	56	0	8	0.00190
44	51	0	8	0.00189
18	53	0	8	0.00189
5	28	0	8	0.00188
13	18	0	8	0.00188
17	22	0	8	0.00186
15	28	0	8	0.00185
11	17	0	8	0.00185
27	40	0	8	0.00185
5	21	0	8	0.00185
41	56	0	8	0.00184
18	33	0	8	0.00184
25	47	0	8	0.00184
11	47	0	8	0.00183
26	32	0	8	0.00182
7	21	0	8	0.00182
28	33	0	8	0.00181
4	17	0	8	0.00181
1	22	0	8	0.00179
23	37	0	8	0.00177
30	47	0	8	0.00177
9	18	0	8	0.00177
6	25	0	8	0.00174
40	49	0	8	0.00174
13	21	0	8	0.00174
14	36	0	8	0.00173
2	11	0	8	0.00173
40	56	0	8	0.00173
31	50	0	8	0.00172
25	31	0	8	0.00172
27	51	0	8	0.00172
35	50	0	8	0.00172
11	33	0	8	0.00170
18	34	0	8	0.00168
8	20	0	8	0.00168
42	55	0	8	0.00167
18	39	0	8	0.00167
40	52	0	8	0.00166
18	50	0	8	0.00161
19	31	0	8	0.00160
13	20	0	8	0.00158
26	38	0	8	0.00158
3	35	0	8	0.00157
18	46	0	8	0.00156
30	37	0	8	0.00155
11	34	0	8	0.00154
25	38	0	8	0.00153
1	17	0	8	0.00151
16	24	0	8	0.00151
45	53	0	8	0.00151
7	27	0	8	0.00150
17	24	0	8	0.00150
3	10	0	8	0.00149
14	38	0	8	0.00148
20	35	0	8	0.00147
6	24	0	8	0.00147
6	35	0	8	0.00146
18	27	0	8	0.00143
42	56	0	8	0.00143
22	38	0	8	0.00142
38	50	0	8	0.00141
42	53	0	8	0.00141
6	27	0	8	0.00136
24	47	0	8	0.00136
28	47	0	8	0.00134
18	42	0	8	0.00132
10	18	0	8	0.00132
14	40	0	8	0.00131
8	29	0	8	0.00130
5	31	0	8	0.00130
1	21	0	8	0.00130
14	53	0	8	0.00129
14	19	0	8	0.00129
18	51	0	8	0.00127
12	27	0	8	0.00126
7	18	0	8	0.00125
7	35	0	8	0.00124
48	56	0	8	0.00124
2	22	0	8	0.00121
8	26	0	8	0.00120
12	35	0	8	0.00118
17	35	0	8	0.00118
41	53	0	8	0.00116
3	18	0	8	0.00116
28	37	0	8	0.00115
9	28	0	8	0.00115
25	34	0	8	0.00115
18	29	0	8	0.00114
2	21	0	8	0.00114
15	47	0	8	0.00114
45	56	0	8	0.00113
5	22	0	8	0.00112
26	34	0	8	0.00111
8	23	0	8	0.00111
29	37	0	8	0.00111
2	13	0	8	0.00111
18	28	0	8	0.00110
14	30	0	8	0.00109
15	37	0	8	0.00109
1	10	0	8	0.00108
31	51	0	8	0.00108
41	50	0	8	0.00107
1	18	0	8	0.00106
1	13	0	8	0.00105
4	28	0	8	0.00105
21	37	0	8	0.00105
47	55	0	8	0.00104
40	53	0	8	0.00103
18	44	0	8	0.00103
2	10	0	8	0.00102
24	36	0	8	0.00102
4	31	0	8	0.00101
45	55	0	8	0.00100
22	47	0	8	0.00100
5	35	0	8	0.00099
8	14	0	8	0.00097
13	31	0	8	0.00097
29	36	0	8	0.00097
15	25	0	8	0.00096
47	56	0	8	0.00095
44	56	0	8	0.00094
14	51	0	8	0.00093
9	31	0	8	0.00091
44	55	0	8	0.00090
15	23	0	8	0.00090
10	32	0	8	0.00088
40	50	0	8	0.00086
12	24	0	8	0.00086
8	25	0	8	0.00086
28	36	0	8	0.00085
27	37	0	8	0.00084
11	32	0	8	0.00082
44	53	0	8	0.00081
10	19	0	8	0.00081
15	30	0	8	0.00080
18	38	0	8	0.00078
29	35	0	8	0.00077
7	28	0	8	0.00077
27	38	0	8	0.00076
24	37	0	8	0.00076
22	36	0	8	0.00076
21	35	0	8	0.00075
11	20	0	8	0.00073
9	22	0	8	0.00073
4	35	0	8	0.00073
18	36	0	8	0.00072
8	30	0	8	0.00072
16	31	0	8	0.00071
6	14	0	8	0.00071
12	21	0	8	0.00070
6	28	0	8	0.00069
22	35	0	8	0.00068
12	18	0	8	0.00068
10	26	0	8	0.00068
6	31	0	8	0.00068
18	24	0	8	0.00067
11	29	0	8	0.00067
14	29	0	8	0.00066
22	34	0	8	0.00066
25	36	0	8	0.00065
24	35	0	8	0.00064
13	25	0	8	0.00064
14	47	0	8	0.00064
26	36	0	8	0.00064
7	22	0	8	0.00062
27	36	0	8	0.00062
10	30	0	8	0.00061
15	34	0	8	0.00060
14	32	0	8	0.00059
18	32	0	8	0.00059
2	18	0	8	0.00059
18	25	0	8	0.00058
26	37	0	8	0.00057
7	31	0	8	0.00052
10	29	0	8	0.00052
11	23	0	8	0.00051
27	47	0	8	0.00051
12	31	0	8	0.00051
4	22	0	8	0.00051
13	28	0	8	0.00050
1	14	0	8	0.00050
4	21	0	8	0.00049
14	26	0	8	0.00049
14	31	0	8	0.00049
12	22	0	8	0.00048
3	14	0	8	0.00048
15	35	0	8	0.00047
11	35	0	8	0.00047
27	33	0	8	0.00046
5	14	0	8	0.00046
31	47	0	8	0.00045
5	18	0	8	0.00045
13	19	0	8	0.00044
14	35	0	8	0.00044
16	22	0	8	0.00043
22	37	0	8	0.00042
27	34	0	8	0.00041
25	37	0	8	0.00040
15	21	0	8	0.00040
8	27	0	8	0.00039
8	24	0	8	0.00039
11	26	0	8	0.00039
18	37	0	8	0.00038
6	22	0	8	0.00036
6	21	0	8	0.00036
15	24	0	8	0.00035
13	24	0	8	0.00035
8	28	0	8	0.00035
6	18	0	8	0.00034
26	35	0	8	0.00034
10	20	0	8	0.00034
25	35	0	8	0.00034
18	31	0	8	0.00033
27	35	0	8	0.00032
10	21	0	8	0.00031
13	23	0	8	0.00031
10	27	0	8	0.00030
11	18	0	8	0.00030
4	18	0	8	0.00029
8	21	0	8	0.00028
15	27	0	8	0.00028
18	47	0	8	0.00028
4	14	0	8	0.00027
28	35	0	8	0.00027
14	27	0	8	0.00027
10	23	0	8	0.00027
15	31	0	8	0.00027
2	14	0	8	0.00026
10	31	0	8	0.00026
28	34	0	8	0.00025
8	18	0	8	0.00024
11	30	0	8	0.00024
8	22	0	8	0.00023
14	28	0	8	0.00021
8	31	0	8	0.00019
13	22	0	8	0.00019
18	35	0	8	0.00019
10	25	0	8	0.00018
11	25	0	8	0.00017
14	20	0	8	0.00017
10	28	0	8	0.00017
15	22	0	8	0.00016
14	21	0	8	0.00015
10	24	0	8	0.00013
11	28	0	8	0.00013
14	23	0	8	0.00012
10	22	0	8	0.00011
14	22	0	8	0.00011
END