1 3 0 8  0.652797281742096
1 4 0 8  0.730993390083313
1 5 0 8  0.9731042981147766
1 6 0 8  0.009841268882155418
1 7 0 8  0.0040503693744540215
1 8 0 8  0.003603188320994377
1 9 0 8  0.0031458542216569185
1 10 0 8  0.0028352022636681795
1 11 0 8  0.0029284097254276276
1 12 0 8  0.0028728076722472906
1 13 0 8  0.002671539317816496
1 14 0 8  0.003028708742931485
1 15 0 8  0.004671463742852211
1 16 0 8  0.003570567350834608
1 17 0 8  0.0033005126751959324
1 18 0 8  0.0042988937348127365
1 19 0 8  0.009619006887078285
1 20 0 8  0.004448318388313055
1 21 0 8  0.0044504329562187195
1 22 0 8  0.0050896406173706055
1 23 0 8  0.007348038721829653
1 24 0 8  0.004841050133109093
1 25 0 8  0.005117409396916628
1 26 0 8  0.0062403371557593346
1 27 0 8  0.006207210943102837
1 28 0 8  0.0055192215368151665
1 29 0 8  0.00448759738355875
1 30 0 8  0.004794265143573284
1 31 0 8  0.004120632074773312
1 32 0 8  0.0052539268508553505
1 33 0 8  0.005546486005187035
1 34 0 8  0.00912617426365614
1 35 0 8  0.013894911855459213
1 36 0 8  0.02889878675341606
1 37 0 8  0.0419459342956543
1 38 0 8  0.032350510358810425
1 39 0 8  0.026442930102348328
1 40 0 8  0.025743484497070312
1 41 0 8  0.015986420214176178
1 42 0 8  0.008558103814721107
1 43 0 8  0.011943817138671875
1 44 0 8  0.01080707274377346
1 45 0 8  0.007213355042040348
1 46 0 8  0.007914602756500244
1 47 0 8  0.007241108454763889
1 48 0 8  0.007037660107016563
1 49 0 8  0.004051629453897476
1 50 0 8  0.004717806354165077
1 51 0 8  0.005936410278081894
1 52 0 8  0.005018571391701698
1 53 0 8  0.006082070991396904
1 54 0 8  0.006476741284132004
1 55 0 8  0.008348094299435616
1 56 0 8  0.011073730885982513
2 4 0 8  0.640346884727478
2 5 0 8  0.8391455411911011
2 6 0 8  0.9874957799911499
2 7 0 8  0.0054967375472188
2 8 0 8  0.003660561516880989
2 9 0 8  0.0032949489541351795
2 10 0 8  0.0033097765408456326
2 11 0 8  0.003341138828545809
2 12 0 8  0.00371875474229455
2 13 0 8  0.0032038092613220215
2 14 0 8  0.0033091730438172817
2 15 0 8  0.0062410300597548485
2 16 0 8  0.004618777893483639
2 17 0 8  0.003918919712305069
2 18 0 8  0.004643380641937256
2 19 0 8  0.01077154092490673
2 20 0 8  0.005266967229545116
2 21 0 8  0.00468843849375844
2 22 0 8  0.004664948210120201
2 23 0 8  0.0058265868574380875
2 24 0 8  0.0039016155060380697
2 25 0 8  0.00449368404224515
2 26 0 8  0.005017454735934734
2 27 0 8  0.004350028466433287
2 28 0 8  0.004534591920673847
2 29 0 8  0.004702793899923563
2 30 0 8  0.004918384365737438
2 31 0 8  0.004313972778618336
2 32 0 8  0.005688630975782871
2 33 0 8  0.006715642753988504
2 34 0 8  0.009825233370065689
2 35 0 8  0.009022356942296028
2 36 0 8  0.019672198221087456
2 37 0 8  0.024106357246637344
2 38 0 8  0.0332026481628418
2 39 0 8  0.048535190522670746
2 40 0 8  0.043475937098264694
2 41 0 8  0.033560432493686676
2 42 0 8  0.02079053223133087
2 43 0 8  0.020328480750322342
2 44 0 8  0.015599622391164303
2 45 0 8  0.010654127225279808
2 46 0 8  0.008696196600794792
2 47 0 8  0.0073737651109695435
2 48 0 8  0.007576760835945606
2 49 0 8  0.004930267110466957
2 50 0 8  0.005171765573322773
2 51 0 8  0.0059473635628819466
2 52 0 8  0.006450621876865625
2 53 0 8  0.0076331826858222485
2 54 0 8  0.008312427438795567
2 55 0 8  0.009537054225802422
2 56 0 8  0.00976676307618618
3 5 0 8  0.6381718516349792
3 6 0 8  0.775501549243927
3 7 0 8  0.9891989231109619
3 8 0 8  0.004871106240898371
3 9 0 8  0.005243952386081219
3 10 0 8  0.004142511170357466
3 11 0 8  0.005167905241250992
3 12 0 8  0.009716155007481575
3 13 0 8  0.004209484439343214
3 14 0 8  0.0038975211791694164
3 15 0 8  0.011956983245909214
3 16 0 8  0.019424354657530785
3 17 0 8  0.008115185424685478
3 18 0 8  0.007705986965447664
3 19 0 8  0.031345754861831665
3 20 0 8  0.019699320197105408
3 21 0 8  0.008751951158046722
3 22 0 8  0.00545116700232029
3 23 0 8  0.016236061230301857
3 24 0 8  0.005282842554152012
3 25 0 8  0.0074643464758992195
3 26 0 8  0.013444200158119202
3 27 0 8  0.0066879503428936005
3 28 0 8  0.010626702569425106
3 29 0 8  0.01739182323217392
3 30 0 8  0.02099030837416649
3 31 0 8  0.00684012658894062
3 32 0 8  0.012895184569060802
3 33 0 8  0.01994340494275093
3 34 0 8  0.01664520613849163
3 35 0 8  0.007840151898562908
3 36 0 8  0.020419597625732422
3 37 0 8  0.027645301073789597
3 38 0 8  0.05097253620624542
3 39 0 8  0.07521460205316544
3 40 0 8  0.05950303375720978
3 41 0 8  0.061530087143182755
3 42 0 8  0.03990573436021805
3 43 0 8  0.03334813192486763
3 44 0 8  0.023107580840587616
3 45 0 8  0.024126587435603142
3 46 0 8  0.013714476488530636
3 47 0 8  0.008634001947939396
3 48 0 8  0.01251143403351307
3 49 0 8  0.010625181719660759
3 50 0 8  0.008547262288630009
3 51 0 8  0.008154932409524918
3 52 0 8  0.01448107324540615
3 53 0 8  0.009897097945213318
3 54 0 8  0.013695448637008667
3 55 0 8  0.009809700772166252
3 56 0 8  0.010226290673017502
4 6 0 8  0.6707843542098999
4 7 0 8  0.8128070831298828
4 8 0 8  0.990449070930481
4 9 0 8  0.00536168459802866
4 10 0 8  0.0034456506837159395
4 11 0 8  0.006040425505489111
4 12 0 8  0.015207001939415932
4 13 0 8  0.004032853990793228
4 14 0 8  0.003483950160443783
4 15 0 8  0.010465245693922043
4 16 0 8  0.006784234195947647
4 17 0 8  0.004404355306178331
4 18 0 8  0.004122166894376278
4 19 0 8  0.010660769417881966
4 20 0 8  0.004389211535453796
4 21 0 8  0.003486445639282465
4 22 0 8  0.003729487769305706
4 23 0 8  0.004225180484354496
4 24 0 8  0.002980689285323024
4 25 0 8  0.0030891289934515953
4 26 0 8  0.0037223598919808865
4 27 0 8  0.003224823623895645
4 28 0 8  0.003332890337333083
4 29 0 8  0.003914025612175465
4 30 0 8  0.004135266877710819
4 31 0 8  0.0034575490280985832
4 32 0 8  0.004592282697558403
4 33 0 8  0.007031419780105352
4 34 0 8  0.005747286137193441
4 35 0 8  0.004174468107521534
4 36 0 8  0.009845118969678879
4 37 0 8  0.012690398842096329
4 38 0 8  0.04199455678462982
4 39 0 8  0.08702698349952698
4 40 0 8  0.08367828279733658
4 41 0 8  0.07567664980888367
4 42 0 8  0.05786118656396866
4 43 0 8  0.032913170754909515
4 44 0 8  0.022326815873384476
4 45 0 8  0.016581345349550247
4 46 0 8  0.00819590874016285
4 47 0 8  0.0067735034972429276
4 48 0 8  0.011247005313634872
4 49 0 8  0.0059220315888524055
4 50 0 8  0.0054964181035757065
4 51 0 8  0.006891312543302774
4 52 0 8  0.010571112856268883
4 53 0 8  0.008358519524335861
4 54 0 8  0.010760783217847347
4 55 0 8  0.008022290654480457
4 56 0 8  0.009726228192448616
5 7 0 8  0.664275586605072
5 8 0 8  0.7275772094726562
5 9 0 8  0.9737318158149719
5 10 0 8  0.005255051888525486
5 11 0 8  0.01060052216053009
5 12 0 8  0.05077657848596573
5 13 0 8  0.006863333284854889
5 14 0 8  0.004169061779975891
5 15 0 8  0.030919868499040604
5 16 0 8  0.056595563888549805
5 17 0 8  0.010979479178786278
5 18 0 8  0.0059992969036102295
5 19 0 8  0.02957187220454216
5 20 0 8  0.016940860077738762
5 21 0 8  0.006115071941167116
5 22 0 8  0.003975916653871536
5 23 0 8  0.009849542751908302
5 24 0 8  0.0038363756611943245
5 25 0 8  0.005077628418803215
5 26 0 8  0.010816107504069805
5 27 0 8  0.0046125976368784904
5 28 0 8  0.00770622119307518
5 29 0 8  0.029830578714609146
5 30 0 8  0.029454441741108894
5 31 0 8  0.005560670979321003
5 32 0 8  0.01338617131114006
5 33 0 8  0.040721721947193146
5 34 0 8  0.01698894053697586
5 35 0 8  0.005420386791229248
5 36 0 8  0.01635383628308773
5 37 0 8  0.017101436853408813
5 38 0 8  0.06236971914768219
5 39 0 8  0.1771177351474762
5 40 0 8  0.12716729938983917
5 41 0 8  0.13733446598052979
5 42 0 8  0.10175834596157074
5 43 0 8  0.05374069884419441
5 44 0 8  0.0411030650138855
5 45 0 8  0.059693071991205215
5 46 0 8  0.012411020696163177
5 47 0 8  0.006214248016476631
5 48 0 8  0.01938776858150959
5 49 0 8  0.0197477787733078
5 50 0 8  0.010153494775295258
5 51 0 8  0.011984629556536674
5 52 0 8  0.028216956183314323
5 53 0 8  0.013806832022964954
5 54 0 8  0.01974581927061081
5 55 0 8  0.009076165035367012
5 56 0 8  0.012403616681694984
6 8 0 8  0.6940345764160156
6 9 0 8  0.8369138240814209
6 10 0 8  0.9675010442733765
6 11 0 8  0.049727365374565125
6 12 0 8  0.10112069547176361
6 13 0 8  0.005894700065255165
6 14 0 8  0.004652847535908222
6 15 0 8  0.027635972946882248
6 16 0 8  0.011808715760707855
6 17 0 8  0.004500802140682936
6 18 0 8  0.003930364735424519
6 19 0 8  0.010804491117596626
6 20 0 8  0.0040860287845134735
6 21 0 8  0.0031826624181121588
6 22 0 8  0.0028769345954060555
6 23 0 8  0.005082894116640091
6 24 0 8  0.0029032686725258827
6 25 0 8  0.0028478428721427917
6 26 0 8  0.003604715224355459
6 27 0 8  0.0029768957756459713
6 28 0 8  0.0033437530510127544
6 29 0 8  0.004926986061036587
6 30 0 8  0.006009125150740147
6 31 0 8  0.0037215654738247395
6 32 0 8  0.00597537774592638
6 33 0 8  0.024126790463924408
6 34 0 8  0.012875040993094444
6 35 0 8  0.005255943164229393
6 36 0 8  0.030033688992261887
6 37 0 8  0.05053199455142021
6 38 0 8  0.14055901765823364
6 39 0 8  0.18076694011688232
6 40 0 8  0.10252881050109863
6 41 0 8  0.11231224238872528
6 42 0 8  0.0815388411283493
6 43 0 8  0.04678653925657272
6 44 0 8  0.04384283348917961
6 45 0 8  0.0502927340567112
6 46 0 8  0.013549385592341423
6 47 0 8  0.007849892601370811
6 48 0 8  0.020032182335853577
6 49 0 8  0.017895787954330444
6 50 0 8  0.00924554280936718
6 51 0 8  0.010897921398282051
6 52 0 8  0.021425340324640274
6 53 0 8  0.01144307292997837
6 54 0 8  0.014661632478237152
6 55 0 8  0.006877717562019825
6 56 0 8  0.006118616554886103
7 9 0 8  0.8389768600463867
7 10 0 8  0.8817336559295654
7 11 0 8  0.9498425722122192
7 12 0 8  0.41236168146133423
7 13 0 8  0.030405424535274506
7 14 0 8  0.0057376353070139885
7 15 0 8  0.18465888500213623
7 16 0 8  0.11881569772958755
7 17 0 8  0.00920194387435913
7 18 0 8  0.0036971282679587603
7 19 0 8  0.041870053857564926
7 20 0 8  0.007081925868988037
7 21 0 8  0.0031058548483997583
7 22 0 8  0.0027211131528019905
7 23 0 8  0.007312714122235775
7 24 0 8  0.002846330404281616
7 25 0 8  0.0031215371564030647
7 26 0 8  0.0034720683470368385
7 27 0 8  0.00302203930914402
7 28 0 8  0.0037538427859544754
7 29 0 8  0.008968985639512539
7 30 0 8  0.012731922790408134
7 31 0 8  0.003751268144696951
7 32 0 8  0.007000468671321869
7 33 0 8  0.04593518376350403
7 34 0 8  0.008789083920419216
7 35 0 8  0.004341116175055504
7 36 0 8  0.021728208288550377
7 37 0 8  0.024476710706949234
7 38 0 8  0.10289667546749115
7 39 0 8  0.13053984940052032
7 40 0 8  0.04358866065740585
7 41 0 8  0.07944217324256897
7 42 0 8  0.05827045068144798
7 43 0 8  0.029889747500419617
7 44 0 8  0.034076422452926636
7 45 0 8  0.04984620586037636
7 46 0 8  0.009936638176441193
7 47 0 8  0.005638688802719116
7 48 0 8  0.017012573778629303
7 49 0 8  0.019463341683149338
7 50 0 8  0.009984085336327553
7 51 0 8  0.010140689089894295
7 52 0 8  0.01986849121749401
7 53 0 8  0.008088857866823673
7 54 0 8  0.013320237398147583
7 55 0 8  0.005657165311276913
7 56 0 8  0.006096547469496727
8 10 0 8  0.9812291264533997
8 11 0 8  0.9767911434173584
8 12 0 8  0.9880244731903076
8 13 0 8  0.01760532706975937
8 14 0 8  0.0040145693346858025
8 15 0 8  0.009273180738091469
8 16 0 8  0.012396307662129402
8 17 0 8  0.003909701947122812
8 18 0 8  0.0032257940620183945
8 19 0 8  0.004685745108872652
8 20 0 8  0.003193526528775692
8 21 0 8  0.0027833590283989906
8 22 0 8  0.002891586162149906
8 23 0 8  0.0028715990483760834
8 24 0 8  0.0025628493167459965
8 25 0 8  0.0027480018325150013
8 26 0 8  0.0029475667979568243
8 27 0 8  0.0030109407380223274
8 28 0 8  0.0029087697621434927
8 29 0 8  0.0033189556561410427
8 30 0 8  0.0037817799020558596
8 31 0 8  0.002934725023806095
8 32 0 8  0.003616322297602892
8 33 0 8  0.00923889596015215
8 34 0 8  0.006029217503964901
8 35 0 8  0.004285360220819712
8 36 0 8  0.021361324936151505
8 37 0 8  0.03850678354501724
8 38 0 8  0.08845274150371552
8 39 0 8  0.08072489500045776
8 40 0 8  0.04101685434579849
8 41 0 8  0.04739801585674286
8 42 0 8  0.06113861873745918
8 43 0 8  0.016705894842743874
8 44 0 8  0.019824007526040077
8 45 0 8  0.03738845884799957
8 46 0 8  0.00785244069993496
8 47 0 8  0.005453911609947681
8 48 0 8  0.01265706866979599
8 49 0 8  0.012896806932985783
8 50 0 8  0.007101265247911215
8 51 0 8  0.007841590791940689
8 52 0 8  0.013398423790931702
8 53 0 8  0.006679109763354063
8 54 0 8  0.008546530269086361
8 55 0 8  0.005057955626398325
8 56 0 8  0.005173152312636375
9 11 0 8  0.9930700063705444
9 12 0 8  0.9945811629295349
9 13 0 8  0.9969398975372314
9 14 0 8  0.011878264136612415
9 15 0 8  0.010965080931782722
9 16 0 8  0.06868767738342285
9 17 0 8  0.015229983255267143
9 18 0 8  0.00393794197589159
9 19 0 8  0.008258234709501266
9 20 0 8  0.005640045739710331
9 21 0 8  0.0030538062565028667
9 22 0 8  0.0027394206263124943
9 23 0 8  0.002765839919447899
9 24 0 8  0.002488117665052414
9 25 0 8  0.0027127000503242016
9 26 0 8  0.0028347172774374485
9 27 0 8  0.002828485332429409
9 28 0 8  0.0029477071948349476
9 29 0 8  0.005727154202759266
9 30 0 8  0.01211775466799736
9 31 0 8  0.003681185422465205
9 32 0 8  0.0075237201526761055
9 33 0 8  0.11992613226175308
9 34 0 8  0.041775502264499664
9 35 0 8  0.00688953185454011
9 36 0 8  0.0603175014257431
9 37 0 8  0.08853055536746979
9 38 0 8  0.21055062115192413
9 39 0 8  0.1821727752685547
9 40 0 8  0.0949798971414566
9 41 0 8  0.12890730798244476
9 42 0 8  0.14091166853904724
9 43 0 8  0.012932348065078259
9 44 0 8  0.03668878600001335
9 45 0 8  0.16073621809482574
9 46 0 8  0.019715704023838043
9 47 0 8  0.005569805856794119
9 48 0 8  0.029128067195415497
9 49 0 8  0.04545155540108681
9 50 0 8  0.009531553834676743
9 51 0 8  0.007344495039433241
9 52 0 8  0.0183829665184021
9 53 0 8  0.005868128500878811
9 54 0 8  0.00910557247698307
9 55 0 8  0.003984811715781689
9 56 0 8  0.004509165417402983
10 12 0 8  0.9935879111289978
10 13 0 8  0.9957394003868103
10 14 0 8  0.9879962205886841
10 15 0 8  0.011771641671657562
10 16 0 8  0.005083977244794369
10 17 0 8  0.0038188952021300793
10 18 0 8  0.0036462144926190376
10 19 0 8  0.005664937198162079
10 20 0 8  0.0027150269597768784
10 21 0 8  0.0027412273921072483
10 22 0 8  0.0028277221135795116
10 23 0 8  0.0026914598420262337
10 24 0 8  0.002480533439666033
10 25 0 8  0.0025592315942049026
10 26 0 8  0.002618055325001478
10 27 0 8  0.002911937888711691
10 28 0 8  0.002593874465674162
10 29 0 8  0.002869980875402689
10 30 0 8  0.005336129572242498
10 31 0 8  0.0028834787663072348
10 32 0 8  0.00406650360673666
10 33 0 8  0.03390618413686752
10 34 0 8  0.03896696865558624
10 35 0 8  0.00592932291328907
10 36 0 8  0.035602279007434845
10 37 0 8  0.07177220284938812
10 38 0 8  0.10328984260559082
10 39 0 8  0.02218915894627571
10 40 0 8  0.024615323171019554
10 41 0 8  0.024868348613381386
10 42 0 8  0.00866248831152916
10 43 0 8  0.005208299495279789
10 44 0 8  0.005201832856982946
10 45 0 8  0.008664778433740139
10 46 0 8  0.0042732409201562405
10 47 0 8  0.004495508503168821
10 48 0 8  0.008237679488956928
10 49 0 8  0.006717097945511341
10 50 0 8  0.003880662377923727
10 51 0 8  0.004102329257875681
10 52 0 8  0.006125017534941435
10 53 0 8  0.0035806549713015556
10 54 0 8  0.00461912015452981
10 55 0 8  0.003409303491935134
10 56 0 8  0.004233946558088064
11 13 0 8  0.9964252710342407
11 14 0 8  0.9955052137374878
11 15 0 8  0.9924709796905518
11 16 0 8  0.022302482277154922
11 17 0 8  0.004058505408465862
11 18 0 8  0.003208690555766225
11 19 0 8  0.005661497823894024
11 20 0 8  0.0031520212069153786
11 21 0 8  0.002798482310026884
11 22 0 8  0.0026081399992108345
11 23 0 8  0.002748053288087249
11 24 0 8  0.002556457184255123
11 25 0 8  0.002521688351407647
11 26 0 8  0.0025357522536069155
11 27 0 8  0.0025113699957728386
11 28 0 8  0.002591727301478386
11 29 0 8  0.002730320207774639
11 30 0 8  0.0028029349632561207
11 31 0 8  0.0024883830919861794
11 32 0 8  0.00291068316437304
11 33 0 8  0.0034138874616473913
11 34 0 8  0.0037021932657808065
11 35 0 8  0.002998626558110118
11 36 0 8  0.006587826181203127
11 37 0 8  0.006384783890098333
11 38 0 8  0.008512971922755241
11 39 0 8  0.006017811596393585
11 40 0 8  0.004519482143223286
11 41 0 8  0.003962366376072168
11 42 0 8  0.004443898797035217
11 43 0 8  0.0028760754503309727
11 44 0 8  0.003081599250435829
11 45 0 8  0.0034116823226213455
11 46 0 8  0.003047711681574583
11 47 0 8  0.0027459824923425913
11 48 0 8  0.0033584812190383673
11 49 0 8  0.003481796244159341
11 50 0 8  0.002781468676403165
11 51 0 8  0.003086712211370468
11 52 0 8  0.0039697857573628426
11 53 0 8  0.0029421402141451836
11 54 0 8  0.00387796969152987
11 55 0 8  0.0031730986665934324
11 56 0 8  0.0033448413014411926
12 14 0 8  0.9961918592453003
12 15 0 8  0.9948464035987854
12 16 0 8  0.9699195623397827
12 17 0 8  0.03523414209485054
12 18 0 8  0.003847620915621519
12 19 0 8  0.004254519008100033
12 20 0 8  0.00570603646337986
12 21 0 8  0.003067681100219488
12 22 0 8  0.002754075452685356
12 23 0 8  0.0026371467392891645
12 24 0 8  0.002568233758211136
12 25 0 8  0.0025953049771487713
12 26 0 8  0.002801198046654463
12 27 0 8  0.0027618876192718744
12 28 0 8  0.0028017074801027775
12 29 0 8  0.004341719672083855
12 30 0 8  0.005408687982708216
12 31 0 8  0.003317513270303607
12 32 0 8  0.0063455491326749325
12 33 0 8  0.06622221320867538
12 34 0 8  0.01115117035806179
12 35 0 8  0.0035277146380394697
12 36 0 8  0.015242481604218483
12 37 0 8  0.03247871249914169
12 38 0 8  0.10875142365694046
12 39 0 8  0.2217244803905487
12 40 0 8  0.033750906586647034
12 41 0 8  0.040681611746549606
12 42 0 8  0.2462533712387085
12 43 0 8  0.005644833669066429
12 44 0 8  0.008486920036375523
12 45 0 8  0.11471032351255417
12 46 0 8  0.02055060863494873
12 47 0 8  0.0035629463382065296
12 48 0 8  0.009546943008899689
12 49 0 8  0.038777463138103485
12 50 0 8  0.004664286971092224
12 51 0 8  0.0042969598434865475
12 52 0 8  0.013089144602417946
12 53 0 8  0.0037957029417157173
12 54 0 8  0.007981272414326668
12 55 0 8  0.003440986853092909
12 56 0 8  0.00403980165719986
13 15 0 8  0.9966428875923157
13 16 0 8  0.9945150017738342
13 17 0 8  0.9893518686294556
13 18 0 8  0.006556378677487373
13 19 0 8  0.003990515135228634
13 20 0 8  0.003213362069800496
13 21 0 8  0.002979552373290062
13 22 0 8  0.0029377364553511143
13 23 0 8  0.002632671035826206
13 24 0 8  0.002457329537719488
13 25 0 8  0.0025728419423103333
13 26 0 8  0.0035162512212991714
13 27 0 8  0.0029125059954822063
13 28 0 8  0.002713970374315977
13 29 0 8  0.011624619364738464
13 30 0 8  0.12525804340839386
13 31 0 8  0.005121154244989157
13 32 0 8  0.005632856860756874
13 33 0 8  0.48383665084838867
13 34 0 8  0.263630747795105
13 35 0 8  0.00575270876288414
13 36 0 8  0.11182830482721329
13 37 0 8  0.2230890840291977
13 38 0 8  0.27578189969062805
13 39 0 8  0.13788625597953796
13 40 0 8  0.07797566056251526
13 41 0 8  0.04737948626279831
13 42 0 8  0.12449251115322113
13 43 0 8  0.004454583860933781
13 44 0 8  0.01204393245279789
13 45 0 8  0.17948797345161438
13 46 0 8  0.010745806619524956
13 47 0 8  0.0037924256175756454
13 48 0 8  0.04103709012269974
13 49 0 8  0.07303796708583832
13 50 0 8  0.005498582497239113
13 51 0 8  0.004859260283410549
13 52 0 8  0.01836417056620121
13 53 0 8  0.004436853341758251
13 54 0 8  0.009662652388215065
13 55 0 8  0.00412305723875761
13 56 0 8  0.005855261348187923
14 16 0 8  0.9961460828781128
14 17 0 8  0.9954046010971069
14 18 0 8  0.9800620079040527
14 19 0 8  0.003756815567612648
14 20 0 8  0.0028715520165860653
14 21 0 8  0.0031114183366298676
14 22 0 8  0.0029636742547154427
14 23 0 8  0.0027832589112222195
14 24 0 8  0.0025209984742105007
14 25 0 8  0.002518665511161089
14 26 0 8  0.003083797637373209
14 27 0 8  0.0029252811800688505
14 28 0 8  0.0029517554212361574
14 29 0 8  0.0031950287520885468
14 30 0 8  0.008038234896957874
14 31 0 8  0.003361370414495468
14 32 0 8  0.0035399775952100754
14 33 0 8  0.012625912204384804
14 34 0 8  0.039913758635520935
14 35 0 8  0.003711300902068615
14 36 0 8  0.007353762164711952
14 37 0 8  0.04257496818900108
14 38 0 8  0.022800592705607414
14 39 0 8  0.0075755794532597065
14 40 0 8  0.0036603331100195646
14 41 0 8  0.00310672540217638
14 42 0 8  0.0033103488385677338
14 43 0 8  0.0025097462348639965
14 44 0 8  0.003027434227988124
14 45 0 8  0.0031247357837855816
14 46 0 8  0.0030777794308960438
14 47 0 8  0.0027262624353170395
14 48 0 8  0.0038943698164075613
14 49 0 8  0.0037236122880131006
14 50 0 8  0.0030404371209442616
14 51 0 8  0.0034288959577679634
14 52 0 8  0.0044504315592348576
14 53 0 8  0.0034817219711840153
14 54 0 8  0.005003191530704498
14 55 0 8  0.003204413689672947
14 56 0 8  0.004375896882265806
15 17 0 8  0.996238112449646
15 18 0 8  0.995531439781189
15 19 0 8  0.987007200717926
15 20 0 8  0.0033430284820497036
15 21 0 8  0.0027528582140803337
15 22 0 8  0.0027342606335878372
15 23 0 8  0.00275674881413579
15 24 0 8  0.0025572131853550673
15 25 0 8  0.0026020361110568047
15 26 0 8  0.0029098158702254295
15 27 0 8  0.002689021872356534
15 28 0 8  0.0028611277230083942
15 29 0 8  0.0034675635397434235
15 30 0 8  0.003165016882121563
15 31 0 8  0.0030430899932980537
15 32 0 8  0.0038643484003841877
15 33 0 8  0.003494733013212681
15 34 0 8  0.0028582438826560974
15 35 0 8  0.0026280321180820465
15 36 0 8  0.0032494617626070976
15 37 0 8  0.0030315322801470757
15 38 0 8  0.003483787178993225
15 39 0 8  0.0053685689345002174
15 40 0 8  0.004068400710821152
15 41 0 8  0.004191306419670582
15 42 0 8  0.01321159303188324
15 43 0 8  0.0028298671822994947
15 44 0 8  0.0033521614968776703
15 45 0 8  0.0049482835456728935
15 46 0 8  0.004317592829465866
15 47 0 8  0.0028202151879668236
15 48 0 8  0.004301920533180237
15 49 0 8  0.004452054388821125
15 50 0 8  0.003333034459501505
15 51 0 8  0.003632861655205488
15 52 0 8  0.004521199502050877
15 53 0 8  0.003294226247817278
15 54 0 8  0.004045202396810055
15 55 0 8  0.0033705872483551502
15 56 0 8  0.0034942668862640858
16 18 0 8  0.9950398206710815
16 19 0 8  0.9915648698806763
16 20 0 8  0.9801814556121826
16 21 0 8  0.0037953746505081654
16 22 0 8  0.0026257806457579136
16 23 0 8  0.002758351620286703
16 24 0 8  0.0026832548901438713
16 25 0 8  0.0033901091665029526
16 26 0 8  0.016556523740291595
16 27 0 8  0.003428685013204813
16 28 0 8  0.003854675916954875
16 29 0 8  0.0893050879240036
16 30 0 8  0.07000347971916199
16 31 0 8  0.003974018152803183
16 32 0 8  0.010141439735889435
16 33 0 8  0.21778741478919983
16 34 0 8  0.0058974409475922585
16 35 0 8  0.003093690611422062
16 36 0 8  0.005427747964859009
16 37 0 8  0.016723841428756714
16 38 0 8  0.02135363593697548
16 39 0 8  0.10792610794305801
16 40 0 8  0.02104249969124794
16 41 0 8  0.03866755589842796
16 42 0 8  0.3726809024810791
16 43 0 8  0.0077665261924266815
16 44 0 8  0.013866430148482323
16 45 0 8  0.35765349864959717
16 46 0 8  0.1588321328163147
16 47 0 8  0.003886143211275339
16 48 0 8  0.03589718043804169
16 49 0 8  0.25822073221206665
16 50 0 8  0.010505801998078823
16 51 0 8  0.0062993550673127174
16 52 0 8  0.030633289366960526
16 53 0 8  0.005581854376941919
16 54 0 8  0.01796010136604309
16 55 0 8  0.004177555441856384
16 56 0 8  0.004588094539940357
17 19 0 8  0.9939028024673462
17 20 0 8  0.9819890856742859
17 21 0 8  0.9820853471755981
17 22 0 8  0.003178342944011092
17 23 0 8  0.0030611413531005383
17 24 0 8  0.003358596470206976
17 25 0 8  0.01576872169971466
17 26 0 8  0.468534380197525
17 27 0 8  0.06995251029729843
17 28 0 8  0.0047868117690086365
17 29 0 8  0.19021528959274292
17 30 0 8  0.7028199434280396
17 31 0 8  0.07061672955751419
17 32 0 8  0.004274312872439623
17 33 0 8  0.30914169549942017
17 34 0 8  0.2536369860172272
17 35 0 8  0.0028975442983210087
17 36 0 8  0.003766576759517193
17 37 0 8  0.027549851685762405
17 38 0 8  0.012348375283181667
17 39 0 8  0.008795857429504395
17 40 0 8  0.004654958378523588
17 41 0 8  0.007900535129010677
17 42 0 8  0.024068593978881836
17 43 0 8  0.0035112022887915373
17 44 0 8  0.007484516128897667
17 45 0 8  0.07837767899036407
17 46 0 8  0.006721328478306532
17 47 0 8  0.0033705057576298714
17 48 0 8  0.04969333857297897
17 49 0 8  0.1332682967185974
17 50 0 8  0.008583334274590015
17 51 0 8  0.01114037074148655
17 52 0 8  0.08886602520942688
17 53 0 8  0.016040032729506493
17 54 0 8  0.03610466793179512
17 55 0 8  0.00740149337798357
17 56 0 8  0.009081420488655567
18 20 0 8  0.9867990016937256
18 21 0 8  0.9783930778503418
18 22 0 8  0.9818993806838989
18 23 0 8  0.0039754146710038185
18 24 0 8  0.0031957225874066353
18 25 0 8  0.003992222249507904
18 26 0 8  0.016015609726309776
18 27 0 8  0.005690594203770161
18 28 0 8  0.0036390821915119886
18 29 0 8  0.0038368890527635813
18 30 0 8  0.02732868492603302
18 31 0 8  0.0030762208625674248
18 32 0 8  0.0030205524526536465
18 33 0 8  0.0028329386841505766
18 34 0 8  0.0026676838751882315
18 35 0 8  0.002188751706853509
18 36 0 8  0.0026415172033011913
18 37 0 8  0.0024259723722934723
18 38 0 8  0.002381088212132454
18 39 0 8  0.002689617220312357
18 40 0 8  0.0023499662056565285
18 41 0 8  0.0025898984167724848
18 42 0 8  0.002971322275698185
18 43 0 8  0.002448516432195902
18 44 0 8  0.0027598112355917692
18 45 0 8  0.0025336039252579212
18 46 0 8  0.002828021068125963
18 47 0 8  0.002829837379977107
18 48 0 8  0.0035787015222012997
18 49 0 8  0.003473983146250248
18 50 0 8  0.002921036910265684
18 51 0 8  0.0036094498354941607
18 52 0 8  0.006676599383354187
18 53 0 8  0.004149925895035267
18 54 0 8  0.007385736331343651
18 55 0 8  0.004771393723785877
18 56 0 8  0.006735244300216436
19 21 0 8  0.990551233291626
19 22 0 8  0.9865862727165222
19 23 0 8  0.9897860288619995
19 24 0 8  0.01322128064930439
19 25 0 8  0.021025456488132477
19 26 0 8  0.019165465608239174
19 27 0 8  0.0043683648109436035
19 28 0 8  0.005044257268309593
19 29 0 8  0.009584257379174232
19 30 0 8  0.0031820829026401043
19 31 0 8  0.003144301474094391
19 32 0 8  0.005025758408010006
19 33 0 8  0.003441327018663287
19 34 0 8  0.002800519112497568
19 35 0 8  0.002678416669368744
19 36 0 8  0.003014208283275366
19 37 0 8  0.0027017865795642138
19 38 0 8  0.00302010215818882
19 39 0 8  0.004346131347119808
19 40 0 8  0.002992855617776513
19 41 0 8  0.004158336203545332
19 42 0 8  0.01167834922671318
19 43 0 8  0.003785906359553337
19 44 0 8  0.005071884952485561
19 45 0 8  0.019964167848229408
19 46 0 8  0.0486874133348465
19 47 0 8  0.003458789549767971
19 48 0 8  0.006836626213043928
19 49 0 8  0.03806712105870247
19 50 0 8  0.006117295008152723
19 51 0 8  0.005299675278365612
19 52 0 8  0.0127664590254426
19 53 0 8  0.006217657588422298
19 54 0 8  0.011518344283103943
19 55 0 8  0.0058988239616155624
19 56 0 8  0.0065091573633253574
20 22 0 8  0.9198110699653625
20 23 0 8  0.9822635650634766
20 24 0 8  0.9838831424713135
20 25 0 8  0.6391538381576538
20 26 0 8  0.8329161405563354
20 27 0 8  0.17648379504680634
20 28 0 8  0.06311089545488358
20 29 0 8  0.5037667751312256
20 30 0 8  0.48073479533195496
20 31 0 8  0.004899943247437477
20 32 0 8  0.010768000967800617
20 33 0 8  0.029688984155654907
20 34 0 8  0.002899321261793375
20 35 0 8  0.0027443799190223217
20 36 0 8  0.0034326533786952496
20 37 0 8  0.002760733477771282
20 38 0 8  0.0032206494361162186
20 39 0 8  0.007421161979436874
20 40 0 8  0.002935139462351799
20 41 0 8  0.005407564342021942
20 42 0 8  0.05865129083395004
20 43 0 8  0.004400933161377907
20 44 0 8  0.01062050648033619
20 45 0 8  0.173421710729599
20 46 0 8  0.054832909256219864
20 47 0 8  0.004191279411315918
20 48 0 8  0.0742177814245224
20 49 0 8  0.4682183563709259
20 50 0 8  0.03162228316068649
20 51 0 8  0.015013458207249641
20 52 0 8  0.14090406894683838
20 53 0 8  0.020677970722317696
20 54 0 8  0.051784925162792206
20 55 0 8  0.007114671170711517
20 56 0 8  0.0059796543791890144
21 23 0 8  0.9541857242584229
21 24 0 8  0.9713844060897827
21 25 0 8  0.9867265224456787
21 26 0 8  0.7986690998077393
21 27 0 8  0.6029202938079834
21 28 0 8  0.0181877538561821
21 29 0 8  0.018371477723121643
21 30 0 8  0.4087557792663574
21 31 0 8  0.02387051470577717
21 32 0 8  0.003310559317469597
21 33 0 8  0.0030155631247907877
21 34 0 8  0.004502809606492519
21 35 0 8  0.0024300431832671165
21 36 0 8  0.0026419665664434433
21 37 0 8  0.0023194574750959873
21 38 0 8  0.0024779881350696087
21 39 0 8  0.002786498051136732
21 40 0 8  0.0023776101879775524
21 41 0 8  0.002927974797785282
21 42 0 8  0.0033493589144200087
21 43 0 8  0.002810640260577202
21 44 0 8  0.0031542847864329815
21 45 0 8  0.0042504663579165936
21 46 0 8  0.004220973700284958
21 47 0 8  0.0030269736889749765
21 48 0 8  0.011084893718361855
21 49 0 8  0.01956222951412201
21 50 0 8  0.0071138241328299046
21 51 0 8  0.008493449538946152
21 52 0 8  0.056032150983810425
21 53 0 8  0.01769399642944336
21 54 0 8  0.038730014115571976
21 55 0 8  0.018207073211669922
21 56 0 8  0.02197406440973282
22 24 0 8  0.8815157413482666
22 25 0 8  0.9789688587188721
22 26 0 8  0.9868931770324707
22 27 0 8  0.043753474950790405
22 28 0 8  0.005880070384591818
22 29 0 8  0.002995187183842063
22 30 0 8  0.0028402458410710096
22 31 0 8  0.0024872091598808765
22 32 0 8  0.002667476423084736
22 33 0 8  0.0024604815989732742
22 34 0 8  0.0024423717986792326
22 35 0 8  0.002342095598578453
22 36 0 8  0.002360898768529296
22 37 0 8  0.0023273297119885683
22 38 0 8  0.0024336758069694042
22 39 0 8  0.002628751564770937
22 40 0 8  0.002504952484741807
22 41 0 8  0.002684414852410555
22 42 0 8  0.0024766121059656143
22 43 0 8  0.0026083493139594793
22 44 0 8  0.0029074843041598797
22 45 0 8  0.0024921055883169174
22 46 0 8  0.003181175095960498
22 47 0 8  0.0027566570788621902
22 48 0 8  0.0034664152190089226
22 49 0 8  0.004687633365392685
22 50 0 8  0.004762797616422176
22 51 0 8  0.004985050298273563
22 52 0 8  0.00775572145357728
22 53 0 8  0.006068110466003418
22 54 0 8  0.007051337510347366
22 55 0 8  0.006884340196847916
22 56 0 8  0.00927287433296442
23 25 0 8  0.8074924945831299
23 26 0 8  0.9895766973495483
23 27 0 8  0.9841545820236206
23 28 0 8  0.06077788025140762
23 29 0 8  0.016840290278196335
23 30 0 8  0.005380709655582905
23 31 0 8  0.0053282915614545345
23 32 0 8  0.005167736671864986
23 33 0 8  0.0030189957469701767
23 34 0 8  0.002684562234207988
23 35 0 8  0.0026000761426985264
23 36 0 8  0.002694659400731325
23 37 0 8  0.002594173885881901
23 38 0 8  0.0027491056825965643
23 39 0 8  0.003026269841939211
23 40 0 8  0.0029496741481125355
23 41 0 8  0.003812061622738838
23 42 0 8  0.004865893162786961
23 43 0 8  0.003755325684323907
23 44 0 8  0.004835549741983414
23 45 0 8  0.0067541711032390594
23 46 0 8  0.017656678333878517
23 47 0 8  0.004370787646621466
23 48 0 8  0.014565798453986645
23 49 0 8  0.10910283029079437
23 50 0 8  0.04960927367210388
23 51 0 8  0.02048405446112156
23 52 0 8  0.07097750902175903
23 53 0 8  0.028324123471975327
23 54 0 8  0.04986286163330078
23 55 0 8  0.014188925735652447
23 56 0 8  0.01596519537270069
24 26 0 8  0.6722990274429321
24 27 0 8  0.9565865397453308
24 28 0 8  0.9845324754714966
24 29 0 8  0.015636712312698364
24 30 0 8  0.024410422891378403
24 31 0 8  0.003509220667183399
24 32 0 8  0.003148255869746208
24 33 0 8  0.0028302622959017754
24 34 0 8  0.0025263787247240543
24 35 0 8  0.0023978701792657375
24 36 0 8  0.002497024368494749
24 37 0 8  0.0024773406330496073
24 38 0 8  0.002448414219543338
24 39 0 8  0.002660028636455536
24 40 0 8  0.0023192153312265873
24 41 0 8  0.0026922072283923626
24 42 0 8  0.0027246037498116493
24 43 0 8  0.002824006602168083
24 44 0 8  0.0031233131885528564
24 45 0 8  0.0035414041485637426
24 46 0 8  0.00476078549399972
24 47 0 8  0.0032614520750939846
24 48 0 8  0.009781125001609325
24 49 0 8  0.013956529088318348
24 50 0 8  0.00889916904270649
24 51 0 8  0.011382809840142727
24 52 0 8  0.03745576739311218
24 53 0 8  0.016742784529924393
24 54 0 8  0.04454326629638672
24 55 0 8  0.02959633059799671
24 56 0 8  0.025781307369470596
25 27 0 8  0.6096682548522949
25 28 0 8  0.8466557264328003
25 29 0 8  0.9737046957015991
25 30 0 8  0.019278882071375847
25 31 0 8  0.003253347473219037
25 32 0 8  0.0028877523727715015
25 33 0 8  0.0030220914632081985
25 34 0 8  0.0028705280274152756
25 35 0 8  0.0024095075204968452
25 36 0 8  0.0025444189086556435
25 37 0 8  0.0026100839022547007
25 38 0 8  0.0026471607852727175
25 39 0 8  0.0033955241087824106
25 40 0 8  0.0027735568583011627
25 41 0 8  0.0041208029724657536
25 42 0 8  0.004894081503152847
25 43 0 8  0.003931466955691576
25 44 0 8  0.005370753817260265
25 45 0 8  0.03013487532734871
25 46 0 8  0.02214825712144375
25 47 0 8  0.00669272243976593
25 48 0 8  0.13677790760993958
25 49 0 8  0.15658602118492126
25 50 0 8  0.023923475295305252
25 51 0 8  0.08274360001087189
25 52 0 8  0.25090885162353516
25 53 0 8  0.06679072231054306
25 54 0 8  0.10058318078517914
25 55 0 8  0.05375639349222183
25 56 0 8  0.037275440990924835
26 28 0 8  0.5974470376968384
26 29 0 8  0.6508014798164368
26 30 0 8  0.9812476634979248
26 31 0 8  0.0063186511397361755
26 32 0 8  0.003124463139101863
26 33 0 8  0.002985222265124321
26 34 0 8  0.0027972417883574963
26 35 0 8  0.002540676388889551
26 36 0 8  0.0025568632408976555
26 37 0 8  0.0024634874425828457
26 38 0 8  0.002553025959059596
26 39 0 8  0.003826674073934555
26 40 0 8  0.0028596511110663414
26 41 0 8  0.003990596160292625
26 42 0 8  0.005697406828403473
26 43 0 8  0.005032889544963837
26 44 0 8  0.0046867006458342075
26 45 0 8  0.018707294017076492
26 46 0 8  0.013101443648338318
26 47 0 8  0.006482441909611225
26 48 0 8  0.043799933046102524
26 49 0 8  0.08896838873624802
26 50 0 8  0.019760485738515854
26 51 0 8  0.03337457403540611
26 52 0 8  0.21880723536014557
26 53 0 8  0.07480219751596451
26 54 0 8  0.12845565378665924
26 55 0 8  0.04286961257457733
26 56 0 8  0.0231742262840271
27 29 0 8  0.5944762825965881
27 30 0 8  0.604952871799469
27 31 0 8  0.9421985149383545
27 32 0 8  0.003573702648282051
27 33 0 8  0.002805478638038039
27 34 0 8  0.0028721780981868505
27 35 0 8  0.0025632325559854507
27 36 0 8  0.0027791026514023542
27 37 0 8  0.0024201744236052036
27 38 0 8  0.0024760765954852104
27 39 0 8  0.0033756080083549023
27 40 0 8  0.003010596614331007
27 41 0 8  0.004098259843885899
27 42 0 8  0.004853382706642151
27 43 0 8  0.006285893730819225
27 44 0 8  0.005758008919656277
27 45 0 8  0.004830240737646818
27 46 0 8  0.009259828366339207
27 47 0 8  0.004910207353532314
27 48 0 8  0.006379038095474243
27 49 0 8  0.005802030675113201
27 50 0 8  0.010727036744356155
27 51 0 8  0.008565162308514118
27 52 0 8  0.02425975352525711
27 53 0 8  0.008618243038654327
27 54 0 8  0.03200742229819298
27 55 0 8  0.012964568100869656
27 56 0 8  0.014854230917990208
28 30 0 8  0.5960093140602112
28 31 0 8  0.5990832448005676
28 32 0 8  0.8536355495452881
28 33 0 8  0.0040042768232524395
28 34 0 8  0.002838948741555214
28 35 0 8  0.0027872829232364893
28 36 0 8  0.0034486413933336735
28 37 0 8  0.002580492291599512
28 38 0 8  0.003020799718797207
28 39 0 8  0.006545887794345617
28 40 0 8  0.0048105111345648766
28 41 0 8  0.015158860012888908
28 42 0 8  0.01222892478108406
28 43 0 8  0.008076835423707962
28 44 0 8  0.0168149471282959
28 45 0 8  0.03169379010796547
28 46 0 8  0.007426709868013859
28 47 0 8  0.009202493354678154
28 48 0 8  0.21525242924690247
28 49 0 8  0.011340577155351639
28 50 0 8  0.005584968253970146
28 51 0 8  0.014104855246841908
28 52 0 8  0.06481665372848511
28 53 0 8  0.0072355717420578
28 54 0 8  0.026835860684514046
28 55 0 8  0.010085344314575195
28 56 0 8  0.015611588023602962
29 31 0 8  0.5986779928207397
29 32 0 8  0.6075321435928345
29 33 0 8  0.9582574367523193
29 34 0 8  0.004251584876328707
29 35 0 8  0.002553111407905817
29 36 0 8  0.0032510054297745228
29 37 0 8  0.003142407163977623
29 38 0 8  0.004290939774364233
29 39 0 8  0.012258075177669525
29 40 0 8  0.0051217591390013695
29 41 0 8  0.02546653151512146
29 42 0 8  0.044287290424108505
29 43 0 8  0.008949171751737595
29 44 0 8  0.022767383605241776
29 45 0 8  0.59075927734375
29 46 0 8  0.01938464678823948
29 47 0 8  0.005966052878648043
29 48 0 8  0.5471250414848328
29 49 0 8  0.41911405324935913
29 50 0 8  0.014791762456297874
29 51 0 8  0.0366787314414978
29 52 0 8  0.31233033537864685
29 53 0 8  0.03618564456701279
29 54 0 8  0.08212704211473465
29 55 0 8  0.010899598710238934
29 56 0 8  0.009548710659146309
30 32 0 8  0.5986687541007996
30 33 0 8  0.614631712436676
30 34 0 8  0.9536084532737732
30 35 0 8  0.003986936528235674
30 36 0 8  0.004205623641610146
30 37 0 8  0.0038432918954640627
30 38 0 8  0.007209301460534334
30 39 0 8  0.050887659192085266
30 40 0 8  0.009591033682227135
30 41 0 8  0.02786705270409584
30 42 0 8  0.04867309331893921
30 43 0 8  0.03019103780388832
30 44 0 8  0.00957316905260086
30 45 0 8  0.0576057955622673
30 46 0 8  0.018285028636455536
30 47 0 8  0.004137991927564144
30 48 0 8  0.00906457006931305
30 49 0 8  0.017987899482250214
30 50 0 8  0.005057190079241991
30 51 0 8  0.004998784512281418
30 52 0 8  0.05845746025443077
30 53 0 8  0.010813215747475624
30 54 0 8  0.07974306493997574
30 55 0 8  0.011669952422380447
30 56 0 8  0.01254591066390276
31 33 0 8  0.5982933044433594
31 34 0 8  0.6240543127059937
31 35 0 8  0.9775640964508057
31 36 0 8  0.0225480105727911
31 37 0 8  0.007426009047776461
31 38 0 8  0.006375886499881744
31 39 0 8  0.02465558610856533
31 40 0 8  0.011911099776625633
31 41 0 8  0.021410183981060982
31 42 0 8  0.015270581468939781
31 43 0 8  0.00888044759631157
31 44 0 8  0.007139482535421848
31 45 0 8  0.004877375438809395
31 46 0 8  0.003944878466427326
31 47 0 8  0.0031216531060636044
31 48 0 8  0.005454106256365776
31 49 0 8  0.0030956417322158813
31 50 0 8  0.002548690652474761
31 51 0 8  0.0031540277414023876
31 52 0 8  0.00523344287648797
31 53 0 8  0.003195167751982808
31 54 0 8  0.026688970625400543
31 55 0 8  0.006105116568505764
31 56 0 8  0.013423064723610878
32 34 0 8  0.6026250720024109
32 35 0 8  0.6656872034072876
32 36 0 8  0.9808032512664795
32 37 0 8  0.08863839507102966
32 38 0 8  0.04517672210931778
32 39 0 8  0.05682625621557236
32 40 0 8  0.02010039985179901
32 41 0 8  0.15330757200717926
32 42 0 8  0.11185486614704132
32 43 0 8  0.014033712446689606
32 44 0 8  0.1964329332113266
32 45 0 8  0.46322810649871826
32 46 0 8  0.007296660449355841
32 47 0 8  0.005818955600261688
32 48 0 8  0.28822845220565796
32 49 0 8  0.05256615951657295
32 50 0 8  0.003520200029015541
32 51 0 8  0.0040941135957837105
32 52 0 8  0.013364875689148903
32 53 0 8  0.00532293738797307
32 54 0 8  0.019649019464850426
32 55 0 8  0.004282773472368717
32 56 0 8  0.008390435948967934
33 35 0 8  0.6010685563087463
33 36 0 8  0.7028645873069763
33 37 0 8  0.9735840559005737
33 38 0 8  0.1569651961326599
33 39 0 8  0.2366807460784912
33 40 0 8  0.030307695269584656
33 41 0 8  0.2762199640274048
33 42 0 8  0.5003766417503357
33 43 0 8  0.03089296445250511
33 44 0 8  0.04978403076529503
33 45 0 8  0.5980803966522217
33 46 0 8  0.020203744992613792
33 47 0 8  0.003233089344576001
33 48 0 8  0.026163704693317413
33 49 0 8  0.06905516982078552
33 50 0 8  0.0035110702738165855
33 51 0 8  0.0035672872327268124
33 52 0 8  0.014281727373600006
33 53 0 8  0.0032701785676181316
33 54 0 8  0.05450242757797241
33 55 0 8  0.004300200846046209
33 56 0 8  0.010127121582627296
34 36 0 8  0.6103854775428772
34 37 0 8  0.709583044052124
34 38 0 8  0.9876748323440552
34 39 0 8  0.15763969719409943
34 40 0 8  0.0521584078669548
34 41 0 8  0.23671633005142212
34 42 0 8  0.12070896476507187
34 43 0 8  0.04286698251962662
34 44 0 8  0.007573166862130165
34 45 0 8  0.01151270978152752
34 46 0 8  0.004863677080720663
34 47 0 8  0.002811857033520937
34 48 0 8  0.0031220579985529184
34 49 0 8  0.0030959448777139187
34 50 0 8  0.0028387196362018585
34 51 0 8  0.0028529069386422634
34 52 0 8  0.005490351002663374
34 53 0 8  0.003275511786341667
34 54 0 8  0.03045610710978508
34 55 0 8  0.01365724764764309
34 56 0 8  0.022500067949295044
35 37 0 8  0.6434358358383179
35 38 0 8  0.7195818424224854
35 39 0 8  0.944598376750946
35 40 0 8  0.05839017033576965
35 41 0 8  0.3944048583507538
35 42 0 8  0.06872791051864624
35 43 0 8  0.021454527974128723
35 44 0 8  0.03483066335320473
35 45 0 8  0.008957620710134506
35 46 0 8  0.0027065942995250225
35 47 0 8  0.002793845720589161
35 48 0 8  0.0030138413421809673
35 49 0 8  0.002506982535123825
35 50 0 8  0.00244159996509552
35 51 0 8  0.0027805569116026163
35 52 0 8  0.0028732442297041416
35 53 0 8  0.0027994776610285044
35 54 0 8  0.004690355621278286
35 55 0 8  0.0036377464421093464
35 56 0 8  0.008223825134336948
36 38 0 8  0.6589601635932922
36 39 0 8  0.7836614847183228
36 40 0 8  0.9936119318008423
36 41 0 8  0.6988726854324341
36 42 0 8  0.3145238161087036
36 43 0 8  0.045412227511405945
36 44 0 8  0.12729622423648834
36 45 0 8  0.10498819500207901
36 46 0 8  0.004581899847835302
36 47 0 8  0.00311168166808784
36 48 0 8  0.0037542697973549366
36 49 0 8  0.0031905551441013813
36 50 0 8  0.0026512981858104467
36 51 0 8  0.0029190832283347845
36 52 0 8  0.003277825191617012
36 53 0 8  0.0028989259153604507
36 54 0 8  0.004500189796090126
36 55 0 8  0.0034435573033988476
36 56 0 8  0.0064180763438344
37 39 0 8  0.658407986164093
37 40 0 8  0.8220338821411133
37 41 0 8  0.9893790483474731
37 42 0 8  0.12712088227272034
37 43 0 8  0.008005006238818169
37 44 0 8  0.008182717487215996
37 45 0 8  0.008330287411808968
37 46 0 8  0.003031839383766055
37 47 0 8  0.0027046757750213146
37 48 0 8  0.0029185269959270954
37 49 0 8  0.002647949382662773
37 50 0 8  0.0026487568393349648
37 51 0 8  0.0026906849816441536
37 52 0 8  0.003091189544647932
37 53 0 8  0.0030457680113613605
37 54 0 8  0.005011653993278742
37 55 0 8  0.004475570749491453
37 56 0 8  0.012934589758515358
38 40 0 8  0.6586820483207703
38 41 0 8  0.8060784935951233
38 42 0 8  0.9822200536727905
38 43 0 8  0.012092027813196182
38 44 0 8  0.007026946172118187
38 45 0 8  0.004652876872569323
38 46 0 8  0.0031694788485765457
38 47 0 8  0.0029795258305966854
38 48 0 8  0.002904357388615608
38 49 0 8  0.002767398487776518
38 50 0 8  0.0026418750640004873
38 51 0 8  0.002998296171426773
38 52 0 8  0.0035389759577810764
38 53 0 8  0.004048890434205532
38 54 0 8  0.007565651088953018
38 55 0 8  0.006221570540219545
38 56 0 8  0.012568962760269642
39 41 0 8  0.6484619379043579
39 42 0 8  0.8772045373916626
39 43 0 8  0.9634090662002563
39 44 0 8  0.108983114361763
39 45 0 8  0.035705164074897766
39 46 0 8  0.0041104573756456375
39 47 0 8  0.003910846076905727
39 48 0 8  0.004070557653903961
39 49 0 8  0.0038668317720294
39 50 0 8  0.0037683809641748667
39 51 0 8  0.003872033441439271
39 52 0 8  0.0074623688124120235
39 53 0 8  0.006643769331276417
39 54 0 8  0.02921406179666519
39 55 0 8  0.015420328825712204
39 56 0 8  0.023733055219054222
40 42 0 8  0.5974175333976746
40 43 0 8  0.6245787143707275
40 44 0 8  0.9396054744720459
40 45 0 8  0.009767627343535423
40 46 0 8  0.0035591358318924904
40 47 0 8  0.002997190924361348
40 48 0 8  0.003054877743124962
40 49 0 8  0.0032209069468080997
40 50 0 8  0.0034438585862517357
40 51 0 8  0.0040883817709982395
40 52 0 8  0.007190466858446598
40 53 0 8  0.006227821111679077
40 54 0 8  0.01619994267821312
40 55 0 8  0.015201697126030922
40 56 0 8  0.01638001948595047
41 43 0 8  0.5959898829460144
41 44 0 8  0.6689548492431641
41 45 0 8  0.9723649024963379
41 46 0 8  0.006900174077600241
41 47 0 8  0.0038547967560589314
41 48 0 8  0.0039983876049518585
41 49 0 8  0.005924836732447147
41 50 0 8  0.005415632855147123
41 51 0 8  0.005885378923267126
41 52 0 8  0.03276084363460541
41 53 0 8  0.014563294127583504
41 54 0 8  0.02697044610977173
41 55 0 8  0.014213502407073975
41 56 0 8  0.00784611888229847
42 44 0 8  0.5925995111465454
42 45 0 8  0.7544559240341187
42 46 0 8  0.9637419581413269
42 47 0 8  0.010669033043086529
42 48 0 8  0.00905541144311428
42 49 0 8  0.03096712753176689
42 50 0 8  0.016956254839897156
42 51 0 8  0.009377868846058846
42 52 0 8  0.044543683528900146
42 53 0 8  0.016889721155166626
42 54 0 8  0.026545945554971695
42 55 0 8  0.01253460068255663
42 56 0 8  0.0064774989150464535
43 45 0 8  0.5957615971565247
43 46 0 8  0.643883466720581
43 47 0 8  0.9712601900100708
43 48 0 8  0.04402239993214607
43 49 0 8  0.018911980092525482
43 50 0 8  0.030791299417614937
43 51 0 8  0.022645318880677223
43 52 0 8  0.07585711032152176
43 53 0 8  0.019867997616529465
43 54 0 8  0.0177207812666893
43 55 0 8  0.00737860007211566
43 56 0 8  0.005723630543798208
44 46 0 8  0.5961136221885681
44 47 0 8  0.6756361126899719
44 48 0 8  0.984982967376709
44 49 0 8  0.04615114629268646
44 50 0 8  0.021855324506759644
44 51 0 8  0.013034207746386528
44 52 0 8  0.029941512271761894
44 53 0 8  0.01032002829015255
44 54 0 8  0.010320299305021763
44 55 0 8  0.005950944498181343
44 56 0 8  0.004538874141871929
45 47 0 8  0.5971162915229797
45 48 0 8  0.7970860004425049
45 49 0 8  0.9818700551986694
45 50 0 8  0.06579415500164032
45 51 0 8  0.013215530663728714
45 52 0 8  0.04270700737833977
45 53 0 8  0.008129311725497246
45 54 0 8  0.010203170590102673
45 55 0 8  0.004000812768936157
45 56 0 8  0.0033275822643190622
46 48 0 8  0.5982507467269897
46 49 0 8  0.7495473623275757
46 50 0 8  0.9806573390960693
46 51 0 8  0.020967895165085793
46 52 0 8  0.02674953266978264
46 53 0 8  0.011143237352371216
46 54 0 8  0.0119107561185956
46 55 0 8  0.0054376688785851
46 56 0 8  0.004001231864094734
47 49 0 8  0.5981074571609497
47 50 0 8  0.7186144590377808
47 51 0 8  0.9619700908660889
47 52 0 8  0.021143324673175812
47 53 0 8  0.007378463167697191
47 54 0 8  0.007843192666769028
47 55 0 8  0.005295421928167343
47 56 0 8  0.004066956229507923
48 50 0 8  0.5974536538124084
48 51 0 8  0.675926923751831
48 52 0 8  0.9329311847686768
48 53 0 8  0.010900394059717655
48 54 0 8  0.009225545451045036
48 55 0 8  0.0045586563646793365
48 56 0 8  0.003312330227345228
49 51 0 8  0.5942789912223816
49 52 0 8  0.67259681224823
49 53 0 8  0.9526709318161011
49 54 0 8  0.016976838931441307
49 55 0 8  0.004764566197991371
49 56 0 8  0.0038795708678662777
50 52 0 8  0.5919948220252991
50 53 0 8  0.6186003684997559
50 54 0 8  0.9498287439346313
50 55 0 8  0.006740691140294075
50 56 0 8  0.0051428573206067085
51 53 0 8  0.5858913660049438
51 54 0 8  0.6182323694229126
51 55 0 8  0.9244235754013062
51 56 0 8  0.006013486534357071
52 54 0 8  0.5814158916473389
52 55 0 8  0.6113395094871521
52 56 0 8  0.915031909942627
53 55 0 8  0.583153486251831
53 56 0 8  0.6783483028411865
54 56 0 8  0.5942438840866089
