1   T C  73.0 -123.5  153.9  129.3  140.0  5.9 15.6 0.661 0.009 0.331
2   T E  65.7 -118.7  141.8  125.7 -149.2  9.7 17.3 0.317 0.007 0.676
3   Y E  43.7 -130.1  144.3  131.7 -171.1 17.1 15.4 0.083 0.003 0.914
4   K E  85.1 -116.0  134.4  123.0 -156.5  8.7 23.3 0.049 0.002 0.949
5   L E  13.6 -111.2  131.6  121.7 -159.0 22.9 18.2 0.042 0.002 0.956
6   I E  43.5 -112.5  125.9  119.0 -159.9 10.3 25.6 0.042 0.002 0.956
7   L E   9.6 -120.1  133.0  124.8 -170.9 23.8 17.3 0.097 0.005 0.897
8   N E  51.9  -93.8  113.4  110.3 -145.5  8.0 25.8 0.288 0.006 0.706
9   L H  16.1  -67.3  -31.3   95.1 -155.9 24.0 14.6 0.282 0.694 0.024
10  K H 123.6  -66.1  -35.5   93.2   58.7  5.1 19.5 0.248 0.742 0.010
11  Q H 118.2  -76.7  -27.1   93.8   46.3  2.4 20.6 0.321 0.666 0.013
12  A H  11.5  -86.3  -14.2   98.1   53.4 18.9 12.4 0.290 0.703 0.007
13  K H  88.4  -62.2  -40.4   94.8   88.4 13.9 16.5 0.050 0.950 0.000
14  E H 118.0  -64.9  -38.1   93.1   49.3  2.8 22.5 0.015 0.985 0.000
15  E H  89.3  -67.6  -38.8   93.2   50.5  5.7 21.1 0.007 0.993 0.000
16  A H   8.0  -66.5  -41.5   93.9   49.9 20.9 15.4 0.006 0.994 0.000
17  I H  43.6  -63.4  -40.7   93.3   52.5 15.6 19.4 0.005 0.995 0.000
18  K H 120.7  -66.0  -38.6   92.3   50.6  2.7 24.0 0.004 0.996 0.000
19  E H  63.5  -68.3  -38.7   93.7   49.0 10.0 20.6 0.005 0.995 0.000
20  L H  14.4  -66.2  -41.3   94.3   50.4 21.9 16.3 0.006 0.994 0.000
21  V H  68.1  -66.1  -38.7   93.8   52.0  9.9 20.9 0.009 0.991 0.000
22  D H  78.2  -69.4  -35.3   93.9   49.6  5.5 22.4 0.017 0.983 0.000
23  A H  23.8  -69.5  -37.0   95.6   52.5 16.6 17.4 0.023 0.977 0.000
24  G H  27.5  -65.9  -40.2   96.2   60.2  9.9 20.7 0.043 0.957 0.000
25  T H  42.2  -67.2  -38.9   94.6   51.9 10.5 21.4 0.022 0.978 0.000
26  A H  16.0  -65.1  -41.6   94.2   52.5 18.9 18.7 0.003 0.997 0.000
27  E H  79.9  -65.1  -39.4   93.7   52.4 10.3 22.0 0.002 0.998 0.000
28  K H  96.9  -66.2  -39.6   93.0   50.5  5.5 23.8 0.002 0.998 0.000
29  Y H  30.5  -66.4  -42.1   94.0   49.9 16.8 19.4 0.002 0.998 0.000
30  I H  29.3  -64.9  -40.8   93.8   51.0 18.2 19.2 0.002 0.998 0.000
31  K H 106.4  -65.9  -39.0   92.9   50.7  4.9 22.7 0.003 0.997 0.000
32  L H  60.3  -67.1  -39.6   93.2   50.0  8.2 20.9 0.009 0.991 0.000
33  I H  22.6  -67.7  -40.6   94.5   49.5 18.0 16.2 0.025 0.975 0.000
34  A H  40.9  -67.1  -35.3   94.0   52.1 12.8 17.4 0.118 0.882 0.000
35  N H  99.8  -81.8   -9.4   96.8   50.6  4.0 18.5 0.465 0.533 0.002
36  A C  46.7  -79.8   16.2  103.9   76.4 11.9 12.4 0.760 0.223 0.017
37  K C 118.8  -79.1   42.8  103.7 -145.0  7.6 16.2 0.905 0.078 0.017
38  T C  67.0  -99.7  106.3  112.0  124.2  8.8 17.0 0.838 0.044 0.118
39  V C  41.5 -100.5  127.9  116.8 -176.1 17.0 13.0 0.653 0.102 0.245
40  E C 116.8  -80.3  123.3  110.0 -140.5  6.0 19.8 0.656 0.146 0.198
41  G C  37.9   86.9   -6.0  103.5   20.5  7.4 17.8 0.612 0.171 0.217
42  V C  53.7  -98.7  129.6  115.4  117.5 12.2 16.9 0.505 0.242 0.253
43  W C  69.8 -105.3  133.4  118.0 -170.4 15.6 17.2 0.374 0.305 0.321
44  T H  46.0 -108.2  135.4  119.1 -162.8 11.2 22.2 0.351 0.388 0.261
45  L H  31.7  -78.5  -18.9  101.4 -146.5 20.4 15.9 0.293 0.632 0.075
46  K H  95.6  -68.8  -37.4   98.2   84.8 10.1 19.0 0.144 0.845 0.011
47  D H  89.3  -70.3  -30.4   96.2   49.9  4.3 19.4 0.105 0.882 0.013
48  E H  64.0  -73.9  -30.4   96.8   55.8 11.9 16.3 0.104 0.869 0.027
49  I H  41.8  -84.4   -8.4  102.9   60.0 17.4 13.4 0.215 0.701 0.083
50  K H 112.1  -75.3  -26.4   98.7   75.4  7.7 17.7 0.426 0.473 0.101
51  T C  86.6 -103.5   50.1  110.0   50.8  3.7 18.8 0.557 0.297 0.146
52  F C  38.0 -103.7  137.7  121.6  165.0 20.2  9.5 0.737 0.052 0.211
53  T C  83.0 -111.0  132.6  120.5 -155.2  4.0 21.5 0.637 0.016 0.348
54  V C  59.1  -93.2  128.9  115.6 -141.2 15.9 12.0 0.689 0.011 0.300
55  T C  86.3 -110.9  142.5  118.7 -173.7  4.8 14.3 0.889 0.005 0.106
56  E C 145.2  -87.8  124.7  110.9 -128.1  5.5  9.9 0.988 0.002 0.010
