12 23 0.846 0.031 0.469 0.347 0.100 0.027 0.009 0.004 0.002 0.001 0.011
12 18 0.784 0.010 0.315 0.459 0.160 0.035 0.008 0.002 0.001 0.001 0.010
12 26 0.779 0.024 0.367 0.388 0.143 0.036 0.012 0.005 0.003 0.002 0.019
8 30 0.742 0.052 0.424 0.266 0.108 0.044 0.023 0.015 0.013 0.011 0.044
18 26 0.711 0.000 0.071 0.640 0.257 0.019 0.002 0.000 0.000 0.000 0.010
12 27 0.697 0.009 0.257 0.431 0.187 0.057 0.019 0.010 0.006 0.004 0.019
9 27 0.653 0.012 0.284 0.358 0.166 0.075 0.033 0.019 0.014 0.010 0.031
13 23 0.592 0.005 0.180 0.407 0.258 0.096 0.027 0.010 0.004 0.002 0.012
8 27 0.520 0.015 0.213 0.292 0.255 0.102 0.040 0.021 0.015 0.011 0.035
5 30 0.488 0.019 0.234 0.234 0.169 0.095 0.055 0.038 0.030 0.023 0.102
15 23 0.470 0.001 0.060 0.409 0.430 0.079 0.009 0.001 0.001 0.000 0.010
5 31 0.432 0.011 0.188 0.233 0.159 0.095 0.059 0.044 0.037 0.031 0.142
12 30 0.419 0.004 0.101 0.314 0.291 0.146 0.058 0.027 0.014 0.010 0.034
9 30 0.400 0.006 0.125 0.270 0.295 0.138 0.054 0.030 0.020 0.015 0.049
5 34 0.344 0.024 0.175 0.145 0.133 0.102 0.077 0.059 0.048 0.040 0.196
15 26 0.330 0.001 0.042 0.288 0.415 0.182 0.043 0.009 0.002 0.001 0.018
5 27 0.278 0.006 0.109 0.162 0.198 0.168 0.110 0.074 0.049 0.033 0.090
9 23 0.277 0.003 0.073 0.201 0.359 0.227 0.072 0.027 0.012 0.006 0.021
15 22 0.258 0.000 0.017 0.241 0.582 0.127 0.018 0.003 0.001 0.000 0.011
8 26 0.258 0.003 0.061 0.193 0.365 0.203 0.080 0.034 0.016 0.010 0.034
8 31 0.228 0.002 0.051 0.174 0.348 0.184 0.069 0.037 0.027 0.022 0.086
8 34 0.225 0.009 0.083 0.132 0.179 0.152 0.109 0.075 0.053 0.041 0.166
4 34 0.225 0.010 0.092 0.123 0.153 0.118 0.087 0.069 0.058 0.049 0.241
12 22 0.157 0.001 0.019 0.137 0.511 0.239 0.054 0.016 0.006 0.003 0.014
4 30 0.142 0.003 0.038 0.101 0.247 0.208 0.119 0.072 0.047 0.033 0.133
9 31 0.141 0.001 0.025 0.115 0.283 0.248 0.126 0.063 0.037 0.025 0.078
5 33 0.137 0.002 0.035 0.101 0.235 0.182 0.103 0.065 0.050 0.041 0.186
9 26 0.133 0.001 0.021 0.112 0.424 0.266 0.088 0.034 0.016 0.010 0.028
11 30 0.130 0.001 0.022 0.107 0.321 0.295 0.120 0.047 0.024 0.016 0.048
2 34 0.126 0.004 0.044 0.077 0.120 0.113 0.096 0.080 0.068 0.057 0.340
13 20 0.126 0.001 0.022 0.103 0.254 0.292 0.186 0.089 0.029 0.009 0.016
8 33 0.120 0.002 0.026 0.092 0.239 0.220 0.131 0.073 0.047 0.035 0.136
11 26 0.115 0.001 0.018 0.096 0.372 0.328 0.117 0.032 0.011 0.005 0.021
13 27 0.113 0.000 0.014 0.098 0.324 0.337 0.139 0.047 0.017 0.007 0.017
1 34 0.100 0.004 0.038 0.059 0.087 0.097 0.091 0.082 0.071 0.061 0.410
3 34 0.090 0.003 0.029 0.058 0.129 0.137 0.107 0.082 0.068 0.058 0.328
8 29 0.088 0.002 0.020 0.066 0.315 0.290 0.131 0.057 0.032 0.022 0.065
4 31 0.076 0.001 0.018 0.057 0.190 0.220 0.139 0.086 0.058 0.041 0.189
2 31 0.071 0.001 0.019 0.051 0.112 0.143 0.129 0.107 0.084 0.065 0.288
4 33 0.070 0.002 0.019 0.049 0.154 0.188 0.151 0.101 0.068 0.049 0.217
9 24 0.068 0.000 0.009 0.059 0.211 0.315 0.216 0.098 0.041 0.018 0.033
12 24 0.068 0.000 0.007 0.061 0.436 0.358 0.083 0.023 0.009 0.005 0.017
13 26 0.064 0.000 0.009 0.054 0.337 0.398 0.135 0.035 0.010 0.004 0.016
11 18 0.063 0.000 0.006 0.057 0.421 0.398 0.088 0.015 0.003 0.001 0.011
7 30 0.058 0.001 0.010 0.048 0.291 0.324 0.132 0.055 0.031 0.023 0.086
6 30 0.056 0.001 0.011 0.045 0.236 0.306 0.155 0.074 0.043 0.028 0.102
6 34 0.055 0.001 0.013 0.040 0.143 0.175 0.139 0.102 0.077 0.060 0.250
6 27 0.054 0.000 0.008 0.046 0.195 0.284 0.195 0.106 0.058 0.033 0.074
8 23 0.054 0.000 0.008 0.046 0.239 0.379 0.204 0.069 0.023 0.009 0.023
11 27 0.050 0.000 0.008 0.042 0.319 0.415 0.132 0.037 0.015 0.008 0.023
1 31 0.049 0.001 0.013 0.035 0.079 0.119 0.117 0.106 0.088 0.072 0.371
7 34 0.047 0.001 0.012 0.035 0.123 0.181 0.157 0.111 0.081 0.062 0.238
6 31 0.047 0.000 0.008 0.038 0.163 0.243 0.178 0.111 0.068 0.042 0.149
9 34 0.046 0.001 0.009 0.036 0.124 0.176 0.169 0.133 0.094 0.063 0.195
2 30 0.045 0.001 0.011 0.033 0.106 0.168 0.172 0.136 0.093 0.064 0.216
2 8 0.043 0.001 0.013 0.030 0.406 0.317 0.048 0.027 0.012 0.015 0.132
1 7 0.043 0.001 0.013 0.029 0.154 0.365 0.140 0.052 0.026 0.021 0.199
2 33 0.042 0.001 0.013 0.028 0.074 0.116 0.139 0.125 0.096 0.072 0.337
5 28 0.042 0.000 0.007 0.035 0.157 0.229 0.171 0.111 0.078 0.056 0.156
1 33 0.042 0.001 0.013 0.028 0.063 0.093 0.108 0.107 0.092 0.076 0.420
18 25 0.041 0.000 0.002 0.040 0.675 0.257 0.014 0.001 0.000 0.000 0.011
11 23 0.040 0.000 0.005 0.035 0.332 0.453 0.122 0.026 0.009 0.004 0.014
12 20 0.040 0.000 0.005 0.034 0.247 0.412 0.212 0.057 0.014 0.005 0.014
5 32 0.034 0.000 0.007 0.027 0.176 0.264 0.140 0.075 0.055 0.044 0.213
13 19 0.034 0.000 0.005 0.029 0.161 0.371 0.281 0.110 0.023 0.005 0.015
28 34 0.033 0.001 0.009 0.024 0.080 0.506 0.157 0.058 0.019 0.014 0.132
1 30 0.033 0.001 0.009 0.024 0.067 0.120 0.144 0.136 0.108 0.080 0.312
5 29 0.033 0.000 0.007 0.025 0.160 0.262 0.173 0.103 0.070 0.049 0.150
1 9 0.030 0.000 0.005 0.025 0.090 0.199 0.295 0.120 0.051 0.024 0.191
4 27 0.027 0.000 0.005 0.021 0.107 0.182 0.202 0.162 0.105 0.067 0.149
3 30 0.026 0.000 0.006 0.019 0.085 0.197 0.222 0.146 0.087 0.056 0.181
14 23 0.026 0.000 0.003 0.023 0.305 0.515 0.121 0.017 0.004 0.002 0.010
12 29 0.026 0.000 0.002 0.023 0.252 0.401 0.184 0.063 0.026 0.014 0.035
3 31 0.025 0.000 0.007 0.018 0.066 0.157 0.197 0.146 0.093 0.064 0.251
10 27 0.025 0.000 0.004 0.021 0.220 0.431 0.191 0.061 0.027 0.014 0.031
10 23 0.023 0.000 0.003 0.020 0.177 0.432 0.262 0.064 0.018 0.007 0.017
3 33 0.023 0.001 0.007 0.016 0.057 0.107 0.162 0.162 0.117 0.077 0.294
1 8 0.023 0.001 0.006 0.016 0.125 0.331 0.204 0.090 0.027 0.017 0.184
5 26 0.023 0.000 0.004 0.019 0.126 0.228 0.222 0.160 0.091 0.051 0.100
8 28 0.022 0.000 0.003 0.018 0.192 0.376 0.211 0.078 0.038 0.023 0.060
27 34 0.021 0.000 0.005 0.015 0.090 0.473 0.166 0.081 0.033 0.014 0.123
12 19 0.020 0.000 0.003 0.017 0.165 0.490 0.250 0.049 0.010 0.003 0.012
1 32 0.018 0.000 0.005 0.013 0.038 0.080 0.110 0.117 0.105 0.087 0.446
9 28 0.018 0.000 0.002 0.016 0.172 0.369 0.222 0.095 0.044 0.023 0.057
9 20 0.018 0.000 0.002 0.016 0.086 0.222 0.306 0.225 0.090 0.029 0.024
7 27 0.017 0.000 0.003 0.014 0.140 0.347 0.264 0.103 0.045 0.025 0.058
13 22 0.017 0.000 0.003 0.014 0.178 0.427 0.262 0.080 0.019 0.005 0.012
2 32 0.016 0.000 0.004 0.012 0.040 0.085 0.136 0.145 0.119 0.089 0.369
12 25 0.016 0.000 0.002 0.015 0.280 0.488 0.147 0.032 0.012 0.006 0.019
12 31 0.016 0.000 0.002 0.014 0.144 0.344 0.249 0.117 0.053 0.027 0.051
13 24 0.016 0.000 0.002 0.014 0.147 0.364 0.284 0.124 0.039 0.011 0.015
3 9 0.016 0.000 0.004 0.011 0.106 0.665 0.070 0.029 0.011 0.014 0.089
10 30 0.015 0.000 0.002 0.013 0.153 0.389 0.234 0.086 0.040 0.025 0.057
17 23 0.014 0.000 0.002 0.012 0.364 0.549 0.051 0.005 0.002 0.001 0.013
4 32 0.014 0.000 0.004 0.010 0.046 0.129 0.226 0.177 0.099 0.062 0.247
7 33 0.014 0.000 0.003 0.010 0.049 0.123 0.224 0.213 0.129 0.072 0.177
8 32 0.013 0.000 0.002 0.011 0.096 0.295 0.258 0.109 0.056 0.039 0.134
2 27 0.013 0.000 0.003 0.010 0.044 0.094 0.135 0.154 0.137 0.111 0.312
2 9 0.013 0.000 0.002 0.010 0.186 0.491 0.108 0.051 0.017 0.011 0.124
7 31 0.012 0.000 0.002 0.010 0.068 0.231 0.298 0.159 0.071 0.038 0.122
15 27 0.012 0.000 0.001 0.011 0.148 0.462 0.275 0.068 0.015 0.004 0.016
4 10 0.011 0.000 0.003 0.008 0.103 0.736 0.054 0.025 0.008 0.012 0.052
1 27 0.011 0.000 0.003 0.008 0.028 0.064 0.102 0.134 0.138 0.122 0.400
4 29 0.010 0.000 0.003 0.008 0.041 0.112 0.222 0.213 0.129 0.077 0.195
5 11 0.010 0.000 0.003 0.008 0.087 0.799 0.037 0.017 0.005 0.008 0.036
6 33 0.010 0.000 0.003 0.007 0.038 0.107 0.220 0.222 0.131 0.071 0.199
13 30 0.010 0.000 0.001 0.009 0.092 0.326 0.294 0.151 0.065 0.028 0.035
26 34 0.010 0.000 0.002 0.008 0.037 0.157 0.431 0.173 0.057 0.022 0.113
15 30 0.010 0.000 0.001 0.009 0.084 0.302 0.321 0.165 0.063 0.023 0.033
18 27 0.010 0.000 0.000 0.009 0.284 0.608 0.082 0.005 0.000 0.000 0.010
27 33 0.010 0.000 0.002 0.008 0.049 0.717 0.114 0.036 0.010 0.007 0.058
19 25 0.010 0.000 0.001 0.008 0.770 0.197 0.006 0.002 0.001 0.002 0.012
9 33 0.010 0.000 0.002 0.008 0.055 0.170 0.251 0.197 0.112 0.065 0.141
9 29 0.009 0.000 0.002 0.008 0.099 0.337 0.302 0.120 0.049 0.025 0.059
12 34 0.009 0.000 0.002 0.007 0.032 0.094 0.175 0.195 0.162 0.114 0.219
5 24 0.009 0.000 0.001 0.007 0.038 0.100 0.177 0.220 0.172 0.113 0.172
9 18 0.008 0.000 0.001 0.007 0.126 0.471 0.297 0.073 0.012 0.003 0.010
5 23 0.008 0.000 0.001 0.007 0.042 0.120 0.222 0.264 0.165 0.081 0.098
16 23 0.008 0.000 0.001 0.007 0.116 0.574 0.263 0.025 0.003 0.001 0.011
8 24 0.008 0.000 0.001 0.007 0.067 0.238 0.335 0.207 0.077 0.030 0.038
11 34 0.008 0.000 0.002 0.006 0.027 0.079 0.159 0.189 0.166 0.123 0.249
12 28 0.007 0.000 0.001 0.006 0.137 0.465 0.243 0.068 0.028 0.016 0.035
1 10 0.007 0.000 0.002 0.005 0.026 0.077 0.200 0.340 0.114 0.044 0.192
3 32 0.007 0.000 0.002 0.005 0.020 0.044 0.101 0.182 0.190 0.120 0.336
14 26 0.007 0.000 0.001 0.006 0.083 0.395 0.376 0.096 0.019 0.005 0.019
1 29 0.007 0.000 0.002 0.005 0.019 0.046 0.093 0.139 0.144 0.125 0.427
26 33 0.007 0.000 0.001 0.005 0.070 0.643 0.143 0.053 0.019 0.007 0.058
3 10 0.007 0.000 0.001 0.005 0.110 0.624 0.098 0.049 0.016 0.010 0.086
26 32 0.007 0.000 0.001 0.005 0.047 0.780 0.083 0.029 0.007 0.007 0.041
18 24 0.007 0.000 0.000 0.006 0.581 0.390 0.010 0.001 0.001 0.001 0.009
1 28 0.006 0.000 0.002 0.005 0.016 0.041 0.080 0.123 0.136 0.127 0.471
10 26 0.006 0.000 0.001 0.005 0.060 0.334 0.405 0.129 0.032 0.012 0.022
4 11 0.006 0.000 0.001 0.005 0.126 0.696 0.067 0.031 0.011 0.007 0.055
2 29 0.006 0.000 0.002 0.004 0.020 0.052 0.110 0.168 0.166 0.130 0.348
3 27 0.006 0.000 0.001 0.004 0.024 0.089 0.167 0.187 0.156 0.115 0.257
5 12 0.006 0.000 0.001 0.005 0.121 0.755 0.047 0.022 0.008 0.005 0.037
16 22 0.005 0.000 0.001 0.005 0.124 0.648 0.196 0.013 0.002 0.001 0.010
25 32 0.005 0.000 0.001 0.004 0.083 0.730 0.091 0.034 0.012 0.005 0.041
24 31 0.005 0.000 0.001 0.004 0.102 0.793 0.048 0.018 0.006 0.003 0.025
3 11 0.005 0.000 0.001 0.004 0.019 0.133 0.633 0.089 0.026 0.012 0.083
4 28 0.005 0.000 0.001 0.004 0.022 0.074 0.180 0.227 0.165 0.103 0.224
2 10 0.005 0.000 0.001 0.004 0.018 0.122 0.554 0.131 0.040 0.016 0.115
7 26 0.005 0.000 0.001 0.004 0.032 0.164 0.370 0.259 0.089 0.032 0.049
2 28 0.005 0.000 0.001 0.003 0.017 0.049 0.101 0.151 0.154 0.133 0.390
10 34 0.004 0.000 0.001 0.003 0.017 0.061 0.151 0.190 0.172 0.132 0.273
6 12 0.004 0.000 0.001 0.003 0.045 0.848 0.045 0.018 0.005 0.007 0.026
25 31 0.004 0.000 0.001 0.003 0.036 0.850 0.060 0.018 0.004 0.004 0.023
11 29 0.004 0.000 0.001 0.004 0.039 0.161 0.336 0.274 0.107 0.036 0.043
22 28 0.004 0.000 0.001 0.003 0.056 0.889 0.026 0.008 0.002 0.003 0.012
9 22 0.004 0.000 0.001 0.003 0.038 0.180 0.379 0.273 0.081 0.022 0.022
7 29 0.004 0.000 0.001 0.003 0.019 0.059 0.209 0.344 0.193 0.073 0.099
8 15 0.004 0.000 0.000 0.003 0.106 0.707 0.144 0.019 0.005 0.002 0.013
25 33 0.004 0.000 0.001 0.003 0.017 0.136 0.586 0.145 0.036 0.012 0.064
4 26 0.004 0.000 0.001 0.003 0.019 0.072 0.184 0.240 0.186 0.116 0.178
24 30 0.004 0.000 0.001 0.003 0.039 0.889 0.036 0.011 0.003 0.003 0.016
11 22 0.004 0.000 0.001 0.003 0.033 0.175 0.446 0.266 0.052 0.010 0.015
3 29 0.004 0.000 0.001 0.002 0.013 0.031 0.082 0.172 0.218 0.162 0.319
17 26 0.003 0.000 0.000 0.003 0.061 0.463 0.399 0.058 0.006 0.001 0.009
8 18 0.003 0.000 0.000 0.003 0.049 0.341 0.413 0.148 0.028 0.005 0.013
12 21 0.003 0.000 0.001 0.003 0.041 0.308 0.451 0.142 0.030 0.009 0.015
25 34 0.003 0.000 0.001 0.002 0.009 0.031 0.098 0.493 0.198 0.045 0.123
23 30 0.003 0.000 0.000 0.003 0.091 0.832 0.041 0.012 0.004 0.001 0.016
23 29 0.003 0.000 0.001 0.003 0.044 0.895 0.031 0.009 0.002 0.003 0.014
7 13 0.003 0.000 0.001 0.003 0.031 0.857 0.062 0.019 0.005 0.005 0.019
20 26 0.003 0.000 0.001 0.003 0.051 0.868 0.028 0.005 0.001 0.001 0.042
9 15 0.003 0.000 0.000 0.003 0.047 0.808 0.117 0.011 0.002 0.001 0.011
6 13 0.003 0.000 0.001 0.003 0.075 0.783 0.073 0.026 0.009 0.004 0.026
8 25 0.003 0.000 0.001 0.002 0.033 0.196 0.364 0.228 0.094 0.037 0.045
6 29 0.003 0.000 0.001 0.002 0.013 0.042 0.170 0.330 0.208 0.088 0.145
1 11 0.003 0.000 0.001 0.002 0.008 0.023 0.075 0.329 0.275 0.092 0.196
11 31 0.003 0.000 0.000 0.002 0.026 0.137 0.322 0.275 0.119 0.051 0.068
6 26 0.003 0.000 0.001 0.002 0.018 0.096 0.295 0.313 0.147 0.058 0.071
7 14 0.003 0.000 0.000 0.002 0.078 0.751 0.113 0.026 0.007 0.003 0.019
14 20 0.003 0.000 0.000 0.002 0.020 0.100 0.317 0.376 0.141 0.026 0.018
11 33 0.003 0.000 0.000 0.002 0.014 0.065 0.184 0.242 0.196 0.122 0.173
6 32 0.003 0.000 0.001 0.002 0.012 0.039 0.141 0.271 0.200 0.098 0.236
9 32 0.003 0.000 0.000 0.002 0.020 0.113 0.282 0.246 0.130 0.068 0.138
20 27 0.003 0.000 0.000 0.002 0.143 0.798 0.033 0.009 0.002 0.001 0.012
6 23 0.003 0.000 0.000 0.002 0.017 0.083 0.224 0.331 0.198 0.077 0.068
12 33 0.003 0.000 0.000 0.002 0.018 0.101 0.255 0.252 0.161 0.087 0.123
1 26 0.003 0.000 0.001 0.002 0.007 0.020 0.049 0.099 0.142 0.157 0.523
8 14 0.002 0.000 0.000 0.002 0.036 0.855 0.075 0.013 0.003 0.002 0.013
8 22 0.002 0.000 0.000 0.002 0.020 0.106 0.320 0.337 0.142 0.043 0.031
10 18 0.002 0.000 0.000 0.002 0.045 0.407 0.431 0.090 0.012 0.003 0.009
10 31 0.002 0.000 0.000 0.002 0.018 0.104 0.294 0.290 0.139 0.062 0.092
4 12 0.002 0.000 0.000 0.002 0.010 0.121 0.712 0.074 0.019 0.008 0.053
21 27 0.002 0.000 0.001 0.002 0.028 0.903 0.044 0.009 0.002 0.002 0.010
22 29 0.002 0.000 0.000 0.002 0.082 0.842 0.044 0.011 0.003 0.001 0.013
5 13 0.002 0.000 0.000 0.002 0.011 0.145 0.716 0.068 0.016 0.006 0.035
3 28 0.002 0.000 0.001 0.002 0.008 0.021 0.065 0.155 0.206 0.171 0.371
10 20 0.002 0.000 0.000 0.002 0.013 0.065 0.189 0.333 0.266 0.098 0.034
6 28 0.002 0.000 0.000 0.002 0.014 0.060 0.196 0.289 0.198 0.096 0.145
9 25 0.002 0.000 0.000 0.002 0.028 0.209 0.397 0.214 0.079 0.030 0.040
7 32 0.002 0.000 0.001 0.001 0.008 0.025 0.097 0.272 0.273 0.121 0.201
1 13 0.002 0.000 0.000 0.001 0.003 0.009 0.036 0.094 0.207 0.340 0.311
24 32 0.002 0.000 0.000 0.002 0.011 0.140 0.697 0.081 0.019 0.007 0.043
2 11 0.002 0.000 0.001 0.001 0.010 0.025 0.183 0.549 0.081 0.027 0.122
1 12 0.002 0.000 0.001 0.001 0.004 0.017 0.056 0.204 0.358 0.151 0.208
14 22 0.002 0.000 0.000 0.001 0.022 0.207 0.540 0.191 0.025 0.004 0.009
14 27 0.002 0.000 0.000 0.001 0.020 0.186 0.471 0.238 0.054 0.014 0.015
11 17 0.002 0.000 0.000 0.001 0.022 0.199 0.548 0.191 0.019 0.005 0.015
15 25 0.002 0.000 0.000 0.002 0.039 0.296 0.484 0.145 0.020 0.003 0.011
2 26 0.002 0.000 0.000 0.001 0.006 0.021 0.063 0.133 0.177 0.175 0.424
19 26 0.002 0.000 0.000 0.001 0.203 0.752 0.026 0.003 0.001 0.000 0.013
23 31 0.001 0.000 0.000 0.001 0.009 0.162 0.745 0.048 0.010 0.003 0.022
13 21 0.001 0.000 0.000 0.001 0.017 0.125 0.345 0.316 0.138 0.037 0.021
15 29 0.001 0.000 0.000 0.001 0.017 0.146 0.371 0.295 0.112 0.029 0.027
16 26 0.001 0.000 0.000 0.001 0.016 0.173 0.483 0.255 0.042 0.006 0.024
1 24 0.001 0.000 0.000 0.001 0.004 0.010 0.024 0.050 0.081 0.113 0.717
21 28 0.001 0.000 0.000 0.001 0.054 0.848 0.063 0.017 0.004 0.002 0.011
14 30 0.001 0.000 0.000 0.001 0.012 0.105 0.341 0.311 0.138 0.050 0.041
6 14 0.001 0.000 0.000 0.001 0.010 0.160 0.677 0.103 0.020 0.006 0.023
24 34 0.001 0.000 0.000 0.001 0.003 0.013 0.033 0.311 0.393 0.105 0.141
3 26 0.001 0.000 0.000 0.001 0.005 0.017 0.062 0.153 0.210 0.196 0.356
5 25 0.001 0.000 0.000 0.001 0.009 0.056 0.165 0.229 0.197 0.137 0.206
13 25 0.001 0.000 0.000 0.001 0.015 0.116 0.396 0.329 0.101 0.023 0.018
6 24 0.001 0.000 0.000 0.001 0.008 0.039 0.123 0.233 0.256 0.170 0.170
7 23 0.001 0.000 0.000 0.001 0.009 0.071 0.276 0.383 0.168 0.050 0.043
13 34 0.001 0.000 0.000 0.001 0.003 0.011 0.043 0.121 0.200 0.217 0.405
1 23 0.001 0.000 0.000 0.001 0.003 0.007 0.018 0.045 0.088 0.131 0.708
13 31 0.001 0.000 0.000 0.001 0.007 0.047 0.202 0.319 0.220 0.111 0.093
10 24 0.001 0.000 0.000 0.001 0.010 0.059 0.241 0.377 0.218 0.060 0.034
1 14 0.001 0.000 0.000 0.001 0.002 0.005 0.011 0.036 0.087 0.208 0.650
11 24 0.001 0.000 0.000 0.001 0.009 0.058 0.334 0.433 0.121 0.023 0.020
4 23 0.001 0.000 0.000 0.001 0.004 0.019 0.073 0.176 0.250 0.227 0.249
2 12 0.001 0.000 0.000 0.001 0.004 0.015 0.079 0.514 0.226 0.048 0.113
1 25 0.001 0.000 0.000 0.001 0.003 0.007 0.019 0.044 0.080 0.119 0.727
3 12 0.001 0.000 0.000 0.001 0.004 0.016 0.081 0.687 0.098 0.024 0.089
7 28 0.001 0.000 0.000 0.001 0.006 0.024 0.140 0.361 0.264 0.092 0.112
11 25 0.001 0.000 0.000 0.001 0.009 0.050 0.254 0.437 0.191 0.035 0.023
22 30 0.001 0.000 0.000 0.001 0.005 0.114 0.802 0.055 0.007 0.002 0.014
10 33 0.001 0.000 0.000 0.001 0.004 0.020 0.089 0.214 0.256 0.181 0.235
4 24 0.001 0.000 0.000 0.001 0.004 0.013 0.048 0.124 0.195 0.225 0.389
9 21 0.001 0.000 0.000 0.001 0.007 0.048 0.193 0.341 0.263 0.102 0.045
15 24 0.001 0.000 0.000 0.001 0.015 0.192 0.565 0.194 0.021 0.003 0.009
8 20 0.001 0.000 0.000 0.001 0.006 0.032 0.151 0.337 0.306 0.123 0.045
15 34 0.001 0.000 0.000 0.000 0.001 0.004 0.018 0.065 0.164 0.246 0.501
11 20 0.001 0.000 0.000 0.001 0.006 0.033 0.186 0.424 0.268 0.061 0.022
2 24 0.001 0.000 0.000 0.001 0.003 0.009 0.027 0.064 0.106 0.143 0.648
12 32 0.001 0.000 0.000 0.001 0.005 0.048 0.248 0.310 0.184 0.093 0.111
13 28 0.001 0.000 0.000 0.001 0.007 0.053 0.242 0.382 0.209 0.066 0.039
11 28 0.001 0.000 0.000 0.000 0.006 0.038 0.234 0.426 0.201 0.051 0.044
23 34 0.001 0.000 0.000 0.000 0.002 0.007 0.028 0.170 0.447 0.172 0.174
2 23 0.001 0.000 0.000 0.000 0.002 0.007 0.024 0.068 0.126 0.171 0.602
7 15 0.001 0.000 0.000 0.001 0.006 0.133 0.605 0.210 0.024 0.005 0.016
1 15 0.001 0.000 0.000 0.000 0.001 0.002 0.007 0.017 0.043 0.112 0.817
10 22 0.001 0.000 0.000 0.000 0.004 0.024 0.177 0.477 0.249 0.048 0.021
10 16 0.001 0.000 0.000 0.000 0.006 0.082 0.554 0.309 0.027 0.006 0.016
4 13 0.001 0.000 0.000 0.000 0.002 0.009 0.061 0.746 0.100 0.022 0.059
18 30 0.001 0.000 0.000 0.000 0.008 0.168 0.570 0.212 0.024 0.002 0.015
24 33 0.001 0.000 0.000 0.000 0.003 0.012 0.060 0.674 0.157 0.026 0.066
3 23 0.001 0.000 0.000 0.000 0.002 0.007 0.026 0.084 0.162 0.219 0.500
15 21 0.001 0.000 0.000 0.000 0.010 0.157 0.601 0.199 0.019 0.003 0.011
11 19 0.001 0.000 0.000 0.000 0.005 0.025 0.176 0.513 0.232 0.034 0.016
3 13 0.001 0.000 0.000 0.000 0.001 0.007 0.026 0.459 0.353 0.065 0.089
14 34 0.000 0.000 0.000 0.000 0.001 0.003 0.012 0.045 0.129 0.229 0.579
20 28 0.000 0.000 0.000 0.000 0.005 0.147 0.785 0.043 0.008 0.002 0.010
18 34 0.000 0.000 0.000 0.000 0.000 0.001 0.006 0.029 0.121 0.287 0.556
13 29 0.000 0.000 0.000 0.000 0.004 0.034 0.212 0.390 0.233 0.081 0.045
9 19 0.000 0.000 0.000 0.000 0.005 0.044 0.205 0.402 0.256 0.064 0.024
4 25 0.000 0.000 0.000 0.000 0.002 0.008 0.033 0.108 0.203 0.232 0.414
22 34 0.000 0.000 0.000 0.000 0.001 0.002 0.011 0.038 0.155 0.483 0.309
21 29 0.000 0.000 0.000 0.000 0.003 0.066 0.816 0.089 0.011 0.003 0.011
10 29 0.000 0.000 0.000 0.000 0.004 0.019 0.130 0.391 0.295 0.090 0.071
1 20 0.000 0.000 0.000 0.000 0.001 0.002 0.005 0.011 0.025 0.051 0.905
2 14 0.000 0.000 0.000 0.000 0.001 0.002 0.013 0.042 0.177 0.502 0.261
2 13 0.000 0.000 0.000 0.000 0.001 0.006 0.026 0.192 0.500 0.142 0.132
2 25 0.000 0.000 0.000 0.000 0.002 0.005 0.017 0.048 0.098 0.148 0.682
5 20 0.000 0.000 0.000 0.000 0.002 0.008 0.037 0.114 0.196 0.244 0.400
1 18 0.000 0.000 0.000 0.000 0.001 0.001 0.004 0.010 0.026 0.059 0.899
3 24 0.000 0.000 0.000 0.000 0.001 0.005 0.019 0.058 0.119 0.177 0.620
10 28 0.000 0.000 0.000 0.000 0.003 0.016 0.111 0.396 0.311 0.092 0.072
5 18 0.000 0.000 0.000 0.000 0.001 0.007 0.052 0.224 0.334 0.232 0.149
5 14 0.000 0.000 0.000 0.000 0.002 0.010 0.070 0.755 0.111 0.017 0.035
11 32 0.000 0.000 0.000 0.000 0.002 0.011 0.067 0.211 0.311 0.206 0.192
17 25 0.000 0.000 0.000 0.000 0.007 0.068 0.501 0.383 0.030 0.002 0.009
5 22 0.000 0.000 0.000 0.000 0.002 0.010 0.050 0.158 0.256 0.246 0.279
1 22 0.000 0.000 0.000 0.000 0.001 0.002 0.005 0.012 0.029 0.061 0.889
4 14 0.000 0.000 0.000 0.000 0.001 0.004 0.018 0.455 0.412 0.057 0.052
15 33 0.000 0.000 0.000 0.000 0.001 0.004 0.029 0.120 0.264 0.286 0.297
8 21 0.000 0.000 0.000 0.000 0.002 0.008 0.057 0.231 0.360 0.242 0.099
3 14 0.000 0.000 0.000 0.000 0.001 0.004 0.018 0.162 0.546 0.166 0.103
1 16 0.000 0.000 0.000 0.000 0.000 0.001 0.002 0.005 0.014 0.036 0.941
3 25 0.000 0.000 0.000 0.000 0.001 0.003 0.010 0.034 0.096 0.175 0.682
7 24 0.000 0.000 0.000 0.000 0.002 0.011 0.067 0.222 0.337 0.221 0.140
6 20 0.000 0.000 0.000 0.000 0.001 0.007 0.036 0.116 0.207 0.266 0.367
1 21 0.000 0.000 0.000 0.000 0.001 0.001 0.003 0.007 0.016 0.036 0.936
4 18 0.000 0.000 0.000 0.000 0.000 0.002 0.010 0.047 0.161 0.301 0.479
7 25 0.000 0.000 0.000 0.000 0.001 0.004 0.023 0.130 0.368 0.306 0.167
7 18 0.000 0.000 0.000 0.000 0.001 0.010 0.121 0.457 0.311 0.074 0.026
11 21 0.000 0.000 0.000 0.000 0.001 0.005 0.031 0.202 0.486 0.232 0.043
10 19 0.000 0.000 0.000 0.000 0.002 0.011 0.058 0.299 0.452 0.145 0.033
7 22 0.000 0.000 0.000 0.000 0.001 0.003 0.021 0.118 0.329 0.354 0.172
3 15 0.000 0.000 0.000 0.000 0.000 0.001 0.007 0.029 0.149 0.506 0.308
14 24 0.000 0.000 0.000 0.000 0.002 0.015 0.136 0.508 0.286 0.040 0.013
5 21 0.000 0.000 0.000 0.000 0.001 0.004 0.016 0.066 0.152 0.233 0.529
6 25 0.000 0.000 0.000 0.000 0.001 0.005 0.031 0.136 0.295 0.281 0.250
2 15 0.000 0.000 0.000 0.000 0.000 0.001 0.004 0.019 0.063 0.224 0.688
10 32 0.000 0.000 0.000 0.000 0.001 0.004 0.021 0.112 0.299 0.284 0.279
13 33 0.000 0.000 0.000 0.000 0.001 0.004 0.022 0.106 0.259 0.284 0.325
23 32 0.000 0.000 0.000 0.000 0.001 0.008 0.054 0.789 0.094 0.014 0.041
10 25 0.000 0.000 0.000 0.000 0.001 0.005 0.042 0.298 0.465 0.141 0.048
4 22 0.000 0.000 0.000 0.000 0.001 0.002 0.009 0.037 0.110 0.214 0.627
6 18 0.000 0.000 0.000 0.000 0.001 0.004 0.034 0.245 0.428 0.217 0.070
3 18 0.000 0.000 0.000 0.000 0.000 0.001 0.003 0.012 0.043 0.123 0.817
2 18 0.000 0.000 0.000 0.000 0.000 0.001 0.003 0.011 0.035 0.090 0.860
1 19 0.000 0.000 0.000 0.000 0.000 0.001 0.002 0.004 0.010 0.025 0.957
21 34 0.000 0.000 0.000 0.000 0.000 0.002 0.003 0.010 0.026 0.123 0.836
1 17 0.000 0.000 0.000 0.000 0.000 0.001 0.001 0.003 0.008 0.020 0.967
18 29 0.000 0.000 0.000 0.000 0.006 0.199 0.630 0.144 0.009 0.001 0.011
5 15 0.000 0.000 0.000 0.000 0.001 0.003 0.025 0.463 0.420 0.051 0.037
19 27 0.000 0.000 0.000 0.000 0.003 0.183 0.779 0.025 0.002 0.000 0.008
2 20 0.000 0.000 0.000 0.000 0.000 0.001 0.004 0.012 0.029 0.061 0.893
4 20 0.000 0.000 0.000 0.000 0.000 0.002 0.006 0.020 0.056 0.127 0.788
14 29 0.000 0.000 0.000 0.000 0.001 0.006 0.054 0.245 0.404 0.217 0.074
18 33 0.000 0.000 0.000 0.000 0.000 0.001 0.009 0.076 0.319 0.385 0.210
15 31 0.000 0.000 0.000 0.000 0.001 0.007 0.063 0.263 0.352 0.202 0.112
6 22 0.000 0.000 0.000 0.000 0.001 0.003 0.015 0.077 0.238 0.361 0.305
7 20 0.000 0.000 0.000 0.000 0.001 0.003 0.015 0.071 0.204 0.346 0.360
20 34 0.000 0.000 0.000 0.000 0.000 0.001 0.002 0.005 0.016 0.071 0.904
14 21 0.000 0.000 0.000 0.000 0.001 0.004 0.029 0.255 0.545 0.143 0.024
10 21 0.000 0.000 0.000 0.000 0.001 0.003 0.017 0.097 0.342 0.406 0.135
16 27 0.000 0.000 0.000 0.000 0.001 0.007 0.072 0.361 0.418 0.112 0.028
23 33 0.000 0.000 0.000 0.000 0.000 0.004 0.014 0.426 0.442 0.054 0.060
2 22 0.000 0.000 0.000 0.000 0.000 0.001 0.004 0.014 0.036 0.078 0.866
22 31 0.000 0.000 0.000 0.000 0.001 0.005 0.049 0.850 0.067 0.007 0.021
8 19 0.000 0.000 0.000 0.000 0.001 0.007 0.054 0.265 0.411 0.209 0.053
4 15 0.000 0.000 0.000 0.000 0.000 0.002 0.014 0.165 0.552 0.183 0.084
3 20 0.000 0.000 0.000 0.000 0.000 0.001 0.003 0.009 0.026 0.064 0.896
14 25 0.000 0.000 0.000 0.000 0.001 0.005 0.054 0.378 0.457 0.088 0.017
3 22 0.000 0.000 0.000 0.000 0.000 0.001 0.004 0.011 0.036 0.096 0.851
15 28 0.000 0.000 0.000 0.000 0.001 0.015 0.187 0.456 0.263 0.054 0.023
14 33 0.000 0.000 0.000 0.000 0.000 0.001 0.007 0.036 0.137 0.290 0.528
6 15 0.000 0.000 0.000 0.000 0.001 0.005 0.056 0.659 0.235 0.022 0.022
14 31 0.000 0.000 0.000 0.000 0.000 0.003 0.020 0.119 0.319 0.314 0.224
16 30 0.000 0.000 0.000 0.000 0.001 0.003 0.025 0.137 0.325 0.325 0.185
9 16 0.000 0.000 0.000 0.000 0.001 0.015 0.108 0.622 0.222 0.015 0.016
7 16 0.000 0.000 0.000 0.000 0.000 0.002 0.010 0.101 0.475 0.345 0.067
13 32 0.000 0.000 0.000 0.000 0.000 0.002 0.011 0.067 0.236 0.327 0.357
16 34 0.000 0.000 0.000 0.000 0.000 0.000 0.001 0.004 0.016 0.054 0.923
8 16 0.000 0.000 0.000 0.000 0.001 0.005 0.046 0.428 0.442 0.059 0.019
2 16 0.000 0.000 0.000 0.000 0.000 0.000 0.001 0.004 0.011 0.036 0.947
4 21 0.000 0.000 0.000 0.000 0.000 0.001 0.003 0.010 0.032 0.090 0.863
22 33 0.000 0.000 0.000 0.000 0.000 0.002 0.013 0.171 0.607 0.129 0.077
2 21 0.000 0.000 0.000 0.000 0.000 0.001 0.002 0.006 0.017 0.040 0.934
16 25 0.000 0.000 0.000 0.000 0.001 0.004 0.050 0.400 0.460 0.072 0.014
10 17 0.000 0.000 0.000 0.000 0.001 0.006 0.060 0.546 0.345 0.028 0.014
21 33 0.000 0.000 0.000 0.000 0.000 0.000 0.004 0.017 0.113 0.642 0.225
22 32 0.000 0.000 0.000 0.000 0.000 0.003 0.011 0.519 0.399 0.034 0.034
21 30 0.000 0.000 0.000 0.000 0.000 0.003 0.021 0.848 0.104 0.009 0.015
15 32 0.000 0.000 0.000 0.000 0.000 0.001 0.008 0.058 0.237 0.366 0.329
18 32 0.000 0.000 0.000 0.000 0.000 0.000 0.005 0.060 0.365 0.451 0.119
17 24 0.000 0.000 0.000 0.000 0.001 0.009 0.238 0.678 0.059 0.004 0.011
3 16 0.000 0.000 0.000 0.000 0.000 0.000 0.001 0.004 0.011 0.043 0.940
8 17 0.000 0.000 0.000 0.000 0.000 0.003 0.034 0.293 0.490 0.150 0.029
6 21 0.000 0.000 0.000 0.000 0.000 0.001 0.005 0.025 0.089 0.220 0.659
18 31 0.000 0.000 0.000 0.000 0.000 0.002 0.041 0.367 0.471 0.094 0.024
7 21 0.000 0.000 0.000 0.000 0.000 0.001 0.002 0.010 0.059 0.240 0.688
17 34 0.000 0.000 0.000 0.000 0.000 0.000 0.001 0.002 0.009 0.039 0.948
14 28 0.000 0.000 0.000 0.000 0.000 0.001 0.011 0.100 0.438 0.357 0.092
17 30 0.000 0.000 0.000 0.000 0.000 0.002 0.015 0.135 0.445 0.321 0.082
4 16 0.000 0.000 0.000 0.000 0.000 0.000 0.001 0.005 0.022 0.124 0.847
3 21 0.000 0.000 0.000 0.000 0.000 0.000 0.001 0.004 0.011 0.034 0.949
19 34 0.000 0.000 0.000 0.000 0.000 0.000 0.001 0.002 0.008 0.038 0.952
21 31 0.000 0.000 0.000 0.000 0.000 0.002 0.008 0.538 0.407 0.028 0.018
5 19 0.000 0.000 0.000 0.000 0.000 0.001 0.004 0.024 0.098 0.242 0.630
17 27 0.000 0.000 0.000 0.000 0.001 0.005 0.079 0.540 0.339 0.027 0.010
16 24 0.000 0.000 0.000 0.000 0.001 0.003 0.034 0.347 0.535 0.068 0.014
17 29 0.000 0.000 0.000 0.000 0.000 0.001 0.018 0.180 0.502 0.255 0.044
19 32 0.000 0.000 0.000 0.000 0.000 0.000 0.000 0.003 0.036 0.492 0.468
9 17 0.000 0.000 0.000 0.000 0.000 0.004 0.042 0.394 0.467 0.077 0.015
2 19 0.000 0.000 0.000 0.000 0.000 0.000 0.001 0.003 0.008 0.024 0.964
2 17 0.000 0.000 0.000 0.000 0.000 0.000 0.001 0.002 0.005 0.015 0.977
21 32 0.000 0.000 0.000 0.000 0.000 0.001 0.006 0.133 0.674 0.138 0.048
18 28 0.000 0.000 0.000 0.000 0.001 0.057 0.650 0.273 0.010 0.001 0.009
3 17 0.000 0.000 0.000 0.000 0.000 0.000 0.001 0.002 0.005 0.019 0.974
6 16 0.000 0.000 0.000 0.000 0.000 0.000 0.002 0.014 0.116 0.463 0.405
7 17 0.000 0.000 0.000 0.000 0.000 0.000 0.002 0.019 0.170 0.539 0.270
16 29 0.000 0.000 0.000 0.000 0.000 0.001 0.007 0.055 0.252 0.429 0.255
20 32 0.000 0.000 0.000 0.000 0.000 0.000 0.002 0.010 0.121 0.729 0.139
5 17 0.000 0.000 0.000 0.000 0.000 0.000 0.001 0.005 0.029 0.166 0.798
20 31 0.000 0.000 0.000 0.000 0.000 0.001 0.009 0.243 0.670 0.057 0.020
7 19 0.000 0.000 0.000 0.000 0.000 0.000 0.003 0.016 0.097 0.348 0.536
5 16 0.000 0.000 0.000 0.000 0.000 0.000 0.001 0.007 0.045 0.238 0.709
3 19 0.000 0.000 0.000 0.000 0.000 0.000 0.001 0.002 0.006 0.021 0.970
4 17 0.000 0.000 0.000 0.000 0.000 0.000 0.001 0.003 0.011 0.050 0.936
4 19 0.000 0.000 0.000 0.000 0.000 0.000 0.001 0.004 0.015 0.057 0.923
20 30 0.000 0.000 0.000 0.000 0.000 0.002 0.013 0.638 0.322 0.014 0.012
6 19 0.000 0.000 0.000 0.000 0.000 0.000 0.003 0.015 0.072 0.238 0.672
20 33 0.000 0.000 0.000 0.000 0.000 0.000 0.001 0.004 0.017 0.150 0.828
16 33 0.000 0.000 0.000 0.000 0.000 0.000 0.001 0.004 0.019 0.084 0.892
14 32 0.000 0.000 0.000 0.000 0.000 0.000 0.001 0.008 0.051 0.217 0.722
20 29 0.000 0.000 0.000 0.000 0.000 0.002 0.041 0.874 0.066 0.005 0.010
17 33 0.000 0.000 0.000 0.000 0.000 0.000 0.001 0.003 0.019 0.102 0.876
19 33 0.000 0.000 0.000 0.000 0.000 0.000 0.000 0.002 0.015 0.139 0.844
6 17 0.000 0.000 0.000 0.000 0.000 0.000 0.001 0.004 0.027 0.212 0.757
19 28 0.000 0.000 0.000 0.000 0.001 0.004 0.360 0.618 0.008 0.001 0.008
19 31 0.000 0.000 0.000 0.000 0.000 0.000 0.001 0.012 0.270 0.672 0.045
17 28 0.000 0.000 0.000 0.000 0.000 0.000 0.002 0.022 0.336 0.572 0.068
16 28 0.000 0.000 0.000 0.000 0.000 0.000 0.001 0.008 0.091 0.457 0.443
16 31 0.000 0.000 0.000 0.000 0.000 0.000 0.001 0.004 0.023 0.124 0.849
19 29 0.000 0.000 0.000 0.000 0.000 0.001 0.069 0.800 0.118 0.004 0.008
17 32 0.000 0.000 0.000 0.000 0.000 0.000 0.000 0.001 0.005 0.051 0.943
16 32 0.000 0.000 0.000 0.000 0.000 0.000 0.000 0.001 0.004 0.029 0.966
17 31 0.000 0.000 0.000 0.000 0.000 0.000 0.000 0.002 0.015 0.136 0.847
19 30 0.000 0.000 0.000 0.000 0.000 0.000 0.006 0.260 0.690 0.033 0.011