27	30	0	8	0.99845
19	22	0	8	0.99822
9	12	0	8	0.99678
20	23	0	8	0.99649
19	23	0	8	0.99522
26	29	0	8	0.99506
25	28	0	8	0.99488
8	11	0	8	0.99319
18	22	0	8	0.99303
26	30	0	8	0.99241
10	13	0	8	0.99231
8	12	0	8	0.99198
6	9	0	8	0.99097
7	10	0	8	0.99084
24	27	0	8	0.99036
5	8	0	8	0.98953
25	29	0	8	0.98947
18	23	0	8	0.98857
22	25	0	8	0.98759
28	31	0	8	0.98754
7	11	0	8	0.98479
23	26	0	8	0.98442
6	10	0	8	0.98437
24	28	0	8	0.98422
5	9	0	8	0.98419
4	7	0	8	0.98315
27	31	0	8	0.98275
22	26	0	8	0.98187
3	6	0	8	0.97870
23	27	0	8	0.97854
9	13	0	8	0.97674
11	14	0	8	0.97586
21	24	0	8	0.97070
2	6	0	8	0.96925
4	8	0	8	0.96590
30	33	0	8	0.96587
21	25	0	8	0.96508
3	7	0	8	0.96081
29	32	0	8	0.96079
2	5	0	8	0.96077
20	24	0	8	0.95875
12	15	0	8	0.94773
28	32	0	8	0.94306
10	14	0	8	0.91404
31	34	0	8	0.90694
15	18	0	8	0.90476
29	33	0	8	0.88893
30	34	0	8	0.86437
13	23	0	8	0.80758
11	15	0	8	0.77828
13	18	0	8	0.76897
1	5	0	8	0.76327
18	26	0	8	0.74845
12	18	0	8	0.70769
9	30	0	8	0.64779
12	26	0	8	0.64319
13	26	0	8	0.56650
13	27	0	8	0.47462
1	6	0	8	0.46525
9	27	0	8	0.38999
12	30	0	8	0.35357
1	4	0	8	0.35191
5	30	0	8	0.32206
9	26	0	8	0.30619
15	23	0	8	0.30239
5	34	0	8	0.28638
12	23	0	8	0.27740
8	30	0	8	0.23510
14	18	0	8	0.23046
1	34	0	8	0.19108
1	9	0	8	0.18443
15	26	0	8	0.17658
10	27	0	8	0.17001
12	27	0	8	0.15511
13	16	0	8	0.15045
13	30	0	8	0.14916
15	22	0	8	0.13449
9	34	0	8	0.12834
6	30	0	8	0.12041
2	34	0	8	0.11991
5	33	0	8	0.10799
6	34	0	8	0.10631
13	22	0	8	0.10446
1	30	0	8	0.09559
17	22	0	8	0.09266
9	31	0	8	0.08827
8	34	0	8	0.08588
6	31	0	8	0.08340
12	22	0	8	0.07868
6	27	0	8	0.07610
12	16	0	8	0.07073
5	31	0	8	0.06669
29	34	0	8	0.06356
10	30	0	8	0.06134
1	31	0	8	0.05798
14	23	0	8	0.05769
8	33	0	8	0.04935
9	29	0	8	0.04934
9	23	0	8	0.04451
12	29	0	8	0.04342
13	19	0	8	0.04216
4	34	0	8	0.04041
8	26	0	8	0.03953
1	33	0	8	0.03868
13	20	0	8	0.03681
9	33	0	8	0.03187
10	23	0	8	0.03137
5	27	0	8	0.02815
3	34	0	8	0.02723
16	23	0	8	0.02543
8	29	0	8	0.02306
10	31	0	8	0.02131
2	30	0	8	0.01948
10	26	0	8	0.01897
14	17	0	8	0.01721
1	27	0	8	0.01709
13	24	0	8	0.01706
16	19	0	8	0.01654
2	31	0	8	0.01629
2	33	0	8	0.01593
10	15	0	8	0.01580
2	7	0	8	0.01490
28	33	0	8	0.01453
11	16	0	8	0.01433
8	27	0	8	0.01414
11	26	0	8	0.01361
15	19	0	8	0.01278
12	17	0	8	0.01276
12	34	0	8	0.01254
13	17	0	8	0.01231
3	8	0	8	0.01154
4	33	0	8	0.01152
1	8	0	8	0.01129
11	30	0	8	0.01058
18	27	0	8	0.01029
5	29	0	8	0.00985
18	21	0	8	0.00949
10	34	0	8	0.00940
6	33	0	8	0.00934
1	10	0	8	0.00917
8	31	0	8	0.00912
3	31	0	8	0.00911
7	34	0	8	0.00903
9	18	0	8	0.00847
17	23	0	8	0.00846
4	30	0	8	0.00841
27	34	0	8	0.00764
12	25	0	8	0.00750
28	34	0	8	0.00749
23	28	0	8	0.00722
5	26	0	8	0.00718
3	30	0	8	0.00672
14	26	0	8	0.00669
1	7	0	8	0.00640
11	34	0	8	0.00613
17	20	0	8	0.00590
14	19	0	8	0.00581
16	22	0	8	0.00579
5	10	0	8	0.00567
21	26	0	8	0.00563
1	32	0	8	0.00530
10	16	0	8	0.00527
1	29	0	8	0.00511
22	27	0	8	0.00510
4	31	0	8	0.00490
11	18	0	8	0.00477
10	20	0	8	0.00473
7	27	0	8	0.00460
3	9	0	8	0.00450
4	9	0	8	0.00449
17	21	0	8	0.00448
12	33	0	8	0.00447
13	31	0	8	0.00438
18	25	0	8	0.00422
2	8	0	8	0.00422
11	29	0	8	0.00396
11	17	0	8	0.00392
3	33	0	8	0.00385
1	26	0	8	0.00383
12	31	0	8	0.00379
27	33	0	8	0.00373
14	22	0	8	0.00372
2	9	0	8	0.00369
16	26	0	8	0.00366
15	27	0	8	0.00363
6	26	0	8	0.00355
17	26	0	8	0.00349
14	20	0	8	0.00347
24	29	0	8	0.00327
12	19	0	8	0.00319
16	20	0	8	0.00292
13	34	0	8	0.00291
11	27	0	8	0.00289
7	31	0	8	0.00284
10	18	0	8	0.00272
5	32	0	8	0.00267
9	22	0	8	0.00251
7	33	0	8	0.00248
6	11	0	8	0.00247
2	27	0	8	0.00244
7	30	0	8	0.00239
15	20	0	8	0.00238
1	28	0	8	0.00238
14	27	0	8	0.00236
13	29	0	8	0.00220
11	33	0	8	0.00215
3	11	0	8	0.00214
1	11	0	8	0.00211
27	32	0	8	0.00211
26	34	0	8	0.00208
2	10	0	8	0.00204
3	27	0	8	0.00203
6	23	0	8	0.00195
10	24	0	8	0.00192
9	24	0	8	0.00182
9	14	0	8	0.00177
15	30	0	8	0.00167
20	25	0	8	0.00166
11	23	0	8	0.00165
12	20	0	8	0.00164
4	27	0	8	0.00161
2	32	0	8	0.00159
19	24	0	8	0.00159
12	24	0	8	0.00157
6	29	0	8	0.00145
10	29	0	8	0.00145
1	12	0	8	0.00143
7	12	0	8	0.00143
8	32	0	8	0.00141
25	33	0	8	0.00140
2	29	0	8	0.00140
9	15	0	8	0.00137
18	24	0	8	0.00132
15	29	0	8	0.00130
8	23	0	8	0.00127
10	33	0	8	0.00125
13	25	0	8	0.00114
9	20	0	8	0.00111
11	31	0	8	0.00111
23	31	0	8	0.00106
6	28	0	8	0.00103
9	25	0	8	0.00097
23	30	0	8	0.00094
5	23	0	8	0.00093
3	10	0	8	0.00093
25	30	0	8	0.00092
14	34	0	8	0.00090
15	25	0	8	0.00089
14	30	0	8	0.00088
4	29	0	8	0.00085
13	33	0	8	0.00083
13	21	0	8	0.00079
25	34	0	8	0.00077
18	30	0	8	0.00076
24	34	0	8	0.00076
6	20	0	8	0.00073
5	13	0	8	0.00072
8	13	0	8	0.00070
26	33	0	8	0.00070
9	28	0	8	0.00069
1	24	0	8	0.00068
4	10	0	8	0.00068
6	32	0	8	0.00068
21	29	0	8	0.00068
26	31	0	8	0.00067
6	24	0	8	0.00064
4	12	0	8	0.00063
4	32	0	8	0.00061
15	21	0	8	0.00059
18	29	0	8	0.00058
1	13	0	8	0.00058
1	23	0	8	0.00058
8	18	0	8	0.00057
2	28	0	8	0.00056
23	29	0	8	0.00055
14	31	0	8	0.00055
9	32	0	8	0.00054
5	11	0	8	0.00054
10	17	0	8	0.00052
3	12	0	8	0.00051
5	12	0	8	0.00051
17	25	0	8	0.00050
20	26	0	8	0.00050
7	29	0	8	0.00050
3	32	0	8	0.00049
19	26	0	8	0.00048
24	31	0	8	0.00048
8	22	0	8	0.00048
23	34	0	8	0.00047
1	25	0	8	0.00046
2	26	0	8	0.00046
7	20	0	8	0.00045
3	29	0	8	0.00045
10	19	0	8	0.00045
8	25	0	8	0.00044
22	29	0	8	0.00044
3	26	0	8	0.00043
4	26	0	8	0.00043
13	28	0	8	0.00042
5	28	0	8	0.00042
10	28	0	8	0.00042
1	14	0	8	0.00042
2	11	0	8	0.00039
10	22	0	8	0.00038
12	21	0	8	0.00038
6	13	0	8	0.00038
5	24	0	8	0.00037
14	29	0	8	0.00037
19	25	0	8	0.00037
6	12	0	8	0.00037
14	33	0	8	0.00036
11	22	0	8	0.00036
16	29	0	8	0.00034
7	15	0	8	0.00034
24	33	0	8	0.00034
24	32	0	8	0.00033
7	26	0	8	0.00033
8	15	0	8	0.00032
3	13	0	8	0.00032
7	14	0	8	0.00032
17	29	0	8	0.00031
16	27	0	8	0.00029
22	30	0	8	0.00027
15	34	0	8	0.00027
9	16	0	8	0.00026
21	27	0	8	0.00026
12	28	0	8	0.00026
22	28	0	8	0.00026
3	28	0	8	0.00025
11	20	0	8	0.00025
20	28	0	8	0.00023
4	11	0	8	0.00023
15	24	0	8	0.00022
6	14	0	8	0.00022
7	16	0	8	0.00021
21	28	0	8	0.00021
7	23	0	8	0.00021
22	34	0	8	0.00021
5	14	0	8	0.00020
20	27	0	8	0.00020
11	25	0	8	0.00020
8	14	0	8	0.00020
7	32	0	8	0.00020
20	29	0	8	0.00020
17	33	0	8	0.00019
9	19	0	8	0.00019
14	24	0	8	0.00018
7	13	0	8	0.00018
8	20	0	8	0.00018
3	14	0	8	0.00018
1	15	0	8	0.00018
4	13	0	8	0.00018
22	33	0	8	0.00017
5	25	0	8	0.00017
18	34	0	8	0.00017
1	22	0	8	0.00017
15	33	0	8	0.00017
8	28	0	8	0.00016
4	28	0	8	0.00016
23	33	0	8	0.00016
8	16	0	8	0.00016
16	21	0	8	0.00016
19	27	0	8	0.00015
16	34	0	8	0.00015
21	34	0	8	0.00015
4	23	0	8	0.00015
17	34	0	8	0.00015
10	32	0	8	0.00015
9	21	0	8	0.00015
21	33	0	8	0.00015
16	30	0	8	0.00014
6	18	0	8	0.00014
16	25	0	8	0.00014
3	23	0	8	0.00013
5	22	0	8	0.00013
12	32	0	8	0.00013
17	30	0	8	0.00013
24	30	0	8	0.00013
11	19	0	8	0.00013
5	20	0	8	0.00012
6	22	0	8	0.00012
16	33	0	8	0.00012
6	15	0	8	0.00012
17	24	0	8	0.00012
2	12	0	8	0.00012
26	32	0	8	0.00012
10	25	0	8	0.00011
5	18	0	8	0.00011
16	24	0	8	0.00011
11	32	0	8	0.00011
14	25	0	8	0.00011
2	24	0	8	0.00011
3	24	0	8	0.00010
6	16	0	8	0.00010
2	14	0	8	0.00010
2	25	0	8	0.00010
END