1 3 0 8  0.8633955717086792
1 4 0 8  0.874061107635498
1 5 0 8  0.7935384511947632
1 6 0 8  0.37558913230895996
1 7 0 8  0.013522760942578316
1 8 0 8  0.0121011259034276
1 9 0 8  0.09802675992250443
1 10 0 8  0.005636700429022312
1 11 0 8  0.002933190669864416
1 12 0 8  0.0029865761753171682
1 13 0 8  0.0029871012084186077
1 14 0 8  0.0019655032083392143
1 15 0 8  0.0019268246833235025
1 16 0 8  0.002222807379439473
1 17 0 8  0.001926515600644052
1 18 0 8  0.0021314509212970734
1 19 0 8  0.002004074864089489
1 20 0 8  0.002424399834126234
1 21 0 8  0.002178892958909273
1 22 0 8  0.0024829357862472534
1 23 0 8  0.002460961928591132
1 24 0 8  0.003166744951158762
1 25 0 8  0.0036045375745743513
1 26 0 8  0.00418103439733386
1 27 0 8  0.047672197222709656
1 28 0 8  0.008544228039681911
1 29 0 8  0.010214927606284618
1 30 0 8  0.05266215652227402
1 31 0 8  0.051086992025375366
1 32 0 8  0.015556145459413528
1 33 0 8  0.1337524950504303
1 34 0 8  0.39226898550987244
2 4 0 8  0.8084110021591187
2 5 0 8  0.919708251953125
2 6 0 8  0.7679991722106934
2 7 0 8  0.00998773705214262
2 8 0 8  0.003983781207352877
2 9 0 8  0.022468222305178642
2 10 0 8  0.003956850618124008
2 11 0 8  0.0026473167818039656
2 12 0 8  0.0024040420539677143
2 13 0 8  0.002099360339343548
2 14 0 8  0.002053989563137293
2 15 0 8  0.001975109800696373
2 16 0 8  0.0018916139379143715
2 17 0 8  0.0018890755018219352
2 18 0 8  0.002106360625475645
2 19 0 8  0.0020095123909413815
2 20 0 8  0.0024244142696261406
2 21 0 8  0.0019965702667832375
2 22 0 8  0.0023353388532996178
2 23 0 8  0.0024235364980995655
2 24 0 8  0.0030536996200680733
2 25 0 8  0.002619515173137188
2 26 0 8  0.0024676714092493057
2 27 0 8  0.01170388050377369
2 28 0 8  0.004164029844105244
2 29 0 8  0.004674895200878382
2 30 0 8  0.01606043055653572
2 31 0 8  0.056699350476264954
2 32 0 8  0.006197981536388397
2 33 0 8  0.08347833156585693
2 34 0 8  0.34143680334091187
3 5 0 8  0.8602769374847412
3 6 0 8  0.9496718645095825
3 7 0 8  0.8965016603469849
3 8 0 8  0.008428658358752728
3 9 0 8  0.005569298751652241
3 10 0 8  0.0047487071715295315
3 11 0 8  0.006100000813603401
3 12 0 8  0.0038197378162294626
3 13 0 8  0.0025666914880275726
3 14 0 8  0.002325798384845257
3 15 0 8  0.0023555010557174683
3 16 0 8  0.002308369381353259
3 17 0 8  0.0021347510628402233
3 18 0 8  0.0025513856671750546
3 19 0 8  0.0022599678486585617
3 20 0 8  0.003645810764282942
3 21 0 8  0.0024816803634166718
3 22 0 8  0.00320354662835598
3 23 0 8  0.002686555963009596
3 24 0 8  0.0043146987445652485
3 25 0 8  0.0026490269228816032
3 26 0 8  0.002545615192502737
3 27 0 8  0.004341215826570988
3 28 0 8  0.0028635216876864433
3 29 0 8  0.003579823300242424
3 30 0 8  0.009236801415681839
3 31 0 8  0.008822983130812645
3 32 0 8  0.005037742201238871
3 33 0 8  0.009572271257638931
3 34 0 8  0.02811095304787159
4 6 0 8  0.7981599569320679
4 7 0 8  0.9342933893203735
4 8 0 8  0.9595469236373901
4 9 0 8  0.0032662576995790005
4 10 0 8  0.002593233250081539
4 11 0 8  0.002294777659699321
4 12 0 8  0.0029493162874132395
4 13 0 8  0.002195885870605707
4 14 0 8  0.0018492937088012695
4 15 0 8  0.0019109894055873156
4 16 0 8  0.002057789359241724
4 17 0 8  0.0019731377251446247
4 18 0 8  0.0022090363781899214
4 19 0 8  0.0019970377907156944
4 20 0 8  0.002440602518618107
4 21 0 8  0.001976324710994959
4 22 0 8  0.0024960176087915897
4 23 0 8  0.0024073636159300804
4 24 0 8  0.0029280593153089285
4 25 0 8  0.0022164180409163237
4 26 0 8  0.0024695866741240025
4 27 0 8  0.003259780816733837
4 28 0 8  0.002380130346864462
4 29 0 8  0.0029289834201335907
4 30 0 8  0.010313807055354118
4 31 0 8  0.006219906732439995
4 32 0 8  0.0038988615851849318
4 33 0 8  0.011915784329175949
4 34 0 8  0.05121925473213196
5 7 0 8  0.9390830993652344
5 8 0 8  0.9603627920150757
5 9 0 8  0.9310852289199829
5 10 0 8  0.004512670449912548
5 11 0 8  0.0026369874831289053
5 12 0 8  0.003267286578193307
5 13 0 8  0.0028220636304467916
5 14 0 8  0.0020927931182086468
5 15 0 8  0.002267866861075163
5 16 0 8  0.0021768503356724977
5 17 0 8  0.0023462013341486454
5 18 0 8  0.0034362184815108776
5 19 0 8  0.0020608752965927124
5 20 0 8  0.0031248931773006916
5 21 0 8  0.002269523683935404
5 22 0 8  0.0026847831904888153
5 23 0 8  0.003131132572889328
5 24 0 8  0.003404791234061122
5 25 0 8  0.002523567993193865
5 26 0 8  0.003563270438462496
5 27 0 8  0.052384600043296814
5 28 0 8  0.002795213833451271
5 29 0 8  0.0035182589199393988
5 30 0 8  0.500709056854248
5 31 0 8  0.3754294514656067
5 32 0 8  0.004911262542009354
5 33 0 8  0.15078836679458618
5 34 0 8  0.570489764213562
6 8 0 8  0.9522760510444641
6 9 0 8  0.9553956985473633
6 10 0 8  0.8318158984184265
6 11 0 8  0.0027965724002569914
6 12 0 8  0.0023842263035476208
6 13 0 8  0.0029366144444793463
6 14 0 8  0.002378620905801654
6 15 0 8  0.0032920935191214085
6 16 0 8  0.00243561202660203
6 17 0 8  0.002944996114820242
6 18 0 8  0.007920019328594208
6 19 0 8  0.002966753439977765
6 20 0 8  0.007694751024246216
6 21 0 8  0.002736818976700306
6 22 0 8  0.0028970735147595406
6 23 0 8  0.015539666637778282
6 24 0 8  0.011884070932865143
6 25 0 8  0.002766428980976343
6 26 0 8  0.003851828631013632
6 27 0 8  0.13140389323234558
6 28 0 8  0.0033643138594925404
6 29 0 8  0.0028152302838861942
6 30 0 8  0.04388374835252762
6 31 0 8  0.11110948026180267
6 32 0 8  0.0025907750241458416
6 33 0 8  0.004850506782531738
6 34 0 8  0.05806577950716019
7 9 0 8  0.9549970030784607
7 10 0 8  0.9310680031776428
7 11 0 8  0.9185155630111694
7 12 0 8  0.0026864507235586643
7 13 0 8  0.002252428326755762
7 14 0 8  0.0023364266380667686
7 15 0 8  0.005804382264614105
7 16 0 8  0.0027898538392037153
7 17 0 8  0.003666585311293602
7 18 0 8  0.008322695270180702
7 19 0 8  0.002791966311633587
7 20 0 8  0.008875967003405094
7 21 0 8  0.0027608503587543964
7 22 0 8  0.002798734698444605
7 23 0 8  0.0034602154046297073
7 24 0 8  0.0037225401028990746
7 25 0 8  0.002331686904653907
7 26 0 8  0.0026457856874912977
7 27 0 8  0.0033221528865396976
7 28 0 8  0.0020336383022367954
7 29 0 8  0.002296151826158166
7 30 0 8  0.0032187900505959988
7 31 0 8  0.0032238815911114216
7 32 0 8  0.0021737078204751015
7 33 0 8  0.0029843836091458797
7 34 0 8  0.0034017511643469334
8 10 0 8  0.9659810066223145
8 11 0 8  0.9348971247673035
8 12 0 8  0.9396291375160217
8 13 0 8  0.003544990671798587
8 14 0 8  0.002370303962379694
8 15 0 8  0.005851486697793007
8 16 0 8  0.002815219108015299
8 17 0 8  0.0031262694392353296
8 18 0 8  0.00434153201058507
8 19 0 8  0.002074423013255
8 20 0 8  0.002745208330452442
8 21 0 8  0.002264532260596752
8 22 0 8  0.002317383885383606
8 23 0 8  0.0027722236700356007
8 24 0 8  0.0024494396056979895
8 25 0 8  0.0024158714804798365
8 26 0 8  0.006836673244833946
8 27 0 8  0.005770188290625811
8 28 0 8  0.0020937868393957615
8 29 0 8  0.005463215988129377
8 30 0 8  0.37653762102127075
8 31 0 8  0.005302415229380131
8 32 0 8  0.0029098172672092915
8 33 0 8  0.01862952671945095
8 34 0 8  0.04770857095718384
9 11 0 8  0.9516392946243286
9 12 0 8  0.8807903528213501
9 13 0 8  0.9023483991622925
9 14 0 8  0.003944727126508951
9 15 0 8  0.007506042253226042
9 16 0 8  0.0031424800399690866
9 17 0 8  0.0037772476207464933
9 18 0 8  0.021263038739562035
9 19 0 8  0.0027868645265698433
9 20 0 8  0.004918220918625593
9 21 0 8  0.002416214905679226
9 22 0 8  0.0036071836948394775
9 23 0 8  0.06872628629207611
9 24 0 8  0.005417362321168184
9 25 0 8  0.002358056139200926
9 26 0 8  0.28937286138534546
9 27 0 8  0.6258658170700073
9 28 0 8  0.0026197938714176416
9 29 0 8  0.0038538675289601088
9 30 0 8  0.6693795919418335
9 31 0 8  0.19282545149326324
9 32 0 8  0.0023270377423614264
9 33 0 8  0.00399219011887908
9 34 0 8  0.02996125817298889
10 12 0 8  0.8293383121490479
10 13 0 8  0.8399314284324646
10 14 0 8  0.7634676694869995
10 15 0 8  0.05185201019048691
10 16 0 8  0.016683388501405716
10 17 0 8  0.013342210091650486
10 18 0 8  0.06771847605705261
10 19 0 8  0.005196213722229004
10 20 0 8  0.01198628731071949
10 21 0 8  0.0025127679109573364
10 22 0 8  0.0035451145377010107
10 23 0 8  0.20173126459121704
10 24 0 8  0.006597405299544334
10 25 0 8  0.0024210824631154537
10 26 0 8  0.012412464246153831
10 27 0 8  0.1461200714111328
10 28 0 8  0.002275093924254179
10 29 0 8  0.002405074890702963
10 30 0 8  0.006459647789597511
10 31 0 8  0.004373404197394848
10 32 0 8  0.002004955429583788
10 33 0 8  0.0024004033766686916
10 34 0 8  0.002610489958897233
11 13 0 8  0.8899685144424438
11 14 0 8  0.7888673543930054
11 15 0 8  0.5838518142700195
11 16 0 8  0.011314550414681435
11 17 0 8  0.008774952031672001
11 18 0 8  0.016768820583820343
11 19 0 8  0.0027841629926115274
11 20 0 8  0.003232763148844242
11 21 0 8  0.002010549418628216
11 22 0 8  0.0023566484451293945
11 23 0 8  0.0042311158031225204
11 24 0 8  0.00223643914796412
11 25 0 8  0.002415623515844345
11 26 0 8  0.004236502107232809
11 27 0 8  0.0026963013224303722
11 28 0 8  0.0021009943448007107
11 29 0 8  0.003512282855808735
11 30 0 8  0.005564983002841473
11 31 0 8  0.0022170597221702337
11 32 0 8  0.0020011323504149914
11 33 0 8  0.0025248704478144646
11 34 0 8  0.002290160395205021
12 14 0 8  0.7045842409133911
12 15 0 8  0.7318122982978821
12 16 0 8  0.42293596267700195
12 17 0 8  0.02062254771590233
12 18 0 8  0.2018607258796692
12 19 0 8  0.0031015046406537294
12 20 0 8  0.003806706052273512
12 21 0 8  0.0020670839585363865
12 22 0 8  0.0053330762311816216
12 23 0 8  0.025553785264492035
12 24 0 8  0.0024075263645499945
12 25 0 8  0.0036155623383820057
12 26 0 8  0.26921555399894714
12 27 0 8  0.024140551686286926
12 28 0 8  0.0021373643539845943
12 29 0 8  0.021051952615380287
12 30 0 8  0.20946818590164185
12 31 0 8  0.002662467770278454
12 32 0 8  0.0022394214756786823
12 33 0 8  0.0035699610598385334
12 34 0 8  0.0029616709798574448
13 15 0 8  0.6841886043548584
13 16 0 8  0.6056845188140869
13 17 0 8  0.4333834648132324
13 18 0 8  0.3684542775154114
13 19 0 8  0.01469990611076355
13 20 0 8  0.01818353682756424
13 21 0 8  0.00274070305749774
13 22 0 8  0.10294181108474731
13 23 0 8  0.8345912098884583
13 24 0 8  0.005777682177722454
13 25 0 8  0.00380154000595212
13 26 0 8  0.7865936756134033
13 27 0 8  0.45316189527511597
13 28 0 8  0.0021845605224370956
13 29 0 8  0.0028851539827883244
13 30 0 8  0.01980123668909073
13 31 0 8  0.0020195150282233953
13 32 0 8  0.0018732979660853744
13 33 0 8  0.00208105007186532
13 34 0 8  0.0021258690394461155
14 16 0 8  0.504054069519043
14 17 0 8  0.6586053371429443
14 18 0 8  0.4008491039276123
14 19 0 8  0.014925969764590263
14 20 0 8  0.005811706185340881
14 21 0 8  0.002141652163118124
14 22 0 8  0.006346276495605707
14 23 0 8  0.12257134914398193
14 24 0 8  0.002328722272068262
14 25 0 8  0.0025584083050489426
14 26 0 8  0.007592580281198025
14 27 0 8  0.002582270884886384
14 28 0 8  0.0020093414932489395
14 29 0 8  0.0026816092431545258
14 30 0 8  0.002858593361452222
14 31 0 8  0.001950940233655274
14 32 0 8  0.0020293353591114283
14 33 0 8  0.0024868000764399767
14 34 0 8  0.002169113839045167
15 17 0 8  0.5765653252601624
15 18 0 8  0.5078529119491577
15 19 0 8  0.22195486724376678
15 20 0 8  0.008922601118683815
15 21 0 8  0.002328986767679453
15 22 0 8  0.033875931054353714
15 23 0 8  0.17240440845489502
15 24 0 8  0.003268522210419178
15 25 0 8  0.0032394372392445803
15 26 0 8  0.052141331136226654
15 27 0 8  0.004301390610635281
15 28 0 8  0.002412966685369611
15 29 0 8  0.0031339479610323906
15 30 0 8  0.002846112009137869
15 31 0 8  0.0023117102682590485
15 32 0 8  0.0017464165575802326
15 33 0 8  0.0019879776518791914
15 34 0 8  0.0019601895473897457
16 18 0 8  0.5511935353279114
16 19 0 8  0.6040351390838623
16 20 0 8  0.15188264846801758
16 21 0 8  0.0032183313742280006
16 22 0 8  0.024823807179927826
16 23 0 8  0.041750937700271606
16 24 0 8  0.002478495007380843
16 25 0 8  0.00287008099257946
16 26 0 8  0.020180001854896545
16 27 0 8  0.0022501638159155846
16 28 0 8  0.0020100499968975782
16 29 0 8  0.002155856229364872
16 30 0 8  0.00201531988568604
16 31 0 8  0.0019396913703531027
16 32 0 8  0.0018064759206026793
16 33 0 8  0.001860697753727436
16 34 0 8  0.001915923086926341
17 19 0 8  0.79110187292099
17 20 0 8  0.7334442138671875
17 21 0 8  0.21890422701835632
17 22 0 8  0.08954811096191406
17 23 0 8  0.015358064323663712
17 24 0 8  0.002233560662716627
17 25 0 8  0.0024123569019138813
17 26 0 8  0.0097176693379879
17 27 0 8  0.0016517520416527987
17 28 0 8  0.002027154201641679
17 29 0 8  0.0030182763002812862
17 30 0 8  0.002013877499848604
17 31 0 8  0.0020073619671165943
17 32 0 8  0.00218580337241292
17 33 0 8  0.002020316431298852
17 34 0 8  0.0018664095550775528
18 20 0 8  0.7804271578788757
18 21 0 8  0.6786401867866516
18 22 0 8  0.955837607383728
18 23 0 8  0.8425253629684448
18 24 0 8  0.0030336373019963503
18 25 0 8  0.011334719136357307
18 26 0 8  0.6277025938034058
18 27 0 8  0.006245569325983524
18 28 0 8  0.002548151183873415
18 29 0 8  0.0028045023791491985
18 30 0 8  0.002815792802721262
18 31 0 8  0.0020015244372189045
18 32 0 8  0.0018831389024853706
18 33 0 8  0.0018226271495223045
18 34 0 8  0.0017839375650510192
19 21 0 8  0.4235263168811798
19 22 0 8  0.8318334817886353
19 23 0 8  0.6518948674201965
19 24 0 8  0.004817484878003597
19 25 0 8  0.0031582352239638567
19 26 0 8  0.0056183720007538795
19 27 0 8  0.001985484967008233
19 28 0 8  0.0020050539169460535
19 29 0 8  0.0020650350488722324
19 30 0 8  0.0019157675560563803
19 31 0 8  0.0017938271630555391
19 32 0 8  0.0019677451346069574
19 33 0 8  0.0018288684077560902
19 34 0 8  0.0017623113235458732
20 22 0 8  0.6527779698371887
20 23 0 8  0.8121020793914795
20 24 0 8  0.7410874366760254
20 25 0 8  0.005034740548580885
20 26 0 8  0.005920300260186195
20 27 0 8  0.0035844440571963787
20 28 0 8  0.0024321814998984337
20 29 0 8  0.002544885501265526
20 30 0 8  0.0024611959233880043
20 31 0 8  0.002598388120532036
20 32 0 8  0.0021494843531399965
20 33 0 8  0.0019345666514709592
20 34 0 8  0.0018147274386137724
21 23 0 8  0.5350449085235596
21 24 0 8  0.6261063814163208
21 25 0 8  0.561151921749115
21 26 0 8  0.008613711223006248
21 27 0 8  0.0025775576941668987
21 28 0 8  0.0022576998453587294
21 29 0 8  0.0024366965517401695
21 30 0 8  0.002106964588165283
21 31 0 8  0.002097591757774353
21 32 0 8  0.0019245808944106102
21 33 0 8  0.0017169809434562922
21 34 0 8  0.0017296277219429612
22 24 0 8  0.6189872026443481
22 25 0 8  0.798816978931427
22 26 0 8  0.7147737145423889
22 27 0 8  0.008634133264422417
22 28 0 8  0.0030256793834269047
22 29 0 8  0.0026408908888697624
22 30 0 8  0.0032412216532975435
22 31 0 8  0.0021625773515552282
22 32 0 8  0.0022159763611853123
22 33 0 8  0.0018864520825445652
22 34 0 8  0.0019500134512782097
23 25 0 8  0.4782249331474304
23 26 0 8  0.7823065519332886
23 27 0 8  0.4010692834854126
23 28 0 8  0.0032331193797290325
23 29 0 8  0.0027369968593120575
23 30 0 8  0.0034168511629104614
23 31 0 8  0.0024075384717434645
23 32 0 8  0.002259633271023631
23 33 0 8  0.0019761091098189354
23 34 0 8  0.0019443220226094127
24 26 0 8  0.6643642783164978
24 27 0 8  0.6971889734268188
24 28 0 8  0.6426807641983032
24 29 0 8  0.0038577939849346876
24 30 0 8  0.0026627150364220142
24 31 0 8  0.002389810746535659
24 32 0 8  0.0029467956628650427
24 33 0 8  0.002451007254421711
24 34 0 8  0.002259371802210808
25 27 0 8  0.6154438257217407
25 28 0 8  0.7805647850036621
25 29 0 8  0.7540251016616821
25 30 0 8  0.0031326855532824993
25 31 0 8  0.002211797283962369
25 32 0 8  0.0024689941201359034
25 33 0 8  0.0027028254698961973
25 34 0 8  0.0026624705642461777
26 28 0 8  0.6780211329460144
26 29 0 8  0.8951891660690308
26 30 0 8  0.7579892873764038
26 31 0 8  0.0026946663856506348
26 32 0 8  0.0023466970305889845
26 33 0 8  0.0031549071427434683
26 34 0 8  0.004462716169655323
27 29 0 8  0.7954323291778564
27 30 0 8  0.8950732946395874
27 31 0 8  0.8865400552749634
27 32 0 8  0.004903734661638737
27 33 0 8  0.004805241711437702
27 34 0 8  0.0104136373847723
28 30 0 8  0.8367148637771606
28 31 0 8  0.9255003929138184
28 32 0 8  0.6811296939849854
28 33 0 8  0.007082226686179638
28 34 0 8  0.007728309836238623
29 31 0 8  0.870660662651062
29 32 0 8  0.8171502351760864
29 33 0 8  0.87485671043396
29 34 0 8  0.03822057694196701
30 32 0 8  0.9170154333114624
30 33 0 8  0.916408896446228
30 34 0 8  0.8384497761726379
31 33 0 8  0.9411100149154663
31 34 0 8  0.9527148008346558
32 34 0 8  0.8850840330123901
