1   F C 113.0  -93.2   96.1  109.9   96.7  8.1  8.3 0.921 0.071 0.008
2   N C 101.7  -89.6  141.7  111.9 -177.5  3.6 12.0 0.951 0.048 0.001
3   M H 124.1  -63.6  -32.6   95.2 -120.5  4.0 11.5 0.065 0.935 0.000
4   Q H 119.4  -67.6  -35.3   94.1   54.6  2.1 14.5 0.042 0.958 0.000
5   C H  51.2  -66.4  -39.0   93.7   53.0  7.5 12.9 0.029 0.971 0.000
6   Q H  86.2  -64.2  -39.7   93.0   53.7  6.4 15.4 0.022 0.978 0.000
7   R H 139.3  -65.5  -38.7   92.5   51.6  2.1 17.1 0.027 0.973 0.000
8   R H 108.2  -66.5  -39.3   93.5   51.2  5.3 17.9 0.008 0.992 0.000
9   F H  41.1  -65.1  -41.4   93.6   51.3 14.1 16.5 0.002 0.998 0.000
10  Y H 100.0  -65.2  -39.5   93.4   51.9  7.8 18.9 0.002 0.998 0.000
11  E H 104.4  -65.8  -39.3   92.4   50.9  2.9 20.6 0.005 0.995 0.000
12  A H  24.8  -67.2  -39.3   93.1   50.3 12.5 16.2 0.015 0.985 0.000
13  L H  51.4  -68.8  -32.5   93.3   51.8 14.3 13.8 0.128 0.872 0.000
14  H C 124.0  -86.8   -6.6   95.6   50.8  3.4 15.9 0.511 0.487 0.001
15  D C  58.1  -88.4  112.6  110.1   97.7 10.1 10.0 0.997 0.002 0.002
16  P C 101.0  -66.5  -24.5   93.9 -162.1  3.9 13.5 0.989 0.010 0.001
17  N C 106.7  -89.1    2.0   96.9   52.8  3.1 14.3 0.990 0.007 0.003
18  L C  44.7  -84.2  141.9  117.6  112.3 16.3  7.8 0.992 0.001 0.008
19  N C  80.1  -89.0  164.0  124.5 -136.8  3.0 20.2 0.998 0.001 0.001
20  E H 131.5  -60.6  -36.3   92.7 -103.7  4.7 13.3 0.036 0.964 0.000
21  E H 140.2  -65.4  -36.9   92.2   53.8  0.9 16.0 0.028 0.972 0.000
22  Q H  77.0  -67.4  -37.4   93.1   50.0  6.4 15.0 0.022 0.978 0.000
23  R H  69.9  -64.3  -39.7   92.7   52.5 13.7 14.0 0.018 0.982 0.000
24  N H  85.7  -64.5  -39.4   92.8   52.1  4.5 18.6 0.025 0.975 0.000
25  A H  59.5  -65.4  -39.8   92.4   51.0  2.8 19.5 0.013 0.987 0.000
26  K H  57.5  -66.7  -40.1   93.5   50.6 11.5 16.3 0.009 0.991 0.000
27  I H  41.1  -64.9  -40.1   93.3   51.3 14.6 15.9 0.013 0.987 0.000
28  K H 120.8  -65.5  -38.8   92.5   51.4  2.5 19.7 0.025 0.975 0.000
29  S H  53.4  -67.6  -38.3   93.2   50.0  4.8 18.3 0.088 0.912 0.000
30  I H  30.1  -68.7  -37.2   94.1   50.4 15.5 11.7 0.177 0.822 0.001
31  R H 123.8  -66.6  -34.1   93.6   55.3  7.2 15.0 0.341 0.657 0.002
32  D C 117.9  -72.4  -24.4   92.7   51.9  1.0 15.9 0.570 0.426 0.004
33  D C  85.3  -90.1   -3.4   97.9   48.4  5.5 13.2 0.794 0.202 0.005
34  C C  62.8  -91.9   57.4  107.3   68.6 11.7  9.0 0.997 0.002 0.001
