1 3 0 8  0.5356770753860474
1 4 0 8  0.240960955619812
1 5 0 8  0.202108234167099
1 6 0 8  0.11194731295108795
1 7 0 8  0.031811147928237915
1 8 0 8  0.002276310697197914
1 9 0 8  0.002905735280364752
1 10 0 8  0.02619122713804245
1 11 0 8  0.005545232445001602
1 12 0 8  0.002167146187275648
1 13 0 8  0.003979784436523914
1 14 0 8  0.003498457372188568
1 15 0 8  0.01140135619789362
1 16 0 8  0.00498015433549881
1 17 0 8  0.003632261184975505
1 18 0 8  0.04548858478665352
1 19 0 8  0.03306139260530472
1 20 0 8  0.026947923004627228
1 21 0 8  0.039673589169979095
1 22 0 8  0.09500172734260559
1 23 0 8  0.038170378655195236
1 24 0 8  0.10871864855289459
1 25 0 8  0.22885167598724365
1 26 0 8  0.05279061943292618
1 27 0 8  0.010341096669435501
1 28 0 8  0.10341630131006241
1 29 0 8  0.1430966854095459
1 30 0 8  0.0135505897924304
1 31 0 8  0.006806446239352226
1 32 0 8  0.020992392674088478
1 33 0 8  0.01961847022175789
1 34 0 8  0.012495191767811775
1 35 0 8  0.06001438945531845
1 36 0 8  0.023680396378040314
2 4 0 8  0.33589473366737366
2 5 0 8  0.23997683823108673
2 6 0 8  0.7804281711578369
2 7 0 8  0.9595285654067993
2 8 0 8  0.003588451538234949
2 9 0 8  0.005043079145252705
2 10 0 8  0.5527933239936829
2 11 0 8  0.04981905594468117
2 12 0 8  0.002597611164674163
2 13 0 8  0.010894368402659893
2 14 0 8  0.0034345968160778284
2 15 0 8  0.08972527086734772
2 16 0 8  0.003405514173209667
2 17 0 8  0.004464875906705856
2 18 0 8  0.5472928285598755
2 19 0 8  0.09983861446380615
2 20 0 8  0.04792496934533119
2 21 0 8  0.19805468618869781
2 22 0 8  0.29459911584854126
2 23 0 8  0.016010334715247154
2 24 0 8  0.09782000631093979
2 25 0 8  0.38370954990386963
2 26 0 8  0.0719737559556961
2 27 0 8  0.003914587665349245
2 28 0 8  0.019438577815890312
2 29 0 8  0.1716715395450592
2 30 0 8  0.03853071480989456
2 31 0 8  0.0036223330534994602
2 32 0 8  0.006929242052137852
2 33 0 8  0.015719225630164146
2 34 0 8  0.012664028443396091
2 35 0 8  0.10228297114372253
2 36 0 8  0.02397676557302475
3 5 0 8  0.21743181347846985
3 6 0 8  0.32451534271240234
3 7 0 8  0.2879917025566101
3 8 0 8  0.0026993821375072002
3 9 0 8  0.0027758837677538395
3 10 0 8  0.006027811206877232
3 11 0 8  0.00286187045276165
3 12 0 8  0.0022392687387764454
3 13 0 8  0.003116834908723831
3 14 0 8  0.002099547768011689
3 15 0 8  0.0096611762419343
3 16 0 8  0.0026799472980201244
3 17 0 8  0.0031106253154575825
3 18 0 8  0.04917741194367409
3 19 0 8  0.03945353627204895
3 20 0 8  0.02091391757130623
3 21 0 8  0.009338315576314926
3 22 0 8  0.022231677547097206
3 23 0 8  0.003083206247538328
3 24 0 8  0.002781487535685301
3 25 0 8  0.006164036691188812
3 26 0 8  0.0028670383617281914
3 27 0 8  0.002241067821159959
3 28 0 8  0.002605106681585312
3 29 0 8  0.004516937769949436
3 30 0 8  0.003122586291283369
3 31 0 8  0.002279303502291441
3 32 0 8  0.002598610008135438
3 33 0 8  0.004934272728860378
3 34 0 8  0.0029195966199040413
3 35 0 8  0.008733322843909264
3 36 0 8  0.00452317763119936
4 6 0 8  0.21338574588298798
4 7 0 8  0.2041894793510437
4 8 0 8  0.14774665236473083
4 9 0 8  0.0024793213233351707
4 10 0 8  0.0043195378966629505
4 11 0 8  0.0033615492284297943
4 12 0 8  0.0023925434798002243
4 13 0 8  0.00900334119796753
4 14 0 8  0.007246938534080982
4 15 0 8  0.7965033054351807
4 16 0 8  0.05684536695480347
4 17 0 8  0.015219519846141338
4 18 0 8  0.30128076672554016
4 19 0 8  0.22990460693836212
4 20 0 8  0.009317321702837944
4 21 0 8  0.005795201286673546
4 22 0 8  0.02156359702348709
4 23 0 8  0.004176568705588579
4 24 0 8  0.0032318695448338985
4 25 0 8  0.007226163055747747
4 26 0 8  0.0036116475239396095
4 27 0 8  0.002513030543923378
4 28 0 8  0.0025256797671318054
4 29 0 8  0.003167782910168171
4 30 0 8  0.0025664018467068672
4 31 0 8  0.0023343306966125965
4 32 0 8  0.0024140533059835434
4 33 0 8  0.0028794037643820047
4 34 0 8  0.002767261117696762
4 35 0 8  0.003897440619766712
4 36 0 8  0.0031231502071022987
5 7 0 8  0.1621861457824707
5 8 0 8  0.1240876317024231
5 9 0 8  0.17607782781124115
5 10 0 8  0.002768127014860511
5 11 0 8  0.002198542933911085
5 12 0 8  0.0019089574925601482
5 13 0 8  0.0031432416290044785
5 14 0 8  0.002771895844489336
5 15 0 8  0.047485850751399994
5 16 0 8  0.003480683546513319
5 17 0 8  0.004593506455421448
5 18 0 8  0.005393769592046738
5 19 0 8  0.003827291540801525
5 20 0 8  0.002544378861784935
5 21 0 8  0.0020296131260693073
5 22 0 8  0.0022769467905163765
5 23 0 8  0.0018917201086878777
5 24 0 8  0.002094078343361616
5 25 0 8  0.002012087032198906
5 26 0 8  0.001970549114048481
5 27 0 8  0.0019536924082785845
5 28 0 8  0.0020204673055559397
5 29 0 8  0.002093324903398752
5 30 0 8  0.0020954676438122988
5 31 0 8  0.0019007019000127912
5 32 0 8  0.0020057191140949726
5 33 0 8  0.0023727568332105875
5 34 0 8  0.002113238675519824
5 35 0 8  0.0026206960901618004
5 36 0 8  0.002516009844839573
6 8 0 8  0.15367932617664337
6 9 0 8  0.150735542178154
6 10 0 8  0.3914386034011841
6 11 0 8  0.003371540689840913
6 12 0 8  0.0019512376748025417
6 13 0 8  0.002937579294666648
6 14 0 8  0.0028390632942318916
6 15 0 8  0.003830588422715664
6 16 0 8  0.003016918431967497
6 17 0 8  0.0031443508341908455
6 18 0 8  0.0042862738482654095
6 19 0 8  0.002442882861942053
6 20 0 8  0.0020558692049235106
6 21 0 8  0.0022710668854415417
6 22 0 8  0.0023884119000285864
6 23 0 8  0.0019089204724878073
6 24 0 8  0.002207396551966667
6 25 0 8  0.002663059625774622
6 26 0 8  0.002237865701317787
6 27 0 8  0.0020832023583352566
6 28 0 8  0.002082059159874916
6 29 0 8  0.004342283122241497
6 30 0 8  0.002879986073821783
6 31 0 8  0.002035911427810788
6 32 0 8  0.0023797382600605488
6 33 0 8  0.005845750216394663
6 34 0 8  0.0026641313452273607
6 35 0 8  0.0072127170860767365
6 36 0 8  0.005103147588670254
7 9 0 8  0.1958550661802292
7 10 0 8  0.6774840354919434
7 11 0 8  0.7799556255340576
7 12 0 8  0.004418188706040382
7 13 0 8  0.292669415473938
7 14 0 8  0.01945999637246132
7 15 0 8  0.24344483017921448
7 16 0 8  0.0033987651113420725
7 17 0 8  0.006787947844713926
7 18 0 8  0.7073450684547424
7 19 0 8  0.007478989660739899
7 20 0 8  0.00263212900608778
7 21 0 8  0.030103649944067
7 22 0 8  0.01277846284210682
7 23 0 8  0.0024577546864748
7 24 0 8  0.005525761749595404
7 25 0 8  0.02465447597205639
7 26 0 8  0.0051557403057813644
7 27 0 8  0.0029008090496063232
7 28 0 8  0.0024985461495816708
7 29 0 8  0.014022662304341793
7 30 0 8  0.011900218203663826
7 31 0 8  0.002294995589181781
7 32 0 8  0.0025687972083687782
7 33 0 8  0.013133938424289227
7 34 0 8  0.0029240604490041733
7 35 0 8  0.035141222178936005
7 36 0 8  0.005668045021593571
8 10 0 8  0.23913836479187012
8 11 0 8  0.52473384141922
8 12 0 8  0.5135451555252075
8 13 0 8  0.41279900074005127
8 14 0 8  0.17355544865131378
8 15 0 8  0.445552259683609
8 16 0 8  0.0040327198803424835
8 17 0 8  0.009050743654370308
8 18 0 8  0.44332072138786316
8 19 0 8  0.00585133396089077
8 20 0 8  0.0022434003185480833
8 21 0 8  0.0022130063734948635
8 22 0 8  0.001999590080231428
8 23 0 8  0.0017407569102942944
8 24 0 8  0.0018932761158794165
8 25 0 8  0.0020977542735636234
8 26 0 8  0.0020226179622113705
8 27 0 8  0.0020199359860271215
8 28 0 8  0.0018851589411497116
8 29 0 8  0.0025644514244049788
8 30 0 8  0.0025684903375804424
8 31 0 8  0.0020217846613377333
8 32 0 8  0.0022138534113764763
8 33 0 8  0.003259100019931793
8 34 0 8  0.002271803328767419
8 35 0 8  0.0033390969038009644
8 36 0 8  0.0029808436520397663
9 11 0 8  0.3631936311721802
9 12 0 8  0.42854759097099304
9 13 0 8  0.31298941373825073
9 14 0 8  0.003273850539699197
9 15 0 8  0.0030304044485092163
9 16 0 8  0.001683988026343286
9 17 0 8  0.0018769123125821352
9 18 0 8  0.0021626362577080727
9 19 0 8  0.0016667770687490702
9 20 0 8  0.0020100923720747232
9 21 0 8  0.0020870338194072247
9 22 0 8  0.001723218010738492
9 23 0 8  0.0018320935778319836
9 24 0 8  0.0018577887676656246
9 25 0 8  0.002036544494330883
9 26 0 8  0.0019421863835304976
9 27 0 8  0.0019122571684420109
9 28 0 8  0.0020249467343091965
9 29 0 8  0.0030972145032137632
9 30 0 8  0.0025605426635593176
9 31 0 8  0.0020323777571320534
9 32 0 8  0.002695363014936447
9 33 0 8  0.00745101273059845
9 34 0 8  0.0025551796425133944
9 35 0 8  0.004528982564806938
9 36 0 8  0.003926684148609638
10 12 0 8  0.26119017601013184
10 13 0 8  0.22788220643997192
10 14 0 8  0.1428791582584381
10 15 0 8  0.0027123389299958944
10 16 0 8  0.0017327514942735434
10 17 0 8  0.0026005301624536514
10 18 0 8  0.02278650738298893
10 19 0 8  0.0020544743165373802
10 20 0 8  0.0023297243751585484
10 21 0 8  0.002826589159667492
10 22 0 8  0.001921777962706983
10 23 0 8  0.002294975332915783
10 24 0 8  0.0032346455845981836
10 25 0 8  0.0049412134103477
10 26 0 8  0.004135938826948404
10 27 0 8  0.0026126939337700605
10 28 0 8  0.005728055257350206
10 29 0 8  0.0785735547542572
10 30 0 8  0.025639627128839493
10 31 0 8  0.004250815138220787
10 32 0 8  0.009982675313949585
10 33 0 8  0.10623447597026825
10 34 0 8  0.009087560698390007
10 35 0 8  0.07830019295215607
10 36 0 8  0.025283945724368095
11 13 0 8  0.8270519971847534
11 14 0 8  0.4117475152015686
11 15 0 8  0.3108733892440796
11 16 0 8  0.0024270126596093178
11 17 0 8  0.017375577241182327
11 18 0 8  0.6278557777404785
11 19 0 8  0.0025049089454114437
11 20 0 8  0.002595056314021349
11 21 0 8  0.008077183738350868
11 22 0 8  0.0021177970338612795
11 23 0 8  0.0023533361963927746
11 24 0 8  0.003212384879589081
11 25 0 8  0.028162280097603798
11 26 0 8  0.009771346114575863
11 27 0 8  0.0029496713541448116
11 28 0 8  0.007125530857592821
11 29 0 8  0.1375667005777359
11 30 0 8  0.034062355756759644
11 31 0 8  0.004051314201205969
11 32 0 8  0.005951950326561928
11 33 0 8  0.06650243699550629
11 34 0 8  0.004517147783190012
11 35 0 8  0.03584309667348862
11 36 0 8  0.01536577008664608
12 14 0 8  0.20366427302360535
12 15 0 8  0.14027684926986694
12 16 0 8  0.10717688500881195
12 17 0 8  0.0030793417245149612
12 18 0 8  0.004438177682459354
12 19 0 8  0.0018105555791407824
12 20 0 8  0.002095822710543871
12 21 0 8  0.0020813504233956337
12 22 0 8  0.0015743619296699762
12 23 0 8  0.0019426416838541627
12 24 0 8  0.0019818958826363087
12 25 0 8  0.001791568472981453
12 26 0 8  0.0022462995257228613
12 27 0 8  0.00223682913929224
12 28 0 8  0.002348521491512656
12 29 0 8  0.004353848751634359
12 30 0 8  0.0032602138817310333
12 31 0 8  0.0026604020968079567
12 32 0 8  0.003679846413433552
12 33 0 8  0.012029167264699936
12 34 0 8  0.0034869536757469177
12 35 0 8  0.005658907815814018
12 36 0 8  0.0060576582327485085
13 15 0 8  0.3078189492225647
13 16 0 8  0.30254673957824707
13 17 0 8  0.7961316704750061
13 18 0 8  0.9388665556907654
13 19 0 8  0.0056146495044231415
13 20 0 8  0.003812026232481003
13 21 0 8  0.08768312633037567
13 22 0 8  0.002394551644101739
13 23 0 8  0.0026118801906704903
13 24 0 8  0.002509563695639372
13 25 0 8  0.005550903268158436
13 26 0 8  0.00807969644665718
13 27 0 8  0.0026947353035211563
13 28 0 8  0.00294556375592947
13 29 0 8  0.035394638776779175
13 30 0 8  0.007863201200962067
13 31 0 8  0.0030453787185251713
13 32 0 8  0.0033323396928608418
13 33 0 8  0.011911626905202866
13 34 0 8  0.0032851467840373516
13 35 0 8  0.007799764163792133
13 36 0 8  0.004391303285956383
14 16 0 8  0.3480883538722992
14 17 0 8  0.8036085367202759
14 18 0 8  0.7846173644065857
14 19 0 8  0.004064235836267471
14 20 0 8  0.0021976050920784473
14 21 0 8  0.0025509512051939964
14 22 0 8  0.0018143169581890106
14 23 0 8  0.00201968802139163
14 24 0 8  0.0017592625226825476
14 25 0 8  0.0019642652478069067
14 26 0 8  0.0027083344757556915
14 27 0 8  0.002121915575116873
14 28 0 8  0.001874233828857541
14 29 0 8  0.005570174194872379
14 30 0 8  0.003048102604225278
14 31 0 8  0.0023674361873418093
14 32 0 8  0.002384777646511793
14 33 0 8  0.004398251883685589
14 34 0 8  0.002657693810760975
14 35 0 8  0.003304473590105772
14 36 0 8  0.003118850290775299
15 17 0 8  0.7196356058120728
15 18 0 8  0.832494854927063
15 19 0 8  0.9130173325538635
15 20 0 8  0.00306407967582345
15 21 0 8  0.0029305005446076393
15 22 0 8  0.002190668135881424
15 23 0 8  0.002744847908616066
15 24 0 8  0.0022457761224359274
15 25 0 8  0.002719685435295105
15 26 0 8  0.005930262617766857
15 27 0 8  0.0026176839601248503
15 28 0 8  0.0022260306868702173
15 29 0 8  0.0040745362639427185
15 30 0 8  0.0031467010267078876
15 31 0 8  0.0023617269471287727
15 32 0 8  0.0022817840799689293
15 33 0 8  0.003040815470740199
15 34 0 8  0.0026284074410796165
15 35 0 8  0.0039528654888272285
15 36 0 8  0.003451318945735693
16 18 0 8  0.6679016947746277
16 19 0 8  0.9158704280853271
16 20 0 8  0.9350370168685913
16 21 0 8  0.0027561592869460583
16 22 0 8  0.002127215266227722
16 23 0 8  0.002371853683143854
16 24 0 8  0.0022189337760210037
16 25 0 8  0.002078223042190075
16 26 0 8  0.0024577565491199493
16 27 0 8  0.0020750570110976696
16 28 0 8  0.0020588780753314495
16 29 0 8  0.002872525015845895
16 30 0 8  0.002192788291722536
16 31 0 8  0.0020024359691888094
16 32 0 8  0.0022341464646160603
16 33 0 8  0.0022702845744788647
16 34 0 8  0.0021713017486035824
16 35 0 8  0.002159500727429986
16 36 0 8  0.002358773723244667
17 19 0 8  0.9347203969955444
17 20 0 8  0.9796314239501953
17 21 0 8  0.9709961414337158
17 22 0 8  0.003130243392661214
17 23 0 8  0.003109299810603261
17 24 0 8  0.0021925847977399826
17 25 0 8  0.00600999454036355
17 26 0 8  0.005653562489897013
17 27 0 8  0.0022261682897806168
17 28 0 8  0.002296441700309515
17 29 0 8  0.01888064667582512
17 30 0 8  0.0026950938627123833
17 31 0 8  0.0024997126311063766
17 32 0 8  0.002384213963523507
17 33 0 8  0.0027924971655011177
17 34 0 8  0.002302073873579502
17 35 0 8  0.0028457860462367535
17 36 0 8  0.0032904427498579025
18 20 0 8  0.9194730520248413
18 21 0 8  0.978394627571106
18 22 0 8  0.922271728515625
18 23 0 8  0.0065432642586529255
18 24 0 8  0.004984778352081776
18 25 0 8  0.11057484894990921
18 26 0 8  0.44262731075286865
18 27 0 8  0.0032857591286301613
18 28 0 8  0.003093416104093194
18 29 0 8  0.11420176923274994
18 30 0 8  0.01148032397031784
18 31 0 8  0.0027848826721310616
18 32 0 8  0.002328569767996669
18 33 0 8  0.003169288858771324
18 34 0 8  0.0022640149109065533
18 35 0 8  0.007029120810329914
18 36 0 8  0.0034969598054885864
19 21 0 8  0.9458562731742859
19 22 0 8  0.9653687477111816
19 23 0 8  0.924675703048706
19 24 0 8  0.0030043679289519787
19 25 0 8  0.0076466696336865425
19 26 0 8  0.03757917135953903
19 27 0 8  0.002583298133686185
19 28 0 8  0.002176583744585514
19 29 0 8  0.004165837541222572
19 30 0 8  0.002416315022855997
19 31 0 8  0.0021540294401347637
19 32 0 8  0.0022599478252232075
19 33 0 8  0.002242613583803177
19 34 0 8  0.001973095815628767
19 35 0 8  0.002339887898415327
19 36 0 8  0.003383946605026722
20 22 0 8  0.9368984699249268
20 23 0 8  0.9282119274139404
20 24 0 8  0.6976767778396606
20 25 0 8  0.008703689090907574
20 26 0 8  0.0126723051071167
20 27 0 8  0.002118130447342992
20 28 0 8  0.0025667832233011723
20 29 0 8  0.004601411521434784
20 30 0 8  0.0020526815205812454
20 31 0 8  0.0019504380179569125
20 32 0 8  0.002348720794543624
20 33 0 8  0.0021169702522456646
20 34 0 8  0.0019372564274817705
20 35 0 8  0.002043764106929302
20 36 0 8  0.002614570315927267
21 23 0 8  0.9797452688217163
21 24 0 8  0.9634783267974854
21 25 0 8  0.9643465280532837
21 26 0 8  0.9492428302764893
21 27 0 8  0.0055909533984959126
21 28 0 8  0.02493935078382492
21 29 0 8  0.8593866229057312
21 30 0 8  0.01040429063141346
21 31 0 8  0.002968261018395424
21 32 0 8  0.0023483477998524904
21 33 0 8  0.0025636092759668827
21 34 0 8  0.002396631520241499
21 35 0 8  0.006869161501526833
21 36 0 8  0.010844963602721691
22 24 0 8  0.9623737335205078
22 25 0 8  0.9660059213638306
22 26 0 8  0.9688858389854431
22 27 0 8  0.007893132045865059
22 28 0 8  0.0027811271138489246
22 29 0 8  0.005696428474038839
22 30 0 8  0.0026603215374052525
22 31 0 8  0.0023328468669205904
22 32 0 8  0.002167767845094204
22 33 0 8  0.002096043433994055
22 34 0 8  0.0025119129568338394
22 35 0 8  0.0028921468183398247
22 36 0 8  0.004897633101791143
23 25 0 8  0.9792760610580444
23 26 0 8  0.9860801696777344
23 27 0 8  0.9549108147621155
23 28 0 8  0.005299071781337261
23 29 0 8  0.006284235045313835
23 30 0 8  0.0032517611980438232
23 31 0 8  0.0023802355863153934
23 32 0 8  0.0026927825529128313
23 33 0 8  0.0019936400931328535
23 34 0 8  0.002567625604569912
23 35 0 8  0.0024508307687938213
23 36 0 8  0.0038412727881222963
24 26 0 8  0.9826970100402832
24 27 0 8  0.9777079820632935
24 28 0 8  0.8800696134567261
24 29 0 8  0.018910016864538193
24 30 0 8  0.005892870016396046
24 31 0 8  0.002456754446029663
24 32 0 8  0.002668399829417467
24 33 0 8  0.002246240619570017
24 34 0 8  0.0025952309370040894
24 35 0 8  0.004358627833425999
24 36 0 8  0.012151508592069149
25 27 0 8  0.9840162396430969
25 28 0 8  0.9493229389190674
25 29 0 8  0.8434953689575195
25 30 0 8  0.011890796944499016
25 31 0 8  0.0030608689412474632
25 32 0 8  0.002571255434304476
25 33 0 8  0.003075897227972746
25 34 0 8  0.0028031240217387676
25 35 0 8  0.014687817543745041
25 36 0 8  0.018301233649253845
26 28 0 8  0.9597960710525513
26 29 0 8  0.9070572853088379
26 30 0 8  0.8769199848175049
26 31 0 8  0.0036585815250873566
26 32 0 8  0.002426158171147108
26 33 0 8  0.00235629640519619
26 34 0 8  0.0036624488420784473
26 35 0 8  0.04730488359928131
26 36 0 8  0.06199001520872116
27 29 0 8  0.9714913964271545
27 30 0 8  0.9506562948226929
27 31 0 8  0.9515994787216187
27 32 0 8  0.009827283211052418
27 33 0 8  0.0028737080283463
27 34 0 8  0.0032864476088434458
27 35 0 8  0.03722072392702103
27 36 0 8  0.1890958845615387
28 30 0 8  0.9779033064842224
28 31 0 8  0.959124743938446
28 32 0 8  0.8671060800552368
28 33 0 8  0.023468730971217155
28 34 0 8  0.00568691361695528
28 35 0 8  0.009626800194382668
28 36 0 8  0.015428638085722923
29 31 0 8  0.9769160747528076
29 32 0 8  0.945342481136322
29 33 0 8  0.6562213897705078
29 34 0 8  0.0905652716755867
29 35 0 8  0.569627046585083
29 36 0 8  0.10160522907972336
30 32 0 8  0.9765651226043701
30 33 0 8  0.9388812780380249
30 34 0 8  0.7064788341522217
30 35 0 8  0.9547079205513
30 36 0 8  0.6875175833702087
31 33 0 8  0.9743305444717407
31 34 0 8  0.9474027752876282
31 35 0 8  0.8058452606201172
31 36 0 8  0.23582544922828674
32 34 0 8  0.9574572443962097
32 35 0 8  0.8258749842643738
32 36 0 8  0.37809261679649353
33 35 0 8  0.9355143308639526
33 36 0 8  0.6948047280311584
34 36 0 8  0.9193074703216553
