14	17	0	8	0.99911
3	6	0	8	0.99883
7	10	0	8	0.99786
4	7	0	8	0.99693
5	8	0	8	0.99640
15	18	0	8	0.99603
18	21	0	8	0.99575
13	17	0	8	0.99561
21	25	0	8	0.99533
22	25	0	8	0.99520
6	9	0	8	0.99432
23	26	0	8	0.99415
2	6	0	8	0.99359
8	11	0	8	0.99350
21	26	0	8	0.99328
3	7	0	8	0.99312
16	19	0	8	0.99269
26	29	0	8	0.99164
7	11	0	8	0.99152
13	18	0	8	0.99052
22	26	0	8	0.98997
17	20	0	8	0.98883
4	8	0	8	0.98774
8	12	0	8	0.98726
6	10	0	8	0.98725
2	7	0	8	0.98721
14	18	0	8	0.98607
28	31	0	8	0.98366
5	9	0	8	0.98052
9	12	0	8	0.97717
25	29	0	8	0.97648
25	28	0	8	0.96820
29	32	0	8	0.96668
15	19	0	8	0.96241
30	33	0	8	0.96138
8	13	0	8	0.95883
26	30	0	8	0.95739
23	27	0	8	0.95710
27	30	0	8	0.95410
28	32	0	8	0.94975
31	34	0	8	0.94632
29	33	0	8	0.94484
7	18	0	8	0.93969
27	31	0	8	0.92487
24	27	0	8	0.92235
30	35	0	8	0.91920
30	34	0	8	0.91065
17	21	0	8	0.90703
8	14	0	8	0.89887
16	20	0	8	0.89006
4	15	0	8	0.88907
24	28	0	8	0.86892
7	15	0	8	0.84231
21	29	0	8	0.84002
11	18	0	8	0.82949
11	29	0	8	0.78467
30	36	0	8	0.76554
18	26	0	8	0.76366
7	13	0	8	0.76345
11	30	0	8	0.68862
8	15	0	8	0.65669
11	33	0	8	0.62988
31	35	0	8	0.62910
10	35	0	8	0.60159
7	14	0	8	0.59022
18	29	0	8	0.58919
2	10	0	8	0.57137
13	21	0	8	0.55818
31	36	0	8	0.54958
10	33	0	8	0.54213
13	29	0	8	0.51189
11	35	0	8	0.46420
29	35	0	8	0.46054
10	30	0	8	0.42008
19	26	0	8	0.34094
4	14	0	8	0.33769
11	26	0	8	0.30014
7	12	0	8	0.29846
2	18	0	8	0.25567
33	36	0	8	0.21690
18	25	0	8	0.21663
10	36	0	8	0.21242
8	18	0	8	0.20478
2	15	0	8	0.20286
29	36	0	8	0.19905
10	34	0	8	0.19803
12	33	0	8	0.18045
11	36	0	8	0.17353
2	35	0	8	0.16008
29	34	0	8	0.15855
7	35	0	8	0.14383
13	26	0	8	0.12622
4	18	0	8	0.12135
27	36	0	8	0.11642
5	15	0	8	0.11622
7	17	0	8	0.11070
3	15	0	8	0.10907
4	19	0	8	0.09953
11	17	0	8	0.09904
32	35	0	8	0.09582
26	36	0	8	0.09233
13	33	0	8	0.08594
11	21	0	8	0.08550
7	29	0	8	0.08262
21	24	0	8	0.07953
1	6	0	8	0.07949
2	36	0	8	0.07755
10	29	0	8	0.07195
18	30	0	8	0.06785
11	34	0	8	0.06627
6	35	0	8	0.06492
12	36	0	8	0.06172
7	36	0	8	0.06144
2	19	0	8	0.05562
7	30	0	8	0.04928
25	30	0	8	0.04633
1	19	0	8	0.04586
25	36	0	8	0.04575
12	35	0	8	0.04549
1	35	0	8	0.04486
9	36	0	8	0.04419
7	26	0	8	0.04417
20	26	0	8	0.04343
4	16	0	8	0.04274
9	33	0	8	0.04213
9	35	0	8	0.04084
13	35	0	8	0.04052
13	30	0	8	0.03675
32	36	0	8	0.03491
11	32	0	8	0.03481
1	7	0	8	0.03348
17	29	0	8	0.03328
7	19	0	8	0.03272
6	36	0	8	0.03105
28	33	0	8	0.03089
2	11	0	8	0.03067
1	36	0	8	0.03063
10	18	0	8	0.03037
2	30	0	8	0.03012
26	35	0	8	0.02837
12	17	0	8	0.02787
1	15	0	8	0.02779
1	26	0	8	0.02759
13	36	0	8	0.02683
24	29	0	8	0.02650
1	25	0	8	0.02580
2	26	0	8	0.02560
28	36	0	8	0.02545
2	5	0	8	0.02532
18	36	0	8	0.02516
12	34	0	8	0.02420
18	35	0	8	0.02356
12	29	0	8	0.02290
25	35	0	8	0.02245
6	11	0	8	0.02115
1	4	0	8	0.02079
13	25	0	8	0.02066
1	22	0	8	0.02049
1	18	0	8	0.01950
13	16	0	8	0.01900
1	5	0	8	0.01895
8	17	0	8	0.01844
2	21	0	8	0.01762
10	26	0	8	0.01759
27	32	0	8	0.01734
7	33	0	8	0.01682
19	23	0	8	0.01655
10	32	0	8	0.01650
11	15	0	8	0.01640
11	25	0	8	0.01632
2	29	0	8	0.01607
20	23	0	8	0.01518
19	22	0	8	0.01495
2	25	0	8	0.01416
26	31	0	8	0.01412
2	22	0	8	0.01401
12	30	0	8	0.01388
9	34	0	8	0.01339
17	26	0	8	0.01328
2	34	0	8	0.01237
7	21	0	8	0.01209
2	33	0	8	0.01168
1	27	0	8	0.01145
11	14	0	8	0.01101
5	14	0	8	0.01073
12	18	0	8	0.01073
21	36	0	8	0.00982
24	36	0	8	0.00979
1	30	0	8	0.00964
4	36	0	8	0.00957
9	13	0	8	0.00930
10	13	0	8	0.00922
1	29	0	8	0.00919
3	18	0	8	0.00902
1	24	0	8	0.00893
3	19	0	8	0.00850
28	35	0	8	0.00841
18	22	0	8	0.00825
27	35	0	8	0.00798
6	33	0	8	0.00759
1	10	0	8	0.00747
1	23	0	8	0.00744
6	34	0	8	0.00711
1	34	0	8	0.00698
10	31	0	8	0.00682
6	15	0	8	0.00674
24	30	0	8	0.00656
21	28	0	8	0.00649
18	23	0	8	0.00633
11	27	0	8	0.00614
10	27	0	8	0.00604
2	9	0	8	0.00589
6	30	0	8	0.00586
24	35	0	8	0.00564
18	33	0	8	0.00563
21	30	0	8	0.00530
8	36	0	8	0.00521
4	13	0	8	0.00520
1	33	0	8	0.00517
13	34	0	8	0.00516
20	25	0	8	0.00510
2	14	0	8	0.00507
13	32	0	8	0.00495
1	21	0	8	0.00494
23	28	0	8	0.00479
7	25	0	8	0.00472
2	23	0	8	0.00468
2	13	0	8	0.00463
21	35	0	8	0.00458
3	36	0	8	0.00453
13	20	0	8	0.00445
5	10	0	8	0.00436
19	25	0	8	0.00424
25	31	0	8	0.00417
28	34	0	8	0.00398
7	34	0	8	0.00389
2	27	0	8	0.00353
21	27	0	8	0.00351
6	18	0	8	0.00332
2	24	0	8	0.00319
4	35	0	8	0.00313
12	32	0	8	0.00299
18	27	0	8	0.00279
2	20	0	8	0.00276
7	16	0	8	0.00274
17	36	0	8	0.00273
9	30	0	8	0.00271
22	27	0	8	0.00260
1	32	0	8	0.00246
1	20	0	8	0.00246
1	31	0	8	0.00244
8	16	0	8	0.00240
1	28	0	8	0.00238
11	28	0	8	0.00238
3	35	0	8	0.00235
1	9	0	8	0.00226
2	32	0	8	0.00225
8	35	0	8	0.00222
19	27	0	8	0.00219
15	36	0	8	0.00216
2	31	0	8	0.00216
19	29	0	8	0.00213
15	26	0	8	0.00213
20	24	0	8	0.00193
17	25	0	8	0.00180
23	36	0	8	0.00180
24	32	0	8	0.00179
2	12	0	8	0.00178
12	26	0	8	0.00174
25	34	0	8	0.00172
1	11	0	8	0.00172
25	33	0	8	0.00171
4	9	0	8	0.00169
11	31	0	8	0.00166
2	8	0	8	0.00165
22	36	0	8	0.00164
1	16	0	8	0.00162
12	15	0	8	0.00162
26	32	0	8	0.00159
16	21	0	8	0.00153
24	33	0	8	0.00151
10	21	0	8	0.00146
7	32	0	8	0.00145
24	31	0	8	0.00140
4	17	0	8	0.00137
4	20	0	8	0.00131
15	35	0	8	0.00124
14	36	0	8	0.00123
15	20	0	8	0.00122
15	29	0	8	0.00121
7	27	0	8	0.00116
22	29	0	8	0.00112
27	34	0	8	0.00111
18	24	0	8	0.00109
5	36	0	8	0.00108
8	33	0	8	0.00108
19	36	0	8	0.00106
27	33	0	8	0.00103
10	25	0	8	0.00102
16	26	0	8	0.00099
2	17	0	8	0.00099
25	32	0	8	0.00098
26	33	0	8	0.00093
2	28	0	8	0.00091
26	34	0	8	0.00090
10	28	0	8	0.00086
21	33	0	8	0.00086
17	35	0	8	0.00084
9	14	0	8	0.00083
3	8	0	8	0.00082
1	17	0	8	0.00082
2	16	0	8	0.00082
1	12	0	8	0.00081
14	29	0	8	0.00081
6	26	0	8	0.00078
5	18	0	8	0.00074
17	30	0	8	0.00073
18	28	0	8	0.00073
20	29	0	8	0.00073
8	29	0	8	0.00072
17	22	0	8	0.00072
6	32	0	8	0.00072
23	29	0	8	0.00071
9	15	0	8	0.00070
3	26	0	8	0.00070
6	14	0	8	0.00069
24	34	0	8	0.00068
3	14	0	8	0.00067
22	35	0	8	0.00066
7	22	0	8	0.00065
6	31	0	8	0.00065
18	34	0	8	0.00065
7	20	0	8	0.00065
3	33	0	8	0.00063
3	9	0	8	0.00063
14	20	0	8	0.00061
18	32	0	8	0.00061
6	13	0	8	0.00060
17	33	0	8	0.00059
22	28	0	8	0.00059
3	30	0	8	0.00058
23	35	0	8	0.00057
1	13	0	8	0.00057
1	14	0	8	0.00057
4	29	0	8	0.00057
17	32	0	8	0.00057
6	29	0	8	0.00057
5	35	0	8	0.00056
9	32	0	8	0.00056
15	30	0	8	0.00056
8	19	0	8	0.00055
10	15	0	8	0.00055
9	29	0	8	0.00054
3	34	0	8	0.00054
23	30	0	8	0.00053
13	19	0	8	0.00049
10	14	0	8	0.00048
4	11	0	8	0.00048
19	24	0	8	0.00046
4	33	0	8	0.00046
13	28	0	8	0.00045
3	16	0	8	0.00045
14	35	0	8	0.00045
7	23	0	8	0.00044
23	32	0	8	0.00042
1	8	0	8	0.00042
4	22	0	8	0.00041
7	31	0	8	0.00040
15	21	0	8	0.00040
5	16	0	8	0.00040
4	23	0	8	0.00040
20	36	0	8	0.00040
14	33	0	8	0.00040
9	18	0	8	0.00038
8	30	0	8	0.00038
3	10	0	8	0.00038
19	30	0	8	0.00036
6	12	0	8	0.00036
5	19	0	8	0.00035
13	22	0	8	0.00035
4	34	0	8	0.00034
3	29	0	8	0.00033
14	21	0	8	0.00033
17	34	0	8	0.00033
12	21	0	8	0.00033
8	34	0	8	0.00032
4	12	0	8	0.00032
16	36	0	8	0.00031
4	21	0	8	0.00031
3	27	0	8	0.00031
15	33	0	8	0.00030
10	23	0	8	0.00030
15	34	0	8	0.00029
4	26	0	8	0.00029
23	33	0	8	0.00029
12	16	0	8	0.00029
6	19	0	8	0.00027
19	35	0	8	0.00027
14	26	0	8	0.00027
7	24	0	8	0.00027
3	20	0	8	0.00026
21	32	0	8	0.00026
10	17	0	8	0.00026
3	22	0	8	0.00025
3	31	0	8	0.00025
4	30	0	8	0.00025
18	31	0	8	0.00025
4	27	0	8	0.00025
3	23	0	8	0.00024
13	27	0	8	0.00024
3	32	0	8	0.00024
20	28	0	8	0.00024
11	22	0	8	0.00024
11	24	0	8	0.00023
8	26	0	8	0.00023
5	33	0	8	0.00023
6	27	0	8	0.00022
11	23	0	8	0.00021
23	31	0	8	0.00020
7	28	0	8	0.00020
20	35	0	8	0.00020
14	34	0	8	0.00019
14	19	0	8	0.00019
14	30	0	8	0.00018
5	34	0	8	0.00018
4	10	0	8	0.00018
10	24	0	8	0.00018
17	23	0	8	0.00018
22	30	0	8	0.00017
4	25	0	8	0.00016
19	28	0	8	0.00016
3	25	0	8	0.00016
3	21	0	8	0.00015
3	11	0	8	0.00015
5	13	0	8	0.00014
20	27	0	8	0.00014
5	11	0	8	0.00014
12	25	0	8	0.00014
4	32	0	8	0.00013
11	19	0	8	0.00013
23	34	0	8	0.00012
22	33	0	8	0.00012
9	31	0	8	0.00012
22	32	0	8	0.00012
6	25	0	8	0.00011
21	34	0	8	0.00011
12	31	0	8	0.00011
4	31	0	8	0.00011
16	29	0	8	0.00011
11	16	0	8	0.00010
END