4 15 0.154
8 14 0.124
3 15 0.058
8 15 0.052
20 26 0.042
13 19 0.040
7 13 0.035
18 26 0.034
19 26 0.033
4 14 0.033
7 14 0.030
21 29 0.030
11 33 0.028
23 29 0.028
1 15 0.027
2 15 0.027
7 15 0.026
15 33 0.025
12 18 0.024
18 24 0.024
13 21 0.024
5 15 0.023
2 9 0.023
22 28 0.023
4 13 0.022
21 28 0.022
14 20 0.022
6 15 0.022
15 21 0.022
11 30 0.022
4 12 0.022
30 36 0.022
1 7 0.021
11 34 0.021
21 27 0.020
5 14 0.020
18 25 0.020
13 33 0.020
12 33 0.020
17 23 0.019
14 33 0.019
14 34 0.018
12 36 0.018
15 26 0.018
14 21 0.017
19 25 0.017
10 33 0.017
12 19 0.017
16 34 0.017
18 29 0.017
13 20 0.016
3 9 0.016
23 33 0.016
4 22 0.016
20 28 0.016
15 34 0.016
12 35 0.015
4 16 0.015
17 26 0.015
6 12 0.015
20 27 0.015
14 26 0.015
17 34 0.014
5 12 0.014
23 32 0.014
21 30 0.014
26 32 0.014
23 30 0.014
28 36 0.014
11 35 0.014
6 13 0.014
2 8 0.014
12 30 0.014
25 32 0.014
7 30 0.013
13 34 0.013
16 33 0.013
6 14 0.013
11 36 0.013
29 36 0.012
10 30 0.012
19 28 0.012
1 22 0.012
9 15 0.012
11 17 0.012
11 18 0.012
18 30 0.012
15 23 0.012
16 26 0.012
12 34 0.012
25 31 0.012
22 29 0.011
5 11 0.011
28 34 0.011
1 23 0.011
5 13 0.011
2 22 0.011
13 29 0.011
1 36 0.011
4 11 0.011
19 29 0.011
10 34 0.011
18 33 0.011
24 30 0.010
6 30 0.010
1 30 0.010
18 28 0.010
12 29 0.010
9 34 0.010
13 36 0.010
28 35 0.010
18 31 0.009
4 19 0.009
17 30 0.009
23 31 0.009
17 29 0.009
15 27 0.009
9 33 0.009
2 35 0.009
25 33 0.009
15 25 0.009
20 30 0.009
4 17 0.009
14 36 0.009
15 22 0.009
29 35 0.009
11 29 0.008
7 31 0.008
11 32 0.008
1 27 0.008
5 30 0.008
15 32 0.008
1 25 0.008
14 29 0.008
2 30 0.008
4 18 0.008
18 27 0.008
19 27 0.008
2 34 0.008
10 35 0.008
20 29 0.008
4 10 0.008
11 31 0.008
19 30 0.008
12 20 0.008
14 25 0.008
13 30 0.008
17 33 0.008
3 14 0.008
13 26 0.008
14 30 0.008
14 22 0.008
18 34 0.008
10 32 0.008
27 33 0.008
26 33 0.007
1 24 0.007
17 36 0.007
17 25 0.007
22 30 0.007
14 27 0.007
24 32 0.007
16 27 0.007
1 26 0.007
1 35 0.007
14 35 0.007
13 22 0.007
13 35 0.007
17 24 0.007
18 32 0.007
17 35 0.007
4 20 0.007
9 36 0.007
2 36 0.007
3 22 0.007
16 23 0.007
19 33 0.007
14 32 0.007
14 31 0.007
16 22 0.007
3 11 0.007
1 8 0.007
1 9 0.007
25 36 0.006
15 31 0.006
19 32 0.006
6 31 0.006
13 32 0.006
7 33 0.006
2 25 0.006
17 31 0.006
2 10 0.006
2 27 0.006
10 36 0.006
3 16 0.006
8 17 0.006
15 29 0.006
8 34 0.006
1 34 0.006
1 31 0.006
13 25 0.006
14 23 0.006
24 31 0.006
4 21 0.006
10 31 0.006
5 31 0.006
12 21 0.006
10 29 0.006
2 26 0.006
27 36 0.006
8 16 0.006
4 27 0.006
1 16 0.006
13 27 0.006
8 30 0.006
18 36 0.006
1 28 0.006
12 31 0.005
17 27 0.005
6 34 0.005
7 17 0.005
2 11 0.005
12 32 0.005
20 32 0.005
8 33 0.005
20 33 0.005
16 31 0.005
21 31 0.005
4 26 0.005
13 23 0.005
1 29 0.005
11 19 0.005
9 35 0.005
10 18 0.005
7 18 0.005
2 24 0.005
15 30 0.005
7 32 0.005
2 23 0.005
15 24 0.005
1 19 0.005
9 30 0.005
1 18 0.005
26 36 0.005
20 34 0.005
6 33 0.005
8 32 0.005
4 23 0.005
5 34 0.005
5 26 0.005
21 32 0.005
23 36 0.005
5 22 0.005
1 20 0.005
3 13 0.005
3 18 0.005
3 10 0.005
17 28 0.005
3 19 0.005
12 26 0.005
4 30 0.005
23 34 0.005
15 36 0.005
16 29 0.005
7 16 0.005
2 33 0.005
21 33 0.005
16 30 0.004
1 17 0.004
2 16 0.004
22 33 0.004
24 33 0.004
1 21 0.004
20 31 0.004
16 36 0.004
16 25 0.004
22 31 0.004
3 30 0.004
3 12 0.004
5 33 0.004
13 31 0.004
14 28 0.004
1 32 0.004
24 36 0.004
3 34 0.004
2 31 0.004
3 27 0.004
5 27 0.004
16 32 0.004
8 18 0.004
12 25 0.004
11 26 0.004
19 31 0.004
11 21 0.004
5 32 0.004
3 17 0.004
9 32 0.004
6 16 0.004
15 28 0.004
10 17 0.004
2 17 0.004
1 33 0.004
2 18 0.004
16 24 0.004
13 28 0.004
1 14 0.004
17 32 0.004
22 32 0.004
7 26 0.004
1 12 0.004
2 12 0.004
19 34 0.004
1 13 0.004
20 36 0.004
1 11 0.004
6 32 0.004
26 34 0.004
13 24 0.004
4 25 0.004
12 27 0.004
25 34 0.004
1 10 0.004
10 16 0.004
2 19 0.004
14 24 0.004
16 35 0.004
3 33 0.003
21 36 0.003
12 22 0.003
3 25 0.003
7 34 0.003
5 21 0.003
12 23 0.003
2 20 0.003
15 35 0.003
11 22 0.003
16 28 0.003
5 36 0.003
4 24 0.003
11 25 0.003
3 23 0.003
3 36 0.003
7 25 0.003
2 29 0.003
22 36 0.003
4 34 0.003
2 14 0.003
3 20 0.003
23 35 0.003
18 35 0.003
27 34 0.003
8 31 0.003
2 32 0.003
9 17 0.003
9 31 0.003
2 21 0.003
6 17 0.003
9 18 0.003
4 33 0.003
6 36 0.003
9 16 0.003
3 35 0.003
5 16 0.003
7 24 0.003
12 28 0.003
7 29 0.003
11 20 0.003
5 19 0.003
19 36 0.003
3 32 0.003
5 17 0.003
6 18 0.003
4 31 0.003
10 19 0.003
2 13 0.003
3 24 0.003
3 26 0.003
6 19 0.003
10 26 0.003
5 25 0.003
5 29 0.003
24 34 0.002
2 28 0.002
11 27 0.002
11 28 0.002
7 19 0.002
12 24 0.002
5 18 0.002
5 20 0.002
6 26 0.002
6 25 0.002
4 36 0.002
3 31 0.002
6 21 0.002
22 34 0.002
25 35 0.002
11 23 0.002
21 34 0.002
3 29 0.002
6 29 0.002
4 32 0.002
8 36 0.002
24 35 0.002
8 35 0.002
7 27 0.002
6 27 0.002
5 35 0.002
10 21 0.002
20 35 0.002
5 24 0.002
4 35 0.002
9 26 0.002
6 28 0.002
27 35 0.002
3 21 0.002
10 27 0.002
6 20 0.002
6 35 0.002
26 35 0.002
10 28 0.002
7 28 0.002
8 19 0.002
9 19 0.002
5 23 0.002
7 36 0.002
7 21 0.002
7 20 0.002
11 24 0.002
7 23 0.002
3 28 0.002
4 29 0.002
4 28 0.002
9 29 0.002
5 28 0.002
7 22 0.002
22 35 0.002
10 25 0.002
9 27 0.002
8 26 0.001
6 22 0.001
19 35 0.001
8 27 0.001
9 25 0.001
21 35 0.001
6 23 0.001
6 24 0.001
8 29 0.001
9 21 0.001
8 25 0.001
9 28 0.001
7 35 0.001
9 23 0.001
8 23 0.001
9 24 0.001
10 22 0.001
8 20 0.001
8 28 0.001
10 23 0.001
8 21 0.001
10 24 0.001
9 22 0.001
10 20 0.001
8 22 0.001
8 24 0.001
9 20 0.001