1   M C 104.8 -106.9  140.3  123.1 -144.1  8.2 13.0 0.800 0.026 0.174
2   L C  39.4  -91.3  146.0  120.9 -133.6 16.8 10.0 0.971 0.000 0.029
3   S C  60.2  -74.9  160.0  119.8 -109.6  3.2 19.2 0.997 0.000 0.003
4   D H 102.7  -60.4  -35.6   92.6 -105.8  5.9 12.5 0.085 0.915 0.000
5   E H 132.0  -65.2  -37.5   92.7   54.2  1.4 17.7 0.054 0.946 0.000
6   D H  67.8  -67.0  -37.9   92.8   50.5  5.2 16.7 0.031 0.969 0.000
7   F H  24.3  -65.1  -40.7   93.2   51.5 18.2 12.2 0.014 0.986 0.000
8   K H 104.6  -65.0  -38.5   92.9   52.3  6.7 16.9 0.023 0.977 0.000
9   A H  75.5  -67.5  -36.5   92.4   50.8  1.8 18.0 0.039 0.961 0.000
10  V H  57.2  -73.3  -34.7   94.9   47.3  9.6 15.5 0.096 0.904 0.000
11  F H  55.8  -99.7   -6.6  100.2   34.7 14.8 11.7 0.384 0.614 0.001
12  G C  58.5   74.1   16.3   94.9 -114.5  1.7 18.5 0.998 0.001 0.001
13  M C  55.1 -114.4  152.0  129.1  122.5 13.3  9.8 0.987 0.000 0.013
14  T C  79.9  -75.3  157.5  119.3 -104.9  2.8 19.8 0.951 0.000 0.049
15  R H 109.9  -60.8  -35.5   92.9 -107.4 13.2 12.5 0.098 0.902 0.000
16  S H  77.3  -64.0  -37.7   92.1   55.5  1.8 18.3 0.076 0.924 0.000
17  A H  45.7  -66.4  -38.2   92.4   51.4  5.0 16.2 0.038 0.962 0.000
18  F H  24.9  -66.0  -38.7   93.4   51.7 18.8 11.9 0.048 0.952 0.000
19  A H  60.0  -67.1  -29.9   92.5   57.0  7.9 16.4 0.312 0.688 0.001
20  N C 111.1  -88.6   -4.1   95.2   52.2  2.3 18.5 0.661 0.337 0.003
21  L C  27.8  -76.4  144.5  119.7  109.0 19.4  6.7 0.998 0.001 0.002
22  P C  70.7  -64.4  148.9  113.6 -102.4  4.8 18.6 0.998 0.002 0.000
23  L H 106.6  -59.4  -35.3   92.4 -112.4  7.4 12.9 0.145 0.855 0.000
24  W H 146.7  -66.1  -36.6   93.4   55.6  3.6 16.9 0.097 0.902 0.001
25  K H  77.4  -67.4  -37.0   93.7   52.0  8.1 15.5 0.069 0.931 0.000
26  Q H  50.8  -65.9  -38.9   93.8   53.2 13.5 14.7 0.069 0.931 0.000
27  Q H  93.0  -65.7  -38.9   93.6   52.3  5.4 18.2 0.105 0.895 0.000
28  N H  83.9  -66.8  -38.4   93.4   51.2  3.8 18.5 0.159 0.841 0.000
29  L H  44.8  -66.7  -40.1   93.6   51.0 11.5 15.6 0.128 0.871 0.001
30  K H  68.4  -66.1  -38.1   93.3   52.4 12.2 13.7 0.137 0.863 0.001
31  K H 126.3  -66.3  -36.3   92.6   52.2  2.9 14.9 0.188 0.811 0.001
32  E H 129.9  -70.2  -32.0   92.7   50.6  2.0 15.0 0.300 0.697 0.003
33  K C  96.9  -90.7   -3.8   97.5   45.6  7.8 11.9 0.654 0.337 0.009
34  G C  57.0   77.9   11.5   97.4 -107.1  2.1 16.6 0.959 0.033 0.008
35  L C  66.2  -89.3    8.1  102.9  116.3 12.5 10.8 0.971 0.011 0.018
36  F C 122.0  -98.7  117.8  113.6  100.3 10.0 12.0 0.996 0.001 0.003
