29	32	0	8	0.99986
26	29	0	8	0.99960
14	17	0	8	0.99947
25	28	0	8	0.99945
11	14	0	8	0.99931
15	18	0	8	0.99891
30	33	0	8	0.99880
28	31	0	8	0.99867
33	36	0	8	0.99833
43	46	0	8	0.99830
33	43	0	8	0.99787
32	35	0	8	0.99751
28	32	0	8	0.99742
12	15	0	8	0.99699
31	34	0	8	0.99691
29	33	0	8	0.99682
25	29	0	8	0.99674
16	19	0	8	0.99670
27	30	0	8	0.99669
8	11	0	8	0.99669
14	18	0	8	0.99667
10	13	0	8	0.99646
13	17	0	8	0.99607
13	16	0	8	0.99596
24	28	0	8	0.99571
40	43	0	8	0.99561
38	42	0	8	0.99558
10	14	0	8	0.99555
7	10	0	8	0.99539
32	36	0	8	0.99527
6	10	0	8	0.99492
41	44	0	8	0.99446
45	48	0	8	0.99430
33	38	0	8	0.99383
30	34	0	8	0.99380
26	30	0	8	0.99373
11	15	0	8	0.99367
42	45	0	8	0.99366
32	43	0	8	0.99294
44	47	0	8	0.99246
38	43	0	8	0.99150
31	35	0	8	0.99149
9	12	0	8	0.99121
15	19	0	8	0.99025
34	37	0	8	0.98958
39	43	0	8	0.98942
7	11	0	8	0.98890
43	47	0	8	0.98890
9	13	0	8	0.98879
29	43	0	8	0.98808
39	42	0	8	0.98786
17	20	0	8	0.98779
27	31	0	8	0.98777
44	48	0	8	0.98729
12	16	0	8	0.98522
24	29	0	8	0.98079
40	44	0	8	0.98055
8	12	0	8	0.98008
41	45	0	8	0.97895
42	46	0	8	0.97806
6	11	0	8	0.97596
33	37	0	8	0.97323
47	50	0	8	0.97195
18	21	0	8	0.96921
33	40	0	8	0.96617
16	20	0	8	0.96542
33	39	0	8	0.95827
46	49	0	8	0.95672
45	49	0	8	0.95639
17	21	0	8	0.95261
21	24	0	8	0.95045
49	52	0	8	0.94209
46	50	0	8	0.93685
14	32	0	8	0.91638
29	40	0	8	0.91591
47	51	0	8	0.91457
36	43	0	8	0.91180
48	51	0	8	0.90776
48	52	0	8	0.88503
17	32	0	8	0.87992
10	36	0	8	0.87747
29	44	0	8	0.87680
30	40	0	8	0.81804
18	47	0	8	0.81650
50	53	0	8	0.81357
24	47	0	8	0.79908
33	42	0	8	0.79297
49	53	0	8	0.78615
18	24	0	8	0.76857
14	46	0	8	0.73803
24	32	0	8	0.73772
13	36	0	8	0.72711
6	14	0	8	0.72348
14	36	0	8	0.69752
17	24	0	8	0.69319
23	47	0	8	0.65618
14	43	0	8	0.64631
18	50	0	8	0.61879
6	36	0	8	0.61460
51	54	0	8	0.59849
6	38	0	8	0.58047
18	22	0	8	0.56638
21	28	0	8	0.56320
29	47	0	8	0.54755
17	28	0	8	0.54569
14	47	0	8	0.54433
32	38	0	8	0.54067
50	54	0	8	0.52101
23	51	0	8	0.48718
13	35	0	8	0.48491
13	32	0	8	0.46296
38	46	0	8	0.45604
19	22	0	8	0.44770
24	43	0	8	0.40504
4	38	0	8	0.40151
11	46	0	8	0.37336
18	51	0	8	0.37237
10	38	0	8	0.36937
6	42	0	8	0.36227
2	5	0	8	0.34484
4	42	0	8	0.33952
6	46	0	8	0.33342
21	25	0	8	0.29884
18	46	0	8	0.29575
22	51	0	8	0.28907
24	44	0	8	0.28770
15	50	0	8	0.26514
23	48	0	8	0.25822
18	54	0	8	0.25640
18	32	0	8	0.23805
3	38	0	8	0.23631
1	5	0	8	0.23489
3	6	0	8	0.23299
21	47	0	8	0.22765
4	37	0	8	0.22671
1	4	0	8	0.22004
14	50	0	8	0.20879
6	37	0	8	0.20281
22	47	0	8	0.19973
14	38	0	8	0.19201
5	38	0	8	0.19056
23	50	0	8	0.18720
30	43	0	8	0.17532
17	47	0	8	0.17526
4	39	0	8	0.17420
34	38	0	8	0.17127
2	37	0	8	0.16921
10	37	0	8	0.16143
17	31	0	8	0.15967
3	37	0	8	0.15956
9	36	0	8	0.15719
5	42	0	8	0.15523
26	40	0	8	0.14603
3	42	0	8	0.14566
4	36	0	8	0.14100
36	42	0	8	0.13661
32	47	0	8	0.13237
2	6	0	8	0.13219
15	46	0	8	0.13054
2	38	0	8	0.12924
23	28	0	8	0.12891
10	35	0	8	0.12294
1	37	0	8	0.12025
3	36	0	8	0.11842
4	7	0	8	0.11225
32	40	0	8	0.10723
10	32	0	8	0.10719
2	39	0	8	0.10710
3	39	0	8	0.10660
5	37	0	8	0.10597
20	24	0	8	0.10511
17	35	0	8	0.10463
4	46	0	8	0.10087
19	50	0	8	0.09817
26	44	0	8	0.09768
19	54	0	8	0.09721
22	50	0	8	0.09715
5	36	0	8	0.09548
15	54	0	8	0.09425
6	43	0	8	0.09401
21	51	0	8	0.08559
33	41	0	8	0.08443
19	51	0	8	0.08414
7	36	0	8	0.08241
29	41	0	8	0.07985
18	43	0	8	0.07913
1	38	0	8	0.07748
3	7	0	8	0.07740
22	54	0	8	0.07595
6	45	0	8	0.07553
1	39	0	8	0.07352
5	10	0	8	0.07260
2	42	0	8	0.07251
4	45	0	8	0.07106
11	50	0	8	0.06892
38	41	0	8	0.06759
17	29	0	8	0.06595
3	46	0	8	0.06565
1	6	0	8	0.06487
20	28	0	8	0.06486
18	23	0	8	0.06363
18	28	0	8	0.06268
3	10	0	8	0.06212
3	11	0	8	0.05817
36	46	0	8	0.05759
2	36	0	8	0.05746
23	44	0	8	0.05717
14	35	0	8	0.05711
5	46	0	8	0.05692
32	46	0	8	0.05683
10	46	0	8	0.05668
17	36	0	8	0.05429
11	36	0	8	0.05362
1	42	0	8	0.05339
23	54	0	8	0.05333
47	52	0	8	0.05308
24	51	0	8	0.05270
34	40	0	8	0.05219
11	54	0	8	0.05174
28	47	0	8	0.04921
3	45	0	8	0.04859
49	54	0	8	0.04754
14	54	0	8	0.04716
23	52	0	8	0.04699
22	48	0	8	0.04691
5	11	0	8	0.04618
17	22	0	8	0.04493
18	48	0	8	0.04457
1	36	0	8	0.04434
14	33	0	8	0.04333
6	9	0	8	0.04205
4	11	0	8	0.04175
48	53	0	8	0.04056
18	53	0	8	0.03892
14	24	0	8	0.03860
15	47	0	8	0.03859
10	42	0	8	0.03519
22	25	0	8	0.03420
23	29	0	8	0.03418
9	35	0	8	0.03411
11	49	0	8	0.03368
5	45	0	8	0.03273
2	45	0	8	0.03227
46	51	0	8	0.03225
3	14	0	8	0.03218
24	48	0	8	0.03177
4	41	0	8	0.03163
21	50	0	8	0.03110
17	43	0	8	0.03085
4	10	0	8	0.03042
5	39	0	8	0.03013
1	45	0	8	0.02984
1	46	0	8	0.02974
8	54	0	8	0.02971
18	29	0	8	0.02871
21	54	0	8	0.02795
28	43	0	8	0.02776
4	8	0	8	0.02775
2	46	0	8	0.02680
13	31	0	8	0.02592
16	21	0	8	0.02546
2	7	0	8	0.02453
1	7	0	8	0.02450
37	42	0	8	0.02430
33	44	0	8	0.02344
18	49	0	8	0.02278
5	8	0	8	0.02272
20	23	0	8	0.02258
21	32	0	8	0.02250
1	41	0	8	0.02174
15	51	0	8	0.02159
3	41	0	8	0.02151
11	47	0	8	0.02144
2	41	0	8	0.02143
14	51	0	8	0.02119
11	38	0	8	0.02115
22	52	0	8	0.02021
6	39	0	8	0.01995
24	27	0	8	0.01959
14	49	0	8	0.01924
24	46	0	8	0.01916
7	37	0	8	0.01904
45	50	0	8	0.01899
2	33	0	8	0.01895
19	47	0	8	0.01895
22	53	0	8	0.01851
25	44	0	8	0.01836
1	10	0	8	0.01827
48	54	0	8	0.01804
10	33	0	8	0.01783
2	10	0	8	0.01712
34	39	0	8	0.01703
25	47	0	8	0.01688
29	46	0	8	0.01680
20	54	0	8	0.01673
18	52	0	8	0.01668
3	49	0	8	0.01664
19	53	0	8	0.01664
3	8	0	8	0.01629
22	28	0	8	0.01614
21	29	0	8	0.01598
10	43	0	8	0.01590
2	34	0	8	0.01560
24	50	0	8	0.01553
11	45	0	8	0.01548
2	11	0	8	0.01497
6	49	0	8	0.01457
14	29	0	8	0.01445
4	43	0	8	0.01445
3	33	0	8	0.01410
6	32	0	8	0.01376
18	44	0	8	0.01366
17	23	0	8	0.01352
23	53	0	8	0.01352
14	42	0	8	0.01334
11	53	0	8	0.01323
7	38	0	8	0.01316
2	35	0	8	0.01269
20	25	0	8	0.01267
23	46	0	8	0.01246
1	34	0	8	0.01237
5	9	0	8	0.01235
4	33	0	8	0.01213
1	33	0	8	0.01209
20	51	0	8	0.01197
44	49	0	8	0.01193
1	8	0	8	0.01183
15	53	0	8	0.01139
1	49	0	8	0.01139
21	27	0	8	0.01099
45	54	0	8	0.01095
37	43	0	8	0.01084
2	14	0	8	0.01066
46	54	0	8	0.01062
23	26	0	8	0.01062
43	48	0	8	0.01051
2	49	0	8	0.01025
14	44	0	8	0.01024
16	35	0	8	0.01020
46	52	0	8	0.01010
1	35	0	8	0.01009
17	25	0	8	0.00998
11	43	0	8	0.00990
47	54	0	8	0.00966
1	11	0	8	0.00947
6	35	0	8	0.00944
4	49	0	8	0.00921
32	37	0	8	0.00915
23	49	0	8	0.00904
14	45	0	8	0.00902
2	8	0	8	0.00901
3	35	0	8	0.00876
46	53	0	8	0.00848
14	28	0	8	0.00845
3	43	0	8	0.00842
4	14	0	8	0.00815
23	27	0	8	0.00808
5	41	0	8	0.00807
11	42	0	8	0.00805
5	49	0	8	0.00776
9	37	0	8	0.00754
26	47	0	8	0.00746
6	47	0	8	0.00742
47	53	0	8	0.00742
14	53	0	8	0.00737
6	54	0	8	0.00736
6	50	0	8	0.00720
45	52	0	8	0.00692
17	50	0	8	0.00670
21	48	0	8	0.00649
17	51	0	8	0.00649
6	33	0	8	0.00649
45	53	0	8	0.00647
35	38	0	8	0.00631
22	44	0	8	0.00626
24	54	0	8	0.00616
26	43	0	8	0.00605
24	40	0	8	0.00587
12	54	0	8	0.00586
6	13	0	8	0.00586
18	25	0	8	0.00583
15	49	0	8	0.00574
1	14	0	8	0.00563
3	34	0	8	0.00559
36	39	0	8	0.00554
21	52	0	8	0.00553
16	32	0	8	0.00548
17	54	0	8	0.00546
19	24	0	8	0.00536
4	35	0	8	0.00521
19	23	0	8	0.00520
3	54	0	8	0.00519
1	54	0	8	0.00512
32	42	0	8	0.00506
23	43	0	8	0.00495
3	50	0	8	0.00488
17	46	0	8	0.00480
10	45	0	8	0.00473
33	46	0	8	0.00466
29	48	0	8	0.00466
29	39	0	8	0.00452
19	52	0	8	0.00439
7	46	0	8	0.00438
11	32	0	8	0.00437
21	53	0	8	0.00435
14	52	0	8	0.00410
25	48	0	8	0.00405
11	51	0	8	0.00400
1	53	0	8	0.00399
38	45	0	8	0.00396
16	22	0	8	0.00386
14	48	0	8	0.00380
3	32	0	8	0.00378
5	14	0	8	0.00377
45	51	0	8	0.00376
30	39	0	8	0.00375
2	32	0	8	0.00369
14	31	0	8	0.00363
3	53	0	8	0.00361
8	46	0	8	0.00356
1	50	0	8	0.00349
6	53	0	8	0.00349
4	9	0	8	0.00349
1	44	0	8	0.00347
2	54	0	8	0.00344
6	41	0	8	0.00341
24	52	0	8	0.00341
2	43	0	8	0.00336
9	38	0	8	0.00335
21	44	0	8	0.00334
2	40	0	8	0.00329
5	43	0	8	0.00328
22	46	0	8	0.00327
3	48	0	8	0.00327
3	44	0	8	0.00324
1	48	0	8	0.00323
20	47	0	8	0.00320
42	47	0	8	0.00318
13	37	0	8	0.00314
4	54	0	8	0.00314
3	15	0	8	0.00312
4	50	0	8	0.00310
8	53	0	8	0.00309
21	26	0	8	0.00308
22	49	0	8	0.00307
13	33	0	8	0.00302
3	40	0	8	0.00298
1	43	0	8	0.00296
36	47	0	8	0.00296
5	35	0	8	0.00289
1	40	0	8	0.00285
4	40	0	8	0.00280
13	28	0	8	0.00279
13	38	0	8	0.00278
5	54	0	8	0.00275
36	40	0	8	0.00272
11	52	0	8	0.00272
2	53	0	8	0.00269
15	20	0	8	0.00265
4	44	0	8	0.00257
29	38	0	8	0.00257
22	29	0	8	0.00256
30	44	0	8	0.00255
3	9	0	8	0.00247
41	46	0	8	0.00246
7	35	0	8	0.00243
32	44	0	8	0.00241
3	47	0	8	0.00238
2	48	0	8	0.00237
4	53	0	8	0.00237
1	9	0	8	0.00236
2	44	0	8	0.00233
24	31	0	8	0.00230
23	32	0	8	0.00230
32	39	0	8	0.00227
7	42	0	8	0.00227
17	33	0	8	0.00226
34	43	0	8	0.00225
33	47	0	8	0.00220
15	52	0	8	0.00220
10	39	0	8	0.00219
20	50	0	8	0.00218
1	32	0	8	0.00215
44	54	0	8	0.00210
10	47	0	8	0.00209
4	34	0	8	0.00208
13	43	0	8	0.00206
2	50	0	8	0.00202
12	36	0	8	0.00200
5	53	0	8	0.00200
31	36	0	8	0.00199
19	46	0	8	0.00195
3	52	0	8	0.00194
28	44	0	8	0.00194
10	54	0	8	0.00189
12	50	0	8	0.00189
13	46	0	8	0.00188
38	47	0	8	0.00188
31	40	0	8	0.00187
16	54	0	8	0.00187
37	40	0	8	0.00185
44	52	0	8	0.00183
7	12	0	8	0.00181
21	46	0	8	0.00179
22	26	0	8	0.00177
12	53	0	8	0.00176
5	50	0	8	0.00175
25	51	0	8	0.00169
19	48	0	8	0.00167
3	18	0	8	0.00165
19	49	0	8	0.00163
27	40	0	8	0.00161
1	47	0	8	0.00161
29	42	0	8	0.00160
2	30	0	8	0.00160
4	47	0	8	0.00158
40	45	0	8	0.00156
44	51	0	8	0.00154
24	53	0	8	0.00154
10	50	0	8	0.00152
2	47	0	8	0.00145
37	41	0	8	0.00144
2	9	0	8	0.00144
35	43	0	8	0.00144
1	30	0	8	0.00144
20	53	0	8	0.00143
15	32	0	8	0.00143
1	52	0	8	0.00140
5	33	0	8	0.00138
8	36	0	8	0.00137
26	41	0	8	0.00136
7	54	0	8	0.00136
6	48	0	8	0.00135
8	13	0	8	0.00134
20	32	0	8	0.00132
8	50	0	8	0.00132
7	49	0	8	0.00131
30	35	0	8	0.00129
1	15	0	8	0.00129
6	52	0	8	0.00128
26	54	0	8	0.00128
44	53	0	8	0.00124
23	45	0	8	0.00123
2	15	0	8	0.00123
42	54	0	8	0.00121
2	52	0	8	0.00121
26	48	0	8	0.00120
8	49	0	8	0.00119
20	31	0	8	0.00119
43	51	0	8	0.00119
11	37	0	8	0.00118
17	27	0	8	0.00116
4	48	0	8	0.00115
5	48	0	8	0.00115
14	19	0	8	0.00114
12	46	0	8	0.00113
21	49	0	8	0.00111
25	40	0	8	0.00111
21	31	0	8	0.00110
15	48	0	8	0.00109
30	41	0	8	0.00109
1	31	0	8	0.00108
7	39	0	8	0.00107
26	51	0	8	0.00106
7	45	0	8	0.00105
10	49	0	8	0.00104
6	15	0	8	0.00101
10	34	0	8	0.00101
22	27	0	8	0.00100
6	44	0	8	0.00100
25	54	0	8	0.00096
2	18	0	8	0.00096
5	47	0	8	0.00096
20	52	0	8	0.00095
3	30	0	8	0.00095
9	54	0	8	0.00095
1	18	0	8	0.00094
21	43	0	8	0.00094
4	52	0	8	0.00094
5	52	0	8	0.00094
1	12	0	8	0.00092
3	51	0	8	0.00091
20	27	0	8	0.00090
24	49	0	8	0.00090
18	45	0	8	0.00090
13	47	0	8	0.00090
11	48	0	8	0.00089
8	45	0	8	0.00088
28	40	0	8	0.00086
3	12	0	8	0.00086
25	43	0	8	0.00086
18	36	0	8	0.00085
29	34	0	8	0.00085
31	43	0	8	0.00085
17	44	0	8	0.00084
5	40	0	8	0.00082
44	50	0	8	0.00082
14	37	0	8	0.00080
6	51	0	8	0.00080
13	34	0	8	0.00076
14	40	0	8	0.00075
16	28	0	8	0.00071
1	51	0	8	0.00070
12	35	0	8	0.00070
10	15	0	8	0.00069
3	29	0	8	0.00068
16	31	0	8	0.00068
10	53	0	8	0.00068
5	34	0	8	0.00067
11	35	0	8	0.00067
2	31	0	8	0.00067
12	17	0	8	0.00066
5	44	0	8	0.00065
27	32	0	8	0.00064
6	12	0	8	0.00063
13	54	0	8	0.00063
7	13	0	8	0.00062
15	45	0	8	0.00061
24	33	0	8	0.00061
7	50	0	8	0.00060
6	40	0	8	0.00059
4	32	0	8	0.00058
43	54	0	8	0.00056
15	43	0	8	0.00056
17	48	0	8	0.00053
41	54	0	8	0.00052
30	38	0	8	0.00052
7	53	0	8	0.00052
42	53	0	8	0.00051
9	14	0	8	0.00050
24	45	0	8	0.00050
2	51	0	8	0.00050
19	25	0	8	0.00049
1	19	0	8	0.00048
16	50	0	8	0.00048
4	15	0	8	0.00047
9	46	0	8	0.00047
6	34	0	8	0.00046
2	12	0	8	0.00046
1	13	0	8	0.00046
4	51	0	8	0.00045
11	33	0	8	0.00045
1	26	0	8	0.00044
4	12	0	8	0.00044
19	28	0	8	0.00044
43	52	0	8	0.00044
43	49	0	8	0.00044
25	52	0	8	0.00042
22	32	0	8	0.00041
17	53	0	8	0.00041
9	32	0	8	0.00041
16	24	0	8	0.00041
16	36	0	8	0.00040
29	54	0	8	0.00040
11	16	0	8	0.00039
2	29	0	8	0.00039
17	49	0	8	0.00039
14	21	0	8	0.00039
3	13	0	8	0.00039
10	41	0	8	0.00038
41	53	0	8	0.00038
20	26	0	8	0.00038
36	54	0	8	0.00037
2	26	0	8	0.00037
26	31	0	8	0.00037
39	44	0	8	0.00037
42	52	0	8	0.00037
13	50	0	8	0.00036
29	51	0	8	0.00036
18	31	0	8	0.00035
22	43	0	8	0.00035
7	43	0	8	0.00035
5	51	0	8	0.00034
25	32	0	8	0.00034
25	50	0	8	0.00033
28	48	0	8	0.00032
28	33	0	8	0.00032
17	52	0	8	0.00032
32	50	0	8	0.00032
29	45	0	8	0.00032
43	50	0	8	0.00032
1	29	0	8	0.00032
7	14	0	8	0.00031
2	13	0	8	0.00031
42	51	0	8	0.00031
8	52	0	8	0.00031
28	54	0	8	0.00030
32	54	0	8	0.00030
18	26	0	8	0.00030
3	31	0	8	0.00030
11	44	0	8	0.00029
38	44	0	8	0.00029
15	22	0	8	0.00029
9	34	0	8	0.00029
11	29	0	8	0.00029
33	45	0	8	0.00029
17	26	0	8	0.00029
25	53	0	8	0.00029
42	50	0	8	0.00028
15	24	0	8	0.00028
3	19	0	8	0.00028
5	15	0	8	0.00027
40	46	0	8	0.00027
7	52	0	8	0.00027
1	17	0	8	0.00027
10	31	0	8	0.00027
39	45	0	8	0.00026
14	23	0	8	0.00026
12	51	0	8	0.00026
8	38	0	8	0.00026
23	40	0	8	0.00026
8	42	0	8	0.00026
36	50	0	8	0.00026
43	53	0	8	0.00025
25	30	0	8	0.00025
15	21	0	8	0.00025
8	47	0	8	0.00025
7	47	0	8	0.00025
8	37	0	8	0.00025
41	52	0	8	0.00025
24	30	0	8	0.00025
41	49	0	8	0.00025
26	53	0	8	0.00025
26	52	0	8	0.00025
36	41	0	8	0.00025
39	46	0	8	0.00024
1	25	0	8	0.00024
1	21	0	8	0.00024
15	44	0	8	0.00024
17	34	0	8	0.00023
41	51	0	8	0.00023
15	36	0	8	0.00023
5	32	0	8	0.00023
2	17	0	8	0.00023
7	15	0	8	0.00023
11	17	0	8	0.00023
38	54	0	8	0.00022
42	49	0	8	0.00022
20	29	0	8	0.00022
20	48	0	8	0.00022
6	18	0	8	0.00022
18	33	0	8	0.00022
16	51	0	8	0.00022
8	51	0	8	0.00022
14	22	0	8	0.00022
37	46	0	8	0.00022
1	27	0	8	0.00021
23	31	0	8	0.00021
2	19	0	8	0.00021
30	47	0	8	0.00021
3	26	0	8	0.00021
36	45	0	8	0.00021
13	18	0	8	0.00021
7	33	0	8	0.00021
16	23	0	8	0.00021
12	49	0	8	0.00021
22	45	0	8	0.00021
17	40	0	8	0.00021
20	44	0	8	0.00021
29	50	0	8	0.00021
28	46	0	8	0.00020
12	32	0	8	0.00020
5	13	0	8	0.00020
28	51	0	8	0.00019
10	51	0	8	0.00019
12	47	0	8	0.00019
10	52	0	8	0.00019
1	24	0	8	0.00018
8	35	0	8	0.00018
26	34	0	8	0.00018
1	28	0	8	0.00018
10	44	0	8	0.00017
36	53	0	8	0.00017
16	53	0	8	0.00017
9	53	0	8	0.00017
11	19	0	8	0.00017
10	40	0	8	0.00017
17	30	0	8	0.00017
18	35	0	8	0.00016
8	15	0	8	0.00016
35	39	0	8	0.00016
6	17	0	8	0.00016
8	14	0	8	0.00016
11	18	0	8	0.00016
32	51	0	8	0.00016
3	17	0	8	0.00016
16	47	0	8	0.00016
4	13	0	8	0.00016
12	52	0	8	0.00015
1	22	0	8	0.00015
4	18	0	8	0.00015
7	34	0	8	0.00015
31	37	0	8	0.00015
13	23	0	8	0.00015
24	41	0	8	0.00015
6	23	0	8	0.00015
27	54	0	8	0.00014
14	34	0	8	0.00014
27	35	0	8	0.00014
9	42	0	8	0.00014
42	48	0	8	0.00014
14	39	0	8	0.00014
1	20	0	8	0.00014
9	33	0	8	0.00014
13	29	0	8	0.00014
7	41	0	8	0.00013
13	24	0	8	0.00013
28	50	0	8	0.00013
29	52	0	8	0.00013
29	36	0	8	0.00013
26	33	0	8	0.00013
14	20	0	8	0.00013
19	44	0	8	0.00013
29	53	0	8	0.00013
2	21	0	8	0.00013
4	30	0	8	0.00012
9	39	0	8	0.00012
7	51	0	8	0.00012
17	38	0	8	0.00012
5	12	0	8	0.00012
1	23	0	8	0.00012
25	31	0	8	0.00012
26	32	0	8	0.00012
8	48	0	8	0.00012
20	46	0	8	0.00011
13	51	0	8	0.00011
40	54	0	8	0.00011
10	48	0	8	0.00011
32	53	0	8	0.00011
13	53	0	8	0.00011
41	48	0	8	0.00011
2	28	0	8	0.00011
1	16	0	8	0.00011
27	44	0	8	0.00011
36	51	0	8	0.00011
2	24	0	8	0.00011
41	50	0	8	0.00011
26	50	0	8	0.00011
34	41	0	8	0.00010
END