1 3 0 8  0.8719981908798218
1 4 0 8  0.8187057971954346
1 5 0 8  0.6235498189926147
1 6 0 8  0.04609636962413788
1 7 0 8  0.07112353295087814
1 8 0 8  0.13047966361045837
1 9 0 8  0.012846234254539013
1 10 0 8  0.014583181589841843
1 11 0 8  0.07175920903682709
1 12 0 8  0.010405585169792175
1 13 0 8  0.0037589019630104303
1 14 0 8  0.008738851174712181
1 15 0 8  0.01080496609210968
1 16 0 8  0.0034755221568048
1 17 0 8  0.0030612084083259106
1 18 0 8  0.0038668313063681126
1 19 0 8  0.0032734214328229427
1 20 0 8  0.0030850921757519245
1 21 0 8  0.0036547849886119366
1 22 0 8  0.004123666323721409
1 23 0 8  0.005228397902101278
1 24 0 8  0.004374248906970024
1 25 0 8  0.004224457778036594
1 26 0 8  0.003866729559376836
1 27 0 8  0.0036904290318489075
1 28 0 8  0.0038458039052784443
1 29 0 8  0.003782380372285843
1 30 0 8  0.003990337252616882
1 31 0 8  0.004489336162805557
1 32 0 8  0.005437481217086315
1 33 0 8  0.005171382799744606
1 34 0 8  0.007231473922729492
1 35 0 8  0.008924165740609169
1 36 0 8  0.021620547398924828
1 37 0 8  0.02846730872988701
1 38 0 8  0.03159662336111069
1 39 0 8  0.019536688923835754
1 40 0 8  0.008683889172971249
1 41 0 8  0.01792513206601143
1 42 0 8  0.035648226737976074
1 43 0 8  0.007003963924944401
1 44 0 8  0.011752497404813766
1 45 0 8  0.07459229975938797
1 46 0 8  0.05439583584666252
1 47 0 8  0.013690460473299026
1 48 0 8  0.025715157389640808
1 49 0 8  0.04083554446697235
1 50 0 8  0.022374194115400314
1 51 0 8  0.016247199848294258
1 52 0 8  0.013349334709346294
1 53 0 8  0.012010989710688591
1 54 0 8  0.012990874238312244
2 4 0 8  0.8809427618980408
2 5 0 8  0.8626877069473267
2 6 0 8  0.8303688168525696
2 7 0 8  0.0966997891664505
2 8 0 8  0.14580732583999634
2 9 0 8  0.006559796631336212
2 10 0 8  0.007676716893911362
2 11 0 8  0.03681909292936325
2 12 0 8  0.004237165208905935
2 13 0 8  0.0031262401025742292
2 14 0 8  0.0042502302676439285
2 15 0 8  0.0038886505644768476
2 16 0 8  0.00293187377974391
2 17 0 8  0.002877112478017807
2 18 0 8  0.0033067623153328896
2 19 0 8  0.002886312548071146
2 20 0 8  0.002944969106465578
2 21 0 8  0.0037342500872910023
2 22 0 8  0.0038466393016278744
2 23 0 8  0.004763700067996979
2 24 0 8  0.0036721820943057537
2 25 0 8  0.003729715244844556
2 26 0 8  0.0037142778746783733
2 27 0 8  0.0037223859690129757
2 28 0 8  0.003320579882711172
2 29 0 8  0.0033424636349081993
2 30 0 8  0.0034605320543050766
2 31 0 8  0.0035562017001211643
2 32 0 8  0.0036775232292711735
2 33 0 8  0.004238820634782314
2 34 0 8  0.005174268968403339
2 35 0 8  0.006771565414965153
2 36 0 8  0.010422851890325546
2 37 0 8  0.031153958290815353
2 38 0 8  0.02516227960586548
2 39 0 8  0.027214091271162033
2 40 0 8  0.008314519189298153
2 41 0 8  0.015723129734396935
2 42 0 8  0.019773636013269424
2 43 0 8  0.0055025117471814156
2 44 0 8  0.006223263218998909
2 45 0 8  0.02223297581076622
2 46 0 8  0.02950248122215271
2 47 0 8  0.008338279090821743
2 48 0 8  0.015454730950295925
2 49 0 8  0.017924338579177856
2 50 0 8  0.011670053005218506
2 51 0 8  0.011054146103560925
2 52 0 8  0.010206636972725391
2 53 0 8  0.00879821926355362
2 54 0 8  0.008057428523898125
3 5 0 8  0.9720778465270996
3 6 0 8  0.9548629522323608
3 7 0 8  0.9374093413352966
3 8 0 8  0.10665839910507202
3 9 0 8  0.005280014593154192
3 10 0 8  0.07552658021450043
3 11 0 8  0.2367977797985077
3 12 0 8  0.005276750307530165
3 13 0 8  0.004406766965985298
3 14 0 8  0.05946663022041321
3 15 0 8  0.013045047409832478
3 16 0 8  0.0035886606201529503
3 17 0 8  0.003549089189618826
3 18 0 8  0.004990397021174431
3 19 0 8  0.0032370323315262794
3 20 0 8  0.003092569299042225
3 21 0 8  0.003576243296265602
3 22 0 8  0.0038464495446532965
3 23 0 8  0.0055125001817941666
3 24 0 8  0.004226966295391321
3 25 0 8  0.003576244693249464
3 26 0 8  0.003379206173121929
3 27 0 8  0.003165524685755372
3 28 0 8  0.0031094965524971485
3 29 0 8  0.003286991734057665
3 30 0 8  0.003180907340720296
3 31 0 8  0.00332572590559721
3 32 0 8  0.0040167151018977165
3 33 0 8  0.005287534557282925
3 34 0 8  0.005035183858126402
3 35 0 8  0.00819840282201767
3 36 0 8  0.040960125625133514
3 37 0 8  0.06715574860572815
3 38 0 8  0.13744956254959106
3 39 0 8  0.038933638483285904
3 40 0 8  0.008326226845383644
3 41 0 8  0.017132755368947983
3 42 0 8  0.12923136353492737
3 43 0 8  0.023050740361213684
3 44 0 8  0.01618819124996662
3 45 0 8  0.06280641257762909
3 46 0 8  0.148225337266922
3 47 0 8  0.01856159046292305
3 48 0 8  0.01910388469696045
3 49 0 8  0.03875134512782097
3 50 0 8  0.03173397108912468
3 51 0 8  0.024039406329393387
3 52 0 8  0.021778393536806107
3 53 0 8  0.010247422382235527
3 54 0 8  0.009439564310014248
4 6 0 8  0.9738539457321167
4 7 0 8  0.9674053192138672
4 8 0 8  0.8284507989883423
4 9 0 8  0.003915517590939999
4 10 0 8  0.013862631283700466
4 11 0 8  0.07787534594535828
4 12 0 8  0.003788211615756154
4 13 0 8  0.003291130531579256
4 14 0 8  0.005591884255409241
4 15 0 8  0.0038067572750151157
4 16 0 8  0.0031912655103951693
4 17 0 8  0.0030259075574576855
4 18 0 8  0.003125872928649187
4 19 0 8  0.0028611328452825546
4 20 0 8  0.0029734615236520767
4 21 0 8  0.003568434389308095
4 22 0 8  0.0037373374216258526
4 23 0 8  0.004749517887830734
4 24 0 8  0.004239046014845371
4 25 0 8  0.0033551950473338366
4 26 0 8  0.003213721327483654
4 27 0 8  0.0029899831861257553
4 28 0 8  0.0028347885236144066
4 29 0 8  0.003078300040215254
4 30 0 8  0.0030517971608787775
4 31 0 8  0.0030694925226271152
4 32 0 8  0.0032468000426888466
4 33 0 8  0.0040542855858802795
4 34 0 8  0.003949804697185755
4 35 0 8  0.006692518480122089
4 36 0 8  0.032486483454704285
4 37 0 8  0.04964876174926758
4 38 0 8  0.2145780473947525
4 39 0 8  0.044512029737234116
4 40 0 8  0.009127132594585419
4 41 0 8  0.023491013795137405
4 42 0 8  0.16923299431800842
4 43 0 8  0.013288050889968872
4 44 0 8  0.012030472978949547
4 45 0 8  0.05353151634335518
4 46 0 8  0.08252957463264465
4 47 0 8  0.012482479214668274
4 48 0 8  0.010117513127624989
4 49 0 8  0.020887739956378937
4 50 0 8  0.01690893992781639
4 51 0 8  0.018256699666380882
4 52 0 8  0.030528370290994644
4 53 0 8  0.011019308120012283
4 54 0 8  0.009676994755864143
5 7 0 8  0.9775766730308533
5 8 0 8  0.9205478429794312
5 9 0 8  0.6815016865730286
5 10 0 8  0.04144388809800148
5 11 0 8  0.04999981075525284
5 12 0 8  0.0033986037597060204
5 13 0 8  0.0034051137045025826
5 14 0 8  0.005896029062569141
5 15 0 8  0.0033583873882889748
5 16 0 8  0.0029680270235985518
5 17 0 8  0.003327296581119299
5 18 0 8  0.00323657039552927
5 19 0 8  0.003091184888035059
5 20 0 8  0.003090773243457079
5 21 0 8  0.003565779887139797
5 22 0 8  0.003489547874778509
5 23 0 8  0.004436613526195288
5 24 0 8  0.003441784530878067
5 25 0 8  0.0031989584676921368
5 26 0 8  0.0034061246551573277
5 27 0 8  0.0031388914212584496
5 28 0 8  0.002976447343826294
5 29 0 8  0.0030827317386865616
5 30 0 8  0.0031442660838365555
5 31 0 8  0.0032124859280884266
5 32 0 8  0.003197737969458103
5 33 0 8  0.0038908959832042456
5 34 0 8  0.003925905097275972
5 35 0 8  0.0070577869191765785
5 36 0 8  0.03422349691390991
5 37 0 8  0.030669428408145905
5 38 0 8  0.08553871512413025
5 39 0 8  0.014236651360988617
5 40 0 8  0.006400131620466709
5 41 0 8  0.006592022255063057
5 42 0 8  0.07607433199882507
5 43 0 8  0.007273456547409296
5 44 0 8  0.005725122056901455
5 45 0 8  0.016792092472314835
5 46 0 8  0.07482438534498215
5 47 0 8  0.0071883839555084705
5 48 0 8  0.006794535554945469
5 49 0 8  0.01552149374037981
5 50 0 8  0.02075258642435074
5 51 0 8  0.018164223060011864
5 52 0 8  0.044466570019721985
5 53 0 8  0.014235412701964378
5 54 0 8  0.010341744869947433
6 8 0 8  0.9878289699554443
6 9 0 8  0.9485892057418823
6 10 0 8  0.9901961088180542
6 11 0 8  0.972880482673645
6 12 0 8  0.004395768977701664
6 13 0 8  0.005536544136703014
6 14 0 8  0.8276227116584778
6 15 0 8  0.010934758000075817
6 16 0 8  0.003550098277628422
6 17 0 8  0.0032546536531299353
6 18 0 8  0.0036655953153967857
6 19 0 8  0.0028579100035130978
6 20 0 8  0.002926481422036886
6 21 0 8  0.003240074496716261
6 22 0 8  0.0031810319051146507
6 23 0 8  0.008708866313099861
6 24 0 8  0.0034164534881711006
6 25 0 8  0.003039030358195305
6 26 0 8  0.002893572673201561
6 27 0 8  0.0028501732740551233
6 28 0 8  0.002946671564131975
6 29 0 8  0.003054059110581875
6 30 0 8  0.0027911197394132614
6 31 0 8  0.0027665700763463974
6 32 0 8  0.0069626932963728905
6 33 0 8  0.009979549795389175
6 34 0 8  0.0035116090439260006
6 35 0 8  0.00955970585346222
6 36 0 8  0.6746609807014465
6 37 0 8  0.1004694402217865
6 38 0 8  0.7250914573669434
6 39 0 8  0.020249255001544952
6 40 0 8  0.006595569662749767
6 41 0 8  0.009846365079283714
6 42 0 8  0.3060815632343292
6 43 0 8  0.11424083262681961
6 44 0 8  0.007891691289842129
6 45 0 8  0.04123195260763168
6 46 0 8  0.23626001179218292
6 47 0 8  0.0075019653886556625
6 48 0 8  0.0063711064867675304
6 49 0 8  0.01888563483953476
6 50 0 8  0.015673281624913216
6 51 0 8  0.008821019902825356
6 52 0 8  0.013803113251924515
6 53 0 8  0.008627263829112053
6 54 0 8  0.007321200333535671
7 9 0 8  0.983603835105896
7 10 0 8  0.9804055690765381
7 11 0 8  0.9799070358276367
7 12 0 8  0.004883578047156334
7 13 0 8  0.0033499100245535374
7 14 0 8  0.010539356619119644
7 15 0 8  0.00319385202601552
7 16 0 8  0.0029935131315141916
7 17 0 8  0.002832616213709116
7 18 0 8  0.0028668702580034733
7 19 0 8  0.002802124246954918
7 20 0 8  0.0028490209951996803
7 21 0 8  0.0029388831462711096
7 22 0 8  0.002746674930676818
7 23 0 8  0.003542267484590411
7 24 0 8  0.0028613414615392685
7 25 0 8  0.0027970592491328716
7 26 0 8  0.0028873090632259846
7 27 0 8  0.002906228881329298
7 28 0 8  0.0027504272293299437
7 29 0 8  0.0029759977478533983
7 30 0 8  0.0030679935589432716
7 31 0 8  0.00301913358271122
7 32 0 8  0.0036184429191052914
7 33 0 8  0.00410771369934082
7 34 0 8  0.0036385199055075645
7 35 0 8  0.010749157518148422
7 36 0 8  0.17868825793266296
7 37 0 8  0.058161232620477676
7 38 0 8  0.041284799575805664
7 39 0 8  0.005335376597940922
7 40 0 8  0.003543645376339555
7 41 0 8  0.0037179149221628904
7 42 0 8  0.007408882025629282
7 43 0 8  0.005082528106868267
7 44 0 8  0.0033979841973632574
7 45 0 8  0.0044731637462973595
7 46 0 8  0.01112743467092514
7 47 0 8  0.003951342776417732
7 48 0 8  0.0037015993148088455
7 49 0 8  0.00653871800750494
7 50 0 8  0.006880766712129116
7 51 0 8  0.005344017408788204
7 52 0 8  0.005986773408949375
7 53 0 8  0.006066228728741407
7 54 0 8  0.007127809338271618
8 10 0 8  0.9817066192626953
8 11 0 8  0.9783570766448975
8 12 0 8  0.9601233601570129
8 13 0 8  0.0038368264213204384
8 14 0 8  0.0033623664639890194
8 15 0 8  0.0033287752885371447
8 16 0 8  0.003618707414716482
8 17 0 8  0.0030263452790677547
8 18 0 8  0.003057868219912052
8 19 0 8  0.0031220833770930767
8 20 0 8  0.0031691575422883034
8 21 0 8  0.0031116767786443233
8 22 0 8  0.0029183709993958473
8 23 0 8  0.003290694672614336
8 24 0 8  0.0028652409091591835
8 25 0 8  0.0029152235947549343
8 26 0 8  0.003001976292580366
8 27 0 8  0.003069483209401369
8 28 0 8  0.002999371849000454
8 29 0 8  0.0028382488526403904
8 30 0 8  0.0030477847903966904
8 31 0 8  0.0029003426898270845
8 32 0 8  0.003183947643265128
8 33 0 8  0.0028928802348673344
8 34 0 8  0.0032863810192793608
8 35 0 8  0.003658567788079381
8 36 0 8  0.005328386090695858
8 37 0 8  0.007738844025880098
8 38 0 8  0.0045505911111831665
8 39 0 8  0.0036365995183587074
8 40 0 8  0.0029263640753924847
8 41 0 8  0.003259004093706608
8 42 0 8  0.003646144876256585
8 43 0 8  0.003436331870034337
8 44 0 8  0.0031751501373946667
8 45 0 8  0.0035140071995556355
8 46 0 8  0.004921989981085062
8 47 0 8  0.0036431672051548958
8 48 0 8  0.003712618490681052
8 49 0 8  0.005412796512246132
8 50 0 8  0.005137704312801361
8 51 0 8  0.00432103406637907
8 52 0 8  0.003911303356289864
8 53 0 8  0.004109786357730627
8 54 0 8  0.005204261280596256
9 11 0 8  0.9694162607192993
9 12 0 8  0.952958881855011
9 13 0 8  0.9684954881668091
9 14 0 8  0.003777488134801388
9 15 0 8  0.0030391630716621876
9 16 0 8  0.003078320762142539
9 17 0 8  0.0030969877261668444
9 18 0 8  0.00315797864459455
9 19 0 8  0.002913107629865408
9 20 0 8  0.0028564606327563524
9 21 0 8  0.003038044087588787
9 22 0 8  0.0030134813860058784
9 23 0 8  0.0031212284229695797
9 24 0 8  0.002941532526165247
9 25 0 8  0.0027503701858222485
9 26 0 8  0.0029023003298789263
9 27 0 8  0.003024888224899769
9 28 0 8  0.0030017970129847527
9 29 0 8  0.0028325682505965233
9 30 0 8  0.0030420655384659767
9 31 0 8  0.003274895716458559
9 32 0 8  0.008219808340072632
9 33 0 8  0.0034487927332520485
9 34 0 8  0.003714929334819317
9 35 0 8  0.08715082705020905
9 36 0 8  0.47363653779029846
9 37 0 8  0.06933272629976273
9 38 0 8  0.008410432375967503
9 39 0 8  0.0037468592636287212
9 40 0 8  0.0033811540342867374
9 41 0 8  0.00308952946215868
9 42 0 8  0.0032803225331008434
9 43 0 8  0.003287877421826124
9 44 0 8  0.0028594015166163445
9 45 0 8  0.002975685056298971
9 46 0 8  0.0034319558180868626
9 47 0 8  0.0030697379261255264
9 48 0 8  0.0027989570517092943
9 49 0 8  0.003392211627215147
9 50 0 8  0.003392843995243311
9 51 0 8  0.0031767950858920813
9 52 0 8  0.003384820418432355
9 53 0 8  0.0032179993577301502
9 54 0 8  0.0035427086986601353
10 12 0 8  0.9824462532997131
10 13 0 8  0.9724627733230591
10 14 0 8  0.9451236128807068
10 15 0 8  0.003534975228831172
10 16 0 8  0.0031885041389614344
10 17 0 8  0.0029380584601312876
10 18 0 8  0.003840419463813305
10 19 0 8  0.002899477956816554
10 20 0 8  0.002756183035671711
10 21 0 8  0.0029636165127158165
10 22 0 8  0.0028266049921512604
10 23 0 8  0.003061209339648485
10 24 0 8  0.002830578712746501
10 25 0 8  0.0026772180572152138
10 26 0 8  0.0026680524460971355
10 27 0 8  0.0028187399730086327
10 28 0 8  0.0027978112921118736
10 29 0 8  0.003484921995550394
10 30 0 8  0.002708536572754383
10 31 0 8  0.0032310383394360542
10 32 0 8  0.548244059085846
10 33 0 8  0.06879286468029022
10 34 0 8  0.0036696242168545723
10 35 0 8  0.1368456780910492
10 36 0 8  0.9702916145324707
10 37 0 8  0.0998573899269104
10 38 0 8  0.3644099235534668
10 39 0 8  0.004630652256309986
10 40 0 8  0.004115466959774494
10 41 0 8  0.0035515562631189823
10 42 0 8  0.010052251629531384
10 43 0 8  0.08569304645061493
10 44 0 8  0.0032164498697966337
10 45 0 8  0.004384171683341265
10 46 0 8  0.06486707180738449
10 47 0 8  0.005315714981406927
10 48 0 8  0.0030315453186631203
10 49 0 8  0.0043317656964063644
10 50 0 8  0.005668420344591141
10 51 0 8  0.0031959800980985165
10 52 0 8  0.003404353279620409
10 53 0 8  0.003218649886548519
10 54 0 8  0.0035548575688153505
11 13 0 8  0.9712546467781067
11 14 0 8  0.9796544313430786
11 15 0 8  0.9734454154968262
11 16 0 8  0.0037042892072349787
11 17 0 8  0.0029299375601112843
11 18 0 8  0.004942967556416988
11 19 0 8  0.0032952474430203438
11 20 0 8  0.0030597387813031673
11 21 0 8  0.003076790366321802
11 22 0 8  0.003039122559130192
11 23 0 8  0.0035890196450054646
11 24 0 8  0.0031273565255105495
11 25 0 8  0.0029392982833087444
11 26 0 8  0.002903285901993513
11 27 0 8  0.003079543821513653
11 28 0 8  0.002748569007962942
11 29 0 8  0.003210322931408882
11 30 0 8  0.0030300174839794636
11 31 0 8  0.0028906920924782753
11 32 0 8  0.005090715363621712
11 33 0 8  0.0028701662085950375
11 34 0 8  0.0030144061893224716
11 35 0 8  0.0035691908560693264
11 36 0 8  0.012929163873195648
11 37 0 8  0.002844046102836728
11 38 0 8  0.005774780176579952
11 39 0 8  0.0029680635780096054
11 40 0 8  0.0032282820902764797
11 41 0 8  0.003410354256629944
11 42 0 8  0.0048863207921385765
11 43 0 8  0.02522752434015274
11 44 0 8  0.0036004921421408653
11 45 0 8  0.005690971855074167
11 46 0 8  0.33166205883026123
11 47 0 8  0.015350147150456905
11 48 0 8  0.004071780014783144
11 49 0 8  0.014024276286363602
11 50 0 8  0.16246387362480164
11 51 0 8  0.005030511878430843
11 52 0 8  0.005373985506594181
11 53 0 8  0.004792945459485054
11 54 0 8  0.008926576003432274
12 14 0 8  0.9709173440933228
12 15 0 8  0.9860209226608276
12 16 0 8  0.9848995208740234
12 17 0 8  0.0034686881117522717
12 18 0 8  0.0030973327811807394
12 19 0 8  0.003199503291398287
12 20 0 8  0.0035743145272135735
12 21 0 8  0.00327656720764935
12 22 0 8  0.0029497931245714426
12 23 0 8  0.003474591765552759
12 24 0 8  0.0031182128004729748
12 25 0 8  0.00288837100379169
12 26 0 8  0.002958321012556553
12 27 0 8  0.002937471494078636
12 28 0 8  0.002866381546482444
12 29 0 8  0.0027678231708705425
12 30 0 8  0.0030813668854534626
12 31 0 8  0.0027149412781000137
12 32 0 8  0.0031571080908179283
12 33 0 8  0.003042765660211444
12 34 0 8  0.002835634397342801
12 35 0 8  0.005114473402500153
12 36 0 8  0.008524342440068722
12 37 0 8  0.0033724585082381964
12 38 0 8  0.0030642254278063774
12 39 0 8  0.002753925509750843
12 40 0 8  0.002921998966485262
12 41 0 8  0.0029728934168815613
12 42 0 8  0.002478921553120017
12 43 0 8  0.0032530860044062138
12 44 0 8  0.002748742699623108
12 45 0 8  0.0031318601686507463
12 46 0 8  0.0038159950636327267
12 47 0 8  0.003188344184309244
12 48 0 8  0.00296190963126719
12 49 0 8  0.0033618505112826824
12 50 0 8  0.004744484089314938
12 51 0 8  0.0031004496850073338
12 52 0 8  0.0035479888319969177
12 53 0 8  0.0031676075886934996
12 54 0 8  0.004549799486994743
13 15 0 8  0.9847530126571655
13 16 0 8  0.9855457544326782
13 17 0 8  0.984348475933075
13 18 0 8  0.0038269206415861845
13 19 0 8  0.0029874551109969616
13 20 0 8  0.002986453240737319
13 21 0 8  0.0037714962381869555
13 22 0 8  0.0029533773194998503
13 23 0 8  0.0037596309557557106
13 24 0 8  0.003378576599061489
13 25 0 8  0.002734733745455742
13 26 0 8  0.003011489287018776
13 27 0 8  0.002774787601083517
13 28 0 8  0.005096493288874626
13 29 0 8  0.0033985371701419353
13 30 0 8  0.0034291911870241165
13 31 0 8  0.06474628299474716
13 32 0 8  0.945330023765564
13 33 0 8  0.008720016106963158
13 34 0 8  0.003736472688615322
13 35 0 8  0.8630847334861755
13 36 0 8  0.7825661897659302
13 37 0 8  0.006887895055115223
13 38 0 8  0.00535905547440052
13 39 0 8  0.0028244121931493282
13 40 0 8  0.0035342290066182613
13 41 0 8  0.002843786496669054
13 42 0 8  0.0028405776247382164
13 43 0 8  0.005504687782377005
13 44 0 8  0.0026858707424253225
13 45 0 8  0.003186034969985485
13 46 0 8  0.004461430013179779
13 47 0 8  0.003979026339948177
13 48 0 8  0.0027143489569425583
13 49 0 8  0.0031981579959392548
13 50 0 8  0.003651728853583336
13 51 0 8  0.0029676812700927258
13 52 0 8  0.0031736039090901613
13 53 0 8  0.0029774648137390614
13 54 0 8  0.0034211634192615747
14 16 0 8  0.955717146396637
14 17 0 8  0.9738811254501343
14 18 0 8  0.9870540499687195
14 19 0 8  0.004171639680862427
14 20 0 8  0.0032968036830425262
14 21 0 8  0.005927256308495998
14 22 0 8  0.004374166950583458
14 23 0 8  0.036042988300323486
14 24 0 8  0.05320937559008598
14 25 0 8  0.003858101088553667
14 26 0 8  0.003087472403421998
14 27 0 8  0.003051651641726494
14 28 0 8  0.022689776495099068
14 29 0 8  0.035660527646541595
14 30 0 8  0.002928907983005047
14 31 0 8  0.003774553071707487
14 32 0 8  0.9132139682769775
14 33 0 8  0.02346082404255867
14 34 0 8  0.0027245560195297003
14 35 0 8  0.009623789228498936
14 36 0 8  0.39497581124305725
14 37 0 8  0.0026445090770721436
14 38 0 8  0.02721504494547844
14 39 0 8  0.0025607130955904722
14 40 0 8  0.004041261970996857
14 41 0 8  0.0030046405736356974
14 42 0 8  0.004696179646998644
14 43 0 8  0.5894156098365784
14 44 0 8  0.004832898266613483
14 45 0 8  0.007982860319316387
14 46 0 8  0.8208005428314209
14 47 0 8  0.7347096800804138
14 48 0 8  0.003549865446984768
14 49 0 8  0.014321639202535152
14 50 0 8  0.5592285394668579
14 51 0 8  0.009568917565047741
14 52 0 8  0.005036192946135998
14 53 0 8  0.003525595646351576
14 54 0 8  0.008562609553337097
15 17 0 8  0.9492476582527161
15 18 0 8  0.9788570404052734
15 19 0 8  0.9624942541122437
15 20 0 8  0.0051286481320858
15 21 0 8  0.005376511253416538
15 22 0 8  0.0040047955699265
15 23 0 8  0.0073665897361934185
15 24 0 8  0.0049459319561719894
15 25 0 8  0.0034453156404197216
15 26 0 8  0.0031595034524798393
15 27 0 8  0.0032407836988568306
15 28 0 8  0.0031555485911667347
15 29 0 8  0.002911470364779234
15 30 0 8  0.0031764055602252483
15 31 0 8  0.003044675337150693
15 32 0 8  0.003180963918566704
15 33 0 8  0.0026142627466470003
15 34 0 8  0.0031567299738526344
15 35 0 8  0.002957250690087676
15 36 0 8  0.0028946767561137676
15 37 0 8  0.002654506592079997
15 38 0 8  0.003321269527077675
15 39 0 8  0.0025323880836367607
15 40 0 8  0.003121903631836176
15 41 0 8  0.0028679771348834038
15 42 0 8  0.002634518314152956
15 43 0 8  0.004585811868309975
15 44 0 8  0.002778664231300354
15 45 0 8  0.0031728954054415226
15 46 0 8  0.07860998809337616
15 47 0 8  0.0195515975356102
15 48 0 8  0.0035982546396553516
15 49 0 8  0.007808143738657236
15 50 0 8  0.6320368051528931
15 51 0 8  0.009409893304109573
15 52 0 8  0.00679984875023365
15 53 0 8  0.017651723697781563
15 54 0 8  0.11595814675092697
16 18 0 8  0.9800335168838501
16 19 0 8  0.9877163171768188
16 20 0 8  0.9847128391265869
16 21 0 8  0.016114667057991028
16 22 0 8  0.0053004128858447075
16 23 0 8  0.004244253039360046
16 24 0 8  0.0036697392351925373
16 25 0 8  0.003244570689275861
16 26 0 8  0.003013424575328827
16 27 0 8  0.002791839651763439
16 28 0 8  0.0031851683743298054
16 29 0 8  0.00263020396232605
16 30 0 8  0.003031040308997035
16 31 0 8  0.0033303198870271444
16 32 0 8  0.010552742518484592
16 33 0 8  0.0026719821617007256
16 34 0 8  0.002868073992431164
16 35 0 8  0.007661608979105949
16 36 0 8  0.003458642866462469
16 37 0 8  0.002914935816079378
16 38 0 8  0.0027475045062601566
16 39 0 8  0.002521328628063202
16 40 0 8  0.0027143359184265137
16 41 0 8  0.0027507799677550793
16 42 0 8  0.002565431874245405
16 43 0 8  0.003448312170803547
16 44 0 8  0.0028631354216486216
16 45 0 8  0.003011432010680437
16 46 0 8  0.003125546034425497
16 47 0 8  0.0036098207347095013
16 48 0 8  0.0030090445652604103
16 49 0 8  0.0032598329707980156
16 50 0 8  0.004073253832757473
16 51 0 8  0.003229381050914526
16 52 0 8  0.00369904818944633
16 53 0 8  0.0032754093408584595
16 54 0 8  0.004735620692372322
17 19 0 8  0.9898476004600525
17 20 0 8  0.9919155836105347
17 21 0 8  0.9800658226013184
17 22 0 8  0.08079172670841217
17 23 0 8  0.1012859046459198
17 24 0 8  0.3463781177997589
17 25 0 8  0.006964673288166523
17 26 0 8  0.0032947249710559845
17 27 0 8  0.004109048284590244
17 28 0 8  0.7513707876205444
17 29 0 8  0.05084165185689926
17 30 0 8  0.0034855660051107407
17 31 0 8  0.24447381496429443
17 32 0 8  0.9161344170570374
17 33 0 8  0.003611198626458645
17 34 0 8  0.003451656550168991
17 35 0 8  0.10686413198709488
17 36 0 8  0.01505163125693798
17 37 0 8  0.003407960757613182
17 38 0 8  0.0034354887902736664
17 39 0 8  0.0026547641027718782
17 40 0 8  0.0031116479076445103
17 41 0 8  0.0027294561732560396
17 42 0 8  0.0027996497228741646
17 43 0 8  0.004219302907586098
17 44 0 8  0.002943631261587143
17 45 0 8  0.0031613539904356003
17 46 0 8  0.003343743272125721
17 47 0 8  0.011236559599637985
17 48 0 8  0.0027796481736004353
17 49 0 8  0.0035411156713962555
17 50 0 8  0.008061625063419342
17 51 0 8  0.004241687245666981
17 52 0 8  0.0036503481678664684
17 53 0 8  0.0033625029027462006
17 54 0 8  0.005109946709126234
18 20 0 8  0.9838690757751465
18 21 0 8  0.9886376857757568
18 22 0 8  0.986004114151001
18 23 0 8  0.5987852811813354
18 24 0 8  0.4095245599746704
18 25 0 8  0.018812183290719986
18 26 0 8  0.003578914562240243
18 27 0 8  0.0042145829647779465
18 28 0 8  0.09162572026252747
18 29 0 8  0.0193132683634758
18 30 0 8  0.0029892846941947937
18 31 0 8  0.003799990750849247
18 32 0 8  0.07434491813182831
18 33 0 8  0.003488200018182397
18 34 0 8  0.0029109669849276543
18 35 0 8  0.003206430235877633
18 36 0 8  0.005107810255140066
18 37 0 8  0.002828634809702635
18 38 0 8  0.005123683251440525
18 39 0 8  0.0027577218133956194
18 40 0 8  0.003316746558994055
18 41 0 8  0.002806633710861206
18 42 0 8  0.0030490518547594547
18 43 0 8  0.01739620789885521
18 44 0 8  0.003668693359941244
18 45 0 8  0.004378613084554672
18 46 0 8  0.03461889922618866
18 47 0 8  0.5935527682304382
18 48 0 8  0.007013570051640272
18 49 0 8  0.014828404411673546
18 50 0 8  0.5390066504478455
18 51 0 8  0.2662275433540344
18 52 0 8  0.012532591819763184
18 53 0 8  0.014723159372806549
18 54 0 8  0.18348893523216248
19 21 0 8  0.9889644980430603
19 22 0 8  0.986842930316925
19 23 0 8  0.9762766361236572
19 24 0 8  0.008259056136012077
19 25 0 8  0.004536808468401432
19 26 0 8  0.0029321955516934395
19 27 0 8  0.0031795711256563663
19 28 0 8  0.003995188511908054
19 29 0 8  0.003007054328918457
19 30 0 8  0.003105390816926956
19 31 0 8  0.003947083838284016
19 32 0 8  0.002871620701625943
19 33 0 8  0.002563178539276123
19 34 0 8  0.0028407552745193243
19 35 0 8  0.003074263222515583
19 36 0 8  0.0027063051238656044
19 37 0 8  0.002677351702004671
19 38 0 8  0.002753494307398796
19 39 0 8  0.0025723353028297424
19 40 0 8  0.002947466913610697
19 41 0 8  0.002667438704520464
19 42 0 8  0.002557359402999282
19 43 0 8  0.0026812064461410046
19 44 0 8  0.0028932904824614525
19 45 0 8  0.0027473950758576393
19 46 0 8  0.0027051810175180435
19 47 0 8  0.004918157123029232
19 48 0 8  0.0029463928658515215
19 49 0 8  0.0033657585736364126
19 50 0 8  0.022663267329335213
19 51 0 8  0.01237514242529869
19 52 0 8  0.00594223290681839
19 53 0 8  0.009452814236283302
19 54 0 8  0.09175342321395874
20 22 0 8  0.9871178269386292
20 23 0 8  0.9816237688064575
20 24 0 8  0.9367047548294067
20 25 0 8  0.005419958382844925
20 26 0 8  0.0030073104426264763
20 27 0 8  0.004029027186334133
20 28 0 8  0.046494148671627045
20 29 0 8  0.0034118453040719032
20 30 0 8  0.0032688616774976254
20 31 0 8  0.008963000029325485
20 32 0 8  0.004335425794124603
20 33 0 8  0.0030474169179797173
20 34 0 8  0.0029631247743964195
20 35 0 8  0.0034152050502598286
20 36 0 8  0.0028532559517771006
20 37 0 8  0.0030439926777035
20 38 0 8  0.002592515666037798
20 39 0 8  0.00259931618347764
20 40 0 8  0.0028964264784008265
20 41 0 8  0.0028074970468878746
20 42 0 8  0.0024933787062764168
20 43 0 8  0.0026539817918092012
20 44 0 8  0.002870062366127968
20 45 0 8  0.0025283631402999163
20 46 0 8  0.002512767445296049
20 47 0 8  0.0034403717145323753
20 48 0 8  0.003094998886808753
20 49 0 8  0.0032412437722086906
20 50 0 8  0.00401227967813611
20 51 0 8  0.005780360661447048
20 52 0 8  0.004728867206722498
20 53 0 8  0.005325539968907833
20 54 0 8  0.009475132450461388
21 23 0 8  0.9898608922958374
21 24 0 8  0.9877337217330933
21 25 0 8  0.953389585018158
21 26 0 8  0.006721585988998413
21 27 0 8  0.014172831550240517
21 28 0 8  0.37723249197006226
21 29 0 8  0.01469925232231617
21 30 0 8  0.0038278638385236263
21 31 0 8  0.01340675912797451
21 32 0 8  0.014237567782402039
21 33 0 8  0.003145294263958931
21 34 0 8  0.002920047380030155
21 35 0 8  0.0031429787632077932
21 36 0 8  0.0027978334110230207
21 37 0 8  0.0030370079912245274
21 38 0 8  0.002799936104565859
21 39 0 8  0.0030702913645654917
21 40 0 8  0.0036130312364548445
21 41 0 8  0.0031687580049037933
21 42 0 8  0.0033513703383505344
21 43 0 8  0.0038011332508176565
21 44 0 8  0.005217650439590216
21 45 0 8  0.003751292359083891
21 46 0 8  0.003519466146826744
21 47 0 8  0.012331620790064335
21 48 0 8  0.005690841935575008
21 49 0 8  0.005848867818713188
21 50 0 8  0.011526808142662048
21 51 0 8  0.03666751831769943
21 52 0 8  0.011152002960443497
21 53 0 8  0.013760842382907867
21 54 0 8  0.040995270013809204
22 24 0 8  0.9891558885574341
22 25 0 8  0.9779139757156372
22 26 0 8  0.8502594232559204
22 27 0 8  0.008975058794021606
22 28 0 8  0.04772156476974487
22 29 0 8  0.009645063430070877
22 30 0 8  0.003695607651025057
22 31 0 8  0.00420764833688736
22 32 0 8  0.005243922583758831
22 33 0 8  0.0028471024706959724
22 34 0 8  0.0030175945721566677
22 35 0 8  0.003093449166044593
22 36 0 8  0.0025641436222940683
22 37 0 8  0.0028832945972681046
22 38 0 8  0.0029061399400234222
22 39 0 8  0.0028621251694858074
22 40 0 8  0.0034438061993569136
22 41 0 8  0.003219504375010729
22 42 0 8  0.0032920234370976686
22 43 0 8  0.003573604393750429
22 44 0 8  0.00590975396335125
22 45 0 8  0.0030170800164341927
22 46 0 8  0.0032341969199478626
22 47 0 8  0.03191828355193138
22 48 0 8  0.010903099551796913
22 49 0 8  0.004405560903251171
22 50 0 8  0.025310944765806198
22 51 0 8  0.1038815975189209
22 52 0 8  0.02886098623275757
22 53 0 8  0.05303759127855301
22 54 0 8  0.14861543476581573
23 25 0 8  0.9869205951690674
23 26 0 8  0.9751418828964233
23 27 0 8  0.9055013656616211
23 28 0 8  0.13699188828468323
23 29 0 8  0.06382900476455688
23 30 0 8  0.003898302325978875
23 31 0 8  0.005303214304149151
23 32 0 8  0.023485487326979637
23 33 0 8  0.003268937114626169
23 34 0 8  0.0030714664608240128
23 35 0 8  0.0032649950589984655
23 36 0 8  0.0031124455854296684
23 37 0 8  0.0030196290463209152
23 38 0 8  0.0036421227268874645
23 39 0 8  0.00373016856610775
23 40 0 8  0.01827137917280197
23 41 0 8  0.007151886820793152
23 42 0 8  0.007308139465749264
23 43 0 8  0.02044753171503544
23 44 0 8  0.11172956228256226
23 45 0 8  0.006960701197385788
23 46 0 8  0.005838114768266678
23 47 0 8  0.3230065703392029
23 48 0 8  0.035852380096912384
23 49 0 8  0.007957394234836102
23 50 0 8  0.0652180165052414
23 51 0 8  0.21166419982910156
23 52 0 8  0.15495845675468445
23 53 0 8  0.1909385323524475
23 54 0 8  0.1792876124382019
24 26 0 8  0.9840353727340698
24 27 0 8  0.9728037118911743
24 28 0 8  0.9813367128372192
24 29 0 8  0.921178936958313
24 30 0 8  0.005765115842223167
24 31 0 8  0.006777040660381317
24 32 0 8  0.3759956359863281
24 33 0 8  0.003586095292121172
24 34 0 8  0.0030597257427871227
24 35 0 8  0.0030916803516447544
24 36 0 8  0.003310111351311207
24 37 0 8  0.002968020737171173
24 38 0 8  0.004011991899460554
24 39 0 8  0.0032272636890411377
24 40 0 8  0.04509061947464943
24 41 0 8  0.00780054647475481
24 42 0 8  0.004675257485359907
24 43 0 8  0.4160080552101135
24 44 0 8  0.8864736557006836
24 45 0 8  0.018630027770996094
24 46 0 8  0.017384326085448265
24 47 0 8  0.9171067476272583
24 48 0 8  0.12039731442928314
24 49 0 8  0.010505693964660168
24 50 0 8  0.02715211920440197
24 51 0 8  0.20829293131828308
24 52 0 8  0.20919206738471985
24 53 0 8  0.1170947253704071
24 54 0 8  0.11896870285272598
25 27 0 8  0.9806662797927856
25 28 0 8  0.9715734720230103
25 29 0 8  0.984103798866272
25 30 0 8  0.006289775483310223
25 31 0 8  0.00326941953971982
25 32 0 8  0.0037162373773753643
25 33 0 8  0.0028590327128767967
25 34 0 8  0.0027418015524744987
25 35 0 8  0.002524483948945999
25 36 0 8  0.0025719567202031612
25 37 0 8  0.00282885879278183
25 38 0 8  0.002831432968378067
25 39 0 8  0.002713903784751892
25 40 0 8  0.013726407662034035
25 41 0 8  0.0037633231841027737
25 42 0 8  0.0033791144378483295
25 43 0 8  0.00441384594887495
25 44 0 8  0.0540953129529953
25 45 0 8  0.004447166807949543
25 46 0 8  0.003146860981360078
25 47 0 8  0.012683195993304253
25 48 0 8  0.005880695767700672
25 49 0 8  0.004269827622920275
25 50 0 8  0.005719917360693216
25 51 0 8  0.02267550304532051
25 52 0 8  0.11362411081790924
25 53 0 8  0.06054164096713066
25 54 0 8  0.12423844635486603
26 28 0 8  0.9705079793930054
26 29 0 8  0.9785568714141846
26 30 0 8  0.9686573147773743
26 31 0 8  0.004173219203948975
26 32 0 8  0.003476334735751152
26 33 0 8  0.002925900975242257
26 34 0 8  0.0029899044893682003
26 35 0 8  0.002613708144053817
26 36 0 8  0.0026873964816331863
26 37 0 8  0.0028946991078555584
26 38 0 8  0.0030094694811850786
26 39 0 8  0.0032927540596574545
26 40 0 8  0.5656360983848572
26 41 0 8  0.01798088848590851
26 42 0 8  0.0035925465635955334
26 43 0 8  0.008681170642375946
26 44 0 8  0.14343437552452087
26 45 0 8  0.006873977370560169
26 46 0 8  0.0034936475567519665
26 47 0 8  0.01235351525247097
26 48 0 8  0.0077127255499362946
26 49 0 8  0.0053124092519283295
26 50 0 8  0.005539803300052881
26 51 0 8  0.014572227373719215
26 52 0 8  0.12567196786403656
26 53 0 8  0.017609328031539917
26 54 0 8  0.06665021181106567
27 29 0 8  0.9375545978546143
27 30 0 8  0.9674424529075623
27 31 0 8  0.9616455435752869
27 32 0 8  0.0031997165642678738
27 33 0 8  0.002505968790501356
27 34 0 8  0.002638511825352907
27 35 0 8  0.0028314203955233097
27 36 0 8  0.0023724795319139957
27 37 0 8  0.0025989688001573086
27 38 0 8  0.0024807103909552097
27 39 0 8  0.0027305828407406807
27 40 0 8  0.004280184395611286
27 41 0 8  0.002665241016075015
27 42 0 8  0.0030336801428347826
27 43 0 8  0.003154618199914694
27 44 0 8  0.003224532585591078
27 45 0 8  0.002918227342888713
27 46 0 8  0.0027498144190758467
27 47 0 8  0.003308767918497324
27 48 0 8  0.0028778379783034325
27 49 0 8  0.0030814153142273426
27 50 0 8  0.0035557420924305916
27 51 0 8  0.0035554259084165096
27 52 0 8  0.006471072323620319
27 53 0 8  0.004345409572124481
27 54 0 8  0.012524615041911602
28 30 0 8  0.9708114862442017
28 31 0 8  0.9524625539779663
28 32 0 8  0.8740519285202026
28 33 0 8  0.002886564936488867
28 34 0 8  0.0028213676996529102
28 35 0 8  0.0027086851187050343
28 36 0 8  0.0026582363061606884
28 37 0 8  0.002455595415085554
28 38 0 8  0.0028714966028928757
28 39 0 8  0.002537540392950177
28 40 0 8  0.006206003483384848
28 41 0 8  0.0031371377408504486
28 42 0 8  0.002995829563587904
28 43 0 8  0.024659883230924606
28 44 0 8  0.006276873406022787
28 45 0 8  0.0031553597655147314
28 46 0 8  0.0027128728106617928
28 47 0 8  0.009921342134475708
28 48 0 8  0.002689859364181757
28 49 0 8  0.0032058204524219036
28 50 0 8  0.0034960457123816013
28 51 0 8  0.003635548520833254
28 52 0 8  0.004860852379351854
28 53 0 8  0.0034633902832865715
28 54 0 8  0.0077377622947096825
29 31 0 8  0.950096845626831
29 32 0 8  0.9033035635948181
29 33 0 8  0.864778995513916
29 34 0 8  0.003013070672750473
29 35 0 8  0.0025983036030083895
29 36 0 8  0.0030007031746208668
29 37 0 8  0.002626413479447365
29 38 0 8  0.007067400962114334
29 39 0 8  0.00735744833946228
29 40 0 8  0.9958115220069885
29 41 0 8  0.14204099774360657
29 42 0 8  0.007227305322885513
29 43 0 8  0.9944535493850708
29 44 0 8  0.9246543645858765
29 45 0 8  0.004604905843734741
29 46 0 8  0.006478913128376007
29 47 0 8  0.24827399849891663
29 48 0 8  0.00501091405749321
29 49 0 8  0.0041999551467597485
29 50 0 8  0.0044860453344881535
29 51 0 8  0.004600272513926029
29 52 0 8  0.012663371860980988
29 53 0 8  0.004116738680750132
29 54 0 8  0.011229190044105053
30 32 0 8  0.9453784823417664
30 33 0 8  0.8949240446090698
30 34 0 8  0.8434104919433594
30 35 0 8  0.0032276741694658995
30 36 0 8  0.0030325523111969233
30 37 0 8  0.0033216229639947414
30 38 0 8  0.009532704949378967
30 39 0 8  0.009177666157484055
30 40 0 8  0.9344271421432495
30 41 0 8  0.00386770348995924
30 42 0 8  0.003028340172022581
30 43 0 8  0.036460112780332565
30 44 0 8  0.004582806024700403
30 45 0 8  0.0029958488885313272
30 46 0 8  0.002345144748687744
30 47 0 8  0.0029912786558270454
30 48 0 8  0.002452276647090912
30 49 0 8  0.002893226221203804
30 50 0 8  0.003010585904121399
30 51 0 8  0.0028841611929237843
30 52 0 8  0.005311612039804459
30 53 0 8  0.0031450476963073015
30 54 0 8  0.0049768611788749695
31 33 0 8  0.959894597530365
31 34 0 8  0.9347001314163208
31 35 0 8  0.887131929397583
31 36 0 8  0.0057291314005851746
31 37 0 8  0.003290523076429963
31 38 0 8  0.003653083462268114
31 39 0 8  0.003549674293026328
31 40 0 8  0.004596936050802469
31 41 0 8  0.0033620852045714855
31 42 0 8  0.00335889495909214
31 43 0 8  0.004021579399704933
31 44 0 8  0.0027055111713707447
31 45 0 8  0.0030878963880240917
31 46 0 8  0.002640198450535536
31 47 0 8  0.002990604843944311
31 48 0 8  0.002694975584745407
31 49 0 8  0.002896473743021488
31 50 0 8  0.002980979159474373
31 51 0 8  0.0026276803109794855
31 52 0 8  0.003056915942579508
31 53 0 8  0.0028174924664199352
31 54 0 8  0.0034696348011493683
32 34 0 8  0.951434850692749
32 35 0 8  0.9052423238754272
32 36 0 8  0.7965625524520874
32 37 0 8  0.005294570699334145
32 38 0 8  0.7241321802139282
32 39 0 8  0.0066781966015696526
32 40 0 8  0.0876728743314743
32 41 0 8  0.0029088465962558985
32 42 0 8  0.012270839884877205
32 43 0 8  0.9938740730285645
32 44 0 8  0.003658830188214779
32 45 0 8  0.003044714219868183
32 46 0 8  0.02711857110261917
32 47 0 8  0.08060700446367264
32 48 0 8  0.002819377463310957
32 49 0 8  0.0030715069733560085
32 50 0 8  0.0033917578402906656
32 51 0 8  0.003188365139067173
32 52 0 8  0.0031041428446769714
32 53 0 8  0.0028383564203977585
32 54 0 8  0.0032882201485335827
33 35 0 8  0.9706276059150696
33 36 0 8  0.9257879257202148
33 37 0 8  0.9588935375213623
33 38 0 8  0.9960470199584961
33 39 0 8  0.9841309785842896
33 40 0 8  0.9936597347259521
33 41 0 8  0.013408128172159195
33 42 0 8  0.8456754088401794
33 43 0 8  0.9939553737640381
33 44 0 8  0.009136280044913292
33 45 0 8  0.004167081788182259
33 46 0 8  0.003750099102035165
33 47 0 8  0.0035341812763363123
33 48 0 8  0.0026419784408062696
33 49 0 8  0.0028933370485901833
33 50 0 8  0.0029354123398661613
33 51 0 8  0.002987906103953719
33 52 0 8  0.003018246963620186
33 53 0 8  0.0029032439924776554
33 54 0 8  0.0036219072062522173
34 36 0 8  0.9758081436157227
34 37 0 8  0.9610521793365479
34 38 0 8  0.8492401242256165
34 39 0 8  0.015906477347016335
34 40 0 8  0.015246830880641937
34 41 0 8  0.0027456688694655895
34 42 0 8  0.003067924175411463
34 43 0 8  0.005023986101150513
34 44 0 8  0.002324736677110195
34 45 0 8  0.003114439779892564
34 46 0 8  0.00298213679343462
34 47 0 8  0.002709623659029603
34 48 0 8  0.0027095298282802105
34 49 0 8  0.002751855878159404
34 50 0 8  0.0027004326693713665
34 51 0 8  0.0028490417171269655
34 52 0 8  0.0027930852957069874
34 53 0 8  0.0027508800849318504
34 54 0 8  0.003080477472394705
35 37 0 8  0.9598220586776733
35 38 0 8  0.7375283241271973
35 39 0 8  0.5283924341201782
35 40 0 8  0.00325230835005641
35 41 0 8  0.002391635673120618
35 42 0 8  0.002468403661623597
35 43 0 8  0.004305287264287472
35 44 0 8  0.0024340376257896423
35 45 0 8  0.002776714041829109
35 46 0 8  0.0028545791283249855
35 47 0 8  0.0025426489301025867
35 48 0 8  0.0025974346790462732
35 49 0 8  0.0027805091813206673
35 50 0 8  0.0027259541675448418
35 51 0 8  0.0026917834766209126
35 52 0 8  0.002702737459912896
35 53 0 8  0.002659526653587818
35 54 0 8  0.0030044005252420902
36 38 0 8  0.9951257705688477
36 39 0 8  0.6209694147109985
36 40 0 8  0.30533936619758606
36 41 0 8  0.003071604762226343
36 42 0 8  0.018183637410402298
36 43 0 8  0.6215565204620361
36 44 0 8  0.00311366468667984
36 45 0 8  0.0032660351134836674
36 46 0 8  0.015143408440053463
36 47 0 8  0.0053496030159294605
36 48 0 8  0.0029562590643763542
36 49 0 8  0.0031667076982557774
36 50 0 8  0.003149752039462328
36 51 0 8  0.002976855728775263
36 52 0 8  0.0029424072708934546
36 53 0 8  0.002781725488603115
36 54 0 8  0.003141577821224928
37 39 0 8  0.9343926906585693
37 40 0 8  0.608295202255249
37 41 0 8  0.4526740610599518
37 42 0 8  0.004462885204702616
37 43 0 8  0.004421859979629517
37 44 0 8  0.0024910042993724346
37 45 0 8  0.002701670629903674
37 46 0 8  0.003396525513380766
37 47 0 8  0.0025471714325249195
37 48 0 8  0.0026207142509520054
37 49 0 8  0.003044867655262351
37 50 0 8  0.002732372609898448
37 51 0 8  0.0028286732267588377
37 52 0 8  0.0028383038006722927
37 53 0 8  0.0027572703547775745
37 54 0 8  0.0032183490693569183
38 40 0 8  0.9217177033424377
38 41 0 8  0.7414206862449646
38 42 0 8  0.981485903263092
38 43 0 8  0.989042341709137
38 44 0 8  0.004746044985949993
38 45 0 8  0.0034436522983014584
38 46 0 8  0.1652889847755432
38 47 0 8  0.0045677972957491875
38 48 0 8  0.00300890626385808
38 49 0 8  0.0031304550357162952
38 50 0 8  0.0030318167991936207
38 51 0 8  0.003036797046661377
38 52 0 8  0.0030213333666324615
38 53 0 8  0.002749161794781685
38 54 0 8  0.003060267772525549
39 41 0 8  0.9471247792243958
39 42 0 8  0.9703035950660706
39 43 0 8  0.7137340903282166
39 44 0 8  0.004618591628968716
39 45 0 8  0.0031834542751312256
39 46 0 8  0.003705168142914772
39 47 0 8  0.002927107270807028
39 48 0 8  0.0029249382205307484
39 49 0 8  0.0028842510655522346
39 50 0 8  0.002667938359081745
39 51 0 8  0.0029108391609042883
39 52 0 8  0.0030893099028617144
39 53 0 8  0.002876914106309414
39 54 0 8  0.003316299058496952
40 42 0 8  0.8533681035041809
40 43 0 8  0.8094346523284912
40 44 0 8  0.7806254625320435
40 45 0 8  0.004167004022747278
40 46 0 8  0.004462713375687599
40 47 0 8  0.0032473825849592686
40 48 0 8  0.0032646420877426863
40 49 0 8  0.0035978606902062893
40 50 0 8  0.0035028932616114616
40 51 0 8  0.0033859480172395706
40 52 0 8  0.003608650527894497
40 53 0 8  0.0030768513679504395
40 54 0 8  0.003529540728777647
41 43 0 8  0.7757009267807007
41 44 0 8  0.9421441555023193
41 45 0 8  0.8756453394889832
41 46 0 8  0.005199615843594074
41 47 0 8  0.003370607504621148
41 48 0 8  0.003119600471109152
41 49 0 8  0.003870877902954817
41 50 0 8  0.003220264334231615
41 51 0 8  0.0033572043757885695
41 52 0 8  0.004152522888034582
41 53 0 8  0.0034083060454577208
41 54 0 8  0.003988679964095354
42 44 0 8  0.9703967571258545
42 45 0 8  0.97109055519104
42 46 0 8  0.9402870535850525
42 47 0 8  0.00402427650988102
42 48 0 8  0.003124798182398081
42 49 0 8  0.0034709740430116653
42 50 0 8  0.0033377306535840034
42 51 0 8  0.0036742212250828743
42 52 0 8  0.004385755397379398
42 53 0 8  0.0035519793163985014
42 54 0 8  0.004452643916010857
43 45 0 8  0.9758216142654419
43 46 0 8  0.9791404604911804
43 47 0 8  0.930094838142395
43 48 0 8  0.004417410120368004
43 49 0 8  0.0057863472029566765
43 50 0 8  0.0037735416553914547
43 51 0 8  0.005010305903851986
43 52 0 8  0.005510110408067703
43 53 0 8  0.0037041092291474342
43 54 0 8  0.004619053564965725
44 46 0 8  0.9723420143127441
44 47 0 8  0.9581893682479858
44 48 0 8  0.935236930847168
44 49 0 8  0.00708289910107851
44 50 0 8  0.00460449792444706
44 51 0 8  0.006137528456747532
44 52 0 8  0.019796207547187805
44 53 0 8  0.0060241445899009705
44 54 0 8  0.007750039920210838
45 47 0 8  0.9805976152420044
45 48 0 8  0.9793180227279663
45 49 0 8  0.9082874059677124
45 50 0 8  0.011719531379640102
45 51 0 8  0.011209294199943542
45 52 0 8  0.04430518299341202
45 53 0 8  0.012831686064600945
45 54 0 8  0.011814692988991737
46 48 0 8  0.9878112077713013
46 49 0 8  0.9742904901504517
46 50 0 8  0.935328483581543
46 51 0 8  0.028078438714146614
46 52 0 8  0.010969769209623337
46 53 0 8  0.009890987537801266
46 54 0 8  0.008489575237035751
47 49 0 8  0.9883782863616943
47 50 0 8  0.9552038908004761
47 51 0 8  0.9291519522666931
47 52 0 8  0.015284430235624313
47 53 0 8  0.006706539075821638
47 54 0 8  0.012793587520718575
48 50 0 8  0.9775203466415405
48 51 0 8  0.9572213888168335
48 52 0 8  0.9119046926498413
48 53 0 8  0.029841378331184387
48 54 0 8  0.02872328832745552
49 51 0 8  0.9869077205657959
49 52 0 8  0.9660234451293945
49 53 0 8  0.9259445667266846
49 54 0 8  0.045871227979660034
50 52 0 8  0.9785797595977783
50 53 0 8  0.9397019147872925
50 54 0 8  0.8484077453613281
51 53 0 8  0.9744439721107483
51 54 0 8  0.8959140777587891
52 54 0 8  0.9162739515304565
