29 40 0.310 0.002 0.157 0.150 0.055 0.025 0.026 0.073 0.144 0.150 0.217
30 40 0.232 0.001 0.168 0.062 0.033 0.025 0.034 0.105 0.154 0.145 0.272
45 52 0.218 0.007 0.125 0.086 0.080 0.058 0.056 0.068 0.090 0.114 0.317
46 52 0.182 0.004 0.066 0.112 0.126 0.069 0.050 0.071 0.100 0.108 0.295
15 50 0.181 0.004 0.051 0.126 0.064 0.062 0.054 0.067 0.093 0.148 0.332
13 35 0.161 0.000 0.031 0.129 0.055 0.047 0.039 0.094 0.137 0.148 0.320
28 40 0.133 0.000 0.025 0.108 0.117 0.092 0.077 0.091 0.126 0.115 0.249
4 38 0.132 0.045 0.041 0.046 0.042 0.041 0.043 0.063 0.094 0.130 0.454
6 38 0.122 0.035 0.037 0.051 0.052 0.049 0.065 0.108 0.143 0.157 0.304
17 28 0.121 0.000 0.011 0.110 0.069 0.028 0.026 0.063 0.102 0.108 0.483
5 38 0.116 0.052 0.042 0.022 0.046 0.059 0.056 0.078 0.118 0.156 0.372
5 11 0.114 0.002 0.045 0.067 0.067 0.052 0.052 0.081 0.108 0.131 0.394
9 35 0.108 0.001 0.024 0.083 0.143 0.154 0.125 0.103 0.091 0.074 0.204
30 39 0.106 0.001 0.031 0.074 0.050 0.038 0.049 0.093 0.186 0.162 0.317
29 44 0.096 0.001 0.027 0.068 0.076 0.058 0.050 0.059 0.094 0.167 0.401
4 42 0.092 0.007 0.051 0.034 0.036 0.039 0.052 0.077 0.103 0.138 0.463
44 52 0.090 0.002 0.046 0.043 0.078 0.060 0.050 0.055 0.078 0.109 0.480
46 53 0.083 0.002 0.034 0.048 0.057 0.047 0.048 0.073 0.109 0.145 0.438
5 12 0.083 0.001 0.029 0.053 0.080 0.085 0.091 0.123 0.131 0.117 0.289
45 51 0.083 0.001 0.024 0.058 0.090 0.087 0.079 0.081 0.097 0.115 0.369
18 50 0.082 0.002 0.050 0.030 0.051 0.066 0.094 0.120 0.112 0.093 0.383
2 48 0.081 0.001 0.047 0.032 0.024 0.023 0.029 0.048 0.092 0.180 0.523
3 53 0.079 0.003 0.039 0.037 0.049 0.059 0.076 0.097 0.108 0.117 0.414
3 48 0.079 0.002 0.032 0.045 0.042 0.042 0.051 0.090 0.118 0.147 0.431
29 39 0.077 0.001 0.032 0.044 0.042 0.036 0.052 0.116 0.167 0.176 0.334
29 43 0.077 0.001 0.022 0.054 0.095 0.085 0.073 0.089 0.105 0.093 0.383
26 52 0.076 0.006 0.048 0.022 0.024 0.025 0.031 0.040 0.059 0.091 0.655
21 28 0.076 0.000 0.033 0.042 0.029 0.041 0.069 0.161 0.160 0.129 0.337
47 53 0.075 0.001 0.030 0.043 0.071 0.063 0.054 0.074 0.109 0.135 0.420
6 12 0.075 0.001 0.021 0.053 0.095 0.090 0.082 0.109 0.128 0.139 0.282
1 48 0.074 0.002 0.032 0.040 0.041 0.039 0.044 0.062 0.092 0.119 0.529
6 42 0.070 0.001 0.017 0.053 0.050 0.047 0.049 0.074 0.110 0.158 0.442
45 53 0.067 0.001 0.021 0.045 0.073 0.061 0.053 0.068 0.098 0.143 0.438
27 40 0.063 0.000 0.013 0.049 0.112 0.125 0.094 0.084 0.089 0.102 0.330
31 40 0.063 0.000 0.022 0.041 0.074 0.083 0.087 0.141 0.144 0.118 0.292
3 49 0.062 0.002 0.037 0.023 0.043 0.044 0.055 0.090 0.122 0.158 0.424
9 38 0.061 0.001 0.024 0.036 0.051 0.072 0.104 0.160 0.169 0.145 0.237
9 37 0.059 0.001 0.016 0.043 0.070 0.094 0.104 0.133 0.139 0.133 0.267
29 41 0.059 0.000 0.024 0.035 0.076 0.077 0.064 0.112 0.160 0.150 0.303
26 40 0.059 0.000 0.012 0.046 0.065 0.073 0.079 0.089 0.103 0.157 0.375
3 51 0.058 0.003 0.027 0.029 0.047 0.052 0.059 0.083 0.119 0.151 0.430
3 10 0.058 0.002 0.020 0.036 0.060 0.072 0.080 0.105 0.124 0.140 0.361
3 38 0.057 0.004 0.026 0.027 0.037 0.048 0.069 0.104 0.149 0.170 0.366
17 50 0.057 0.001 0.021 0.035 0.079 0.087 0.099 0.114 0.105 0.089 0.370
29 38 0.057 0.000 0.007 0.049 0.062 0.081 0.089 0.098 0.134 0.129 0.349
17 31 0.056 0.000 0.009 0.048 0.093 0.110 0.128 0.120 0.090 0.054 0.347
3 52 0.056 0.003 0.017 0.036 0.052 0.054 0.060 0.085 0.112 0.145 0.435
30 38 0.056 0.000 0.013 0.043 0.126 0.122 0.087 0.087 0.100 0.096 0.326
15 54 0.056 0.001 0.019 0.036 0.061 0.101 0.120 0.124 0.115 0.094 0.329
3 54 0.055 0.004 0.027 0.024 0.037 0.053 0.072 0.093 0.100 0.105 0.485
4 37 0.054 0.023 0.014 0.018 0.033 0.048 0.065 0.081 0.098 0.137 0.483
28 35 0.053 0.000 0.009 0.044 0.068 0.080 0.067 0.070 0.070 0.071 0.521
9 36 0.053 0.001 0.014 0.038 0.099 0.121 0.123 0.129 0.118 0.098 0.258
6 37 0.053 0.001 0.025 0.027 0.048 0.069 0.098 0.119 0.133 0.137 0.343
15 53 0.052 0.002 0.018 0.032 0.080 0.117 0.131 0.114 0.091 0.096 0.319
4 10 0.052 0.003 0.017 0.033 0.057 0.071 0.076 0.106 0.128 0.140 0.371
3 50 0.051 0.001 0.017 0.032 0.045 0.050 0.062 0.077 0.112 0.152 0.451
3 11 0.050 0.001 0.015 0.035 0.064 0.080 0.080 0.101 0.132 0.151 0.343
29 42 0.050 0.000 0.009 0.041 0.103 0.095 0.080 0.085 0.099 0.110 0.378
5 37 0.050 0.006 0.024 0.020 0.045 0.057 0.061 0.106 0.133 0.152 0.397
1 49 0.048 0.002 0.026 0.020 0.034 0.044 0.057 0.080 0.101 0.108 0.528
15 52 0.047 0.000 0.013 0.033 0.065 0.102 0.126 0.145 0.124 0.094 0.298
16 54 0.047 0.001 0.016 0.029 0.051 0.072 0.081 0.092 0.104 0.120 0.433
30 41 0.046 0.000 0.022 0.024 0.035 0.031 0.045 0.126 0.163 0.195 0.359
13 32 0.046 0.000 0.008 0.037 0.062 0.083 0.104 0.112 0.112 0.098 0.382
2 19 0.045 0.001 0.022 0.022 0.033 0.029 0.031 0.048 0.087 0.132 0.593
17 54 0.045 0.001 0.016 0.028 0.046 0.066 0.082 0.104 0.108 0.104 0.445
18 54 0.045 0.001 0.015 0.029 0.040 0.055 0.069 0.093 0.109 0.110 0.478
4 11 0.045 0.004 0.013 0.027 0.051 0.062 0.065 0.087 0.122 0.158 0.410
6 44 0.044 0.004 0.014 0.026 0.040 0.050 0.057 0.078 0.110 0.160 0.460
38 44 0.044 0.000 0.010 0.034 0.069 0.093 0.105 0.122 0.108 0.083 0.375
6 45 0.043 0.002 0.016 0.025 0.031 0.040 0.050 0.069 0.109 0.173 0.485
12 35 0.042 0.000 0.007 0.035 0.049 0.081 0.087 0.112 0.133 0.106 0.390
4 39 0.041 0.001 0.014 0.026 0.047 0.053 0.054 0.072 0.110 0.173 0.451
5 39 0.041 0.002 0.019 0.020 0.031 0.047 0.057 0.089 0.146 0.181 0.407
16 50 0.040 0.001 0.013 0.027 0.068 0.072 0.068 0.121 0.137 0.137 0.356
14 50 0.040 0.000 0.007 0.033 0.095 0.115 0.080 0.078 0.100 0.110 0.383
16 53 0.039 0.000 0.014 0.025 0.067 0.089 0.093 0.100 0.097 0.105 0.410
5 22 0.039 0.024 0.005 0.010 0.016 0.019 0.033 0.068 0.099 0.149 0.577
2 39 0.039 0.001 0.026 0.013 0.019 0.025 0.037 0.054 0.090 0.142 0.594
13 33 0.039 0.000 0.010 0.029 0.072 0.087 0.076 0.085 0.082 0.074 0.484
20 54 0.039 0.001 0.014 0.024 0.034 0.046 0.063 0.083 0.091 0.102 0.542
5 42 0.038 0.001 0.014 0.023 0.054 0.057 0.059 0.075 0.109 0.154 0.454
6 13 0.038 0.000 0.010 0.028 0.067 0.095 0.093 0.117 0.131 0.118 0.342
46 54 0.038 0.001 0.012 0.025 0.047 0.063 0.078 0.109 0.122 0.115 0.429
18 52 0.038 0.001 0.014 0.023 0.043 0.045 0.054 0.073 0.096 0.123 0.529
3 42 0.038 0.002 0.015 0.021 0.042 0.048 0.059 0.082 0.124 0.156 0.452
27 52 0.038 0.004 0.015 0.019 0.031 0.042 0.044 0.049 0.062 0.091 0.642
4 52 0.037 0.006 0.014 0.018 0.026 0.036 0.052 0.080 0.116 0.161 0.492
6 46 0.037 0.001 0.013 0.023 0.041 0.049 0.060 0.099 0.139 0.170 0.405
6 39 0.037 0.003 0.015 0.019 0.047 0.069 0.087 0.118 0.146 0.174 0.322
12 50 0.037 0.000 0.009 0.027 0.055 0.085 0.111 0.142 0.141 0.127 0.304
28 34 0.036 0.000 0.006 0.030 0.058 0.088 0.082 0.085 0.089 0.082 0.480
33 40 0.036 0.001 0.010 0.026 0.071 0.123 0.119 0.105 0.095 0.083 0.367
3 47 0.036 0.001 0.015 0.020 0.034 0.051 0.067 0.121 0.156 0.151 0.384
48 54 0.036 0.001 0.013 0.022 0.049 0.065 0.069 0.084 0.089 0.103 0.506
4 12 0.036 0.001 0.011 0.025 0.054 0.089 0.107 0.122 0.138 0.133 0.322
3 12 0.036 0.001 0.013 0.022 0.051 0.079 0.101 0.140 0.137 0.130 0.327
20 53 0.035 0.001 0.013 0.022 0.048 0.059 0.053 0.072 0.090 0.119 0.525
10 35 0.035 0.000 0.007 0.028 0.087 0.130 0.127 0.127 0.093 0.073 0.328
31 39 0.035 0.000 0.014 0.021 0.064 0.099 0.121 0.143 0.131 0.114 0.293
27 44 0.034 0.000 0.009 0.025 0.055 0.060 0.061 0.082 0.095 0.123 0.490
6 43 0.034 0.001 0.013 0.020 0.036 0.044 0.052 0.070 0.112 0.165 0.487
6 40 0.034 0.001 0.013 0.019 0.041 0.062 0.070 0.103 0.141 0.161 0.387
32 40 0.033 0.000 0.010 0.023 0.062 0.115 0.120 0.121 0.106 0.091 0.353
4 44 0.033 0.004 0.012 0.016 0.021 0.034 0.053 0.083 0.119 0.160 0.498
18 53 0.033 0.001 0.011 0.021 0.055 0.073 0.076 0.088 0.101 0.118 0.456
5 53 0.033 0.001 0.012 0.020 0.030 0.036 0.048 0.066 0.094 0.142 0.552
4 53 0.032 0.001 0.011 0.020 0.035 0.045 0.053 0.084 0.109 0.136 0.505
20 28 0.032 0.000 0.010 0.022 0.029 0.049 0.075 0.156 0.182 0.126 0.353
27 35 0.031 0.000 0.006 0.025 0.057 0.089 0.091 0.100 0.090 0.070 0.472
7 38 0.031 0.001 0.015 0.015 0.038 0.061 0.091 0.136 0.166 0.167 0.311
13 34 0.031 0.000 0.003 0.027 0.043 0.072 0.075 0.092 0.117 0.136 0.433
44 53 0.031 0.000 0.010 0.020 0.053 0.063 0.063 0.068 0.087 0.114 0.520
3 39 0.031 0.001 0.010 0.020 0.034 0.039 0.053 0.088 0.139 0.183 0.434
17 32 0.030 0.001 0.014 0.016 0.040 0.077 0.112 0.164 0.137 0.064 0.376
28 41 0.030 0.000 0.005 0.025 0.060 0.069 0.078 0.095 0.097 0.113 0.458
1 42 0.030 0.001 0.013 0.016 0.026 0.032 0.043 0.061 0.087 0.122 0.598
17 53 0.030 0.000 0.009 0.020 0.046 0.068 0.099 0.113 0.115 0.114 0.415
29 35 0.030 0.000 0.006 0.023 0.051 0.093 0.089 0.092 0.098 0.087 0.461
28 44 0.029 0.000 0.008 0.022 0.057 0.062 0.053 0.076 0.109 0.132 0.483
11 35 0.029 0.000 0.006 0.023 0.080 0.134 0.122 0.118 0.102 0.085 0.329
19 54 0.029 0.001 0.010 0.019 0.035 0.057 0.071 0.087 0.099 0.102 0.519
27 34 0.029 0.000 0.006 0.023 0.046 0.067 0.086 0.107 0.093 0.083 0.490
47 54 0.028 0.001 0.010 0.018 0.038 0.065 0.075 0.097 0.117 0.119 0.460
1 50 0.028 0.000 0.009 0.019 0.027 0.038 0.052 0.072 0.098 0.114 0.571
1 10 0.028 0.001 0.010 0.018 0.036 0.054 0.073 0.088 0.098 0.102 0.520
3 46 0.028 0.001 0.011 0.017 0.040 0.059 0.081 0.103 0.123 0.133 0.434
2 49 0.028 0.001 0.009 0.018 0.022 0.025 0.037 0.069 0.112 0.161 0.547
21 53 0.027 0.001 0.011 0.016 0.036 0.041 0.046 0.060 0.083 0.117 0.588
2 42 0.027 0.000 0.006 0.020 0.034 0.040 0.044 0.066 0.098 0.138 0.553
44 51 0.027 0.000 0.009 0.018 0.049 0.064 0.062 0.080 0.093 0.112 0.512
6 23 0.027 0.007 0.008 0.012 0.012 0.014 0.022 0.041 0.087 0.175 0.622
4 54 0.027 0.001 0.010 0.015 0.025 0.036 0.054 0.086 0.111 0.126 0.536
11 50 0.027 0.000 0.007 0.019 0.045 0.079 0.110 0.142 0.143 0.134 0.321
5 13 0.027 0.000 0.007 0.019 0.070 0.113 0.123 0.117 0.105 0.104 0.341
4 46 0.027 0.001 0.008 0.018 0.037 0.052 0.083 0.115 0.132 0.133 0.422
15 51 0.026 0.000 0.008 0.018 0.063 0.081 0.088 0.144 0.147 0.129 0.322
13 31 0.026 0.000 0.006 0.019 0.076 0.154 0.166 0.130 0.096 0.071 0.280
30 37 0.026 0.000 0.003 0.023 0.069 0.111 0.088 0.079 0.074 0.060 0.492
1 41 0.026 0.001 0.009 0.016 0.030 0.041 0.048 0.068 0.091 0.114 0.582
5 36 0.026 0.001 0.010 0.015 0.026 0.037 0.061 0.094 0.129 0.168 0.460
45 54 0.026 0.000 0.007 0.019 0.038 0.056 0.068 0.089 0.108 0.127 0.488
15 32 0.025 0.000 0.005 0.020 0.045 0.074 0.120 0.144 0.126 0.088 0.377
13 50 0.025 0.000 0.006 0.020 0.066 0.141 0.148 0.120 0.094 0.090 0.315
21 54 0.025 0.001 0.008 0.016 0.031 0.043 0.055 0.077 0.097 0.109 0.564
1 47 0.025 0.001 0.012 0.013 0.024 0.038 0.056 0.081 0.094 0.119 0.563
1 39 0.025 0.001 0.011 0.014 0.023 0.035 0.046 0.059 0.082 0.115 0.614
6 41 0.025 0.000 0.006 0.019 0.048 0.065 0.082 0.111 0.134 0.146 0.388
20 52 0.025 0.003 0.008 0.014 0.025 0.035 0.041 0.061 0.091 0.135 0.586
15 31 0.025 0.000 0.006 0.019 0.058 0.099 0.128 0.149 0.121 0.080 0.340
22 52 0.025 0.001 0.008 0.016 0.024 0.031 0.047 0.070 0.098 0.132 0.573
2 53 0.025 0.000 0.007 0.018 0.040 0.049 0.054 0.074 0.104 0.118 0.535
5 23 0.025 0.002 0.009 0.013 0.017 0.021 0.033 0.063 0.103 0.162 0.576
1 19 0.024 0.001 0.010 0.014 0.030 0.037 0.042 0.058 0.076 0.099 0.633
14 32 0.024 0.000 0.006 0.018 0.061 0.097 0.116 0.129 0.105 0.080 0.387
7 13 0.024 0.000 0.005 0.019 0.035 0.063 0.083 0.125 0.151 0.152 0.367
1 54 0.024 0.001 0.008 0.015 0.030 0.052 0.062 0.074 0.080 0.096 0.581
26 44 0.024 0.000 0.006 0.018 0.038 0.061 0.071 0.091 0.115 0.121 0.478
25 52 0.024 0.001 0.008 0.015 0.030 0.033 0.039 0.051 0.071 0.115 0.638
1 53 0.023 0.001 0.008 0.015 0.030 0.042 0.057 0.062 0.075 0.114 0.596
22 54 0.023 0.001 0.008 0.015 0.028 0.042 0.053 0.076 0.101 0.125 0.552
6 36 0.023 0.001 0.007 0.016 0.042 0.063 0.100 0.142 0.152 0.142 0.336
5 44 0.023 0.004 0.010 0.010 0.019 0.030 0.047 0.077 0.123 0.182 0.497
2 54 0.023 0.001 0.007 0.016 0.024 0.036 0.050 0.067 0.086 0.120 0.593
19 53 0.023 0.000 0.007 0.016 0.037 0.059 0.068 0.090 0.098 0.106 0.519
29 37 0.023 0.000 0.004 0.018 0.065 0.113 0.124 0.098 0.074 0.063 0.441
31 38 0.022 0.000 0.004 0.019 0.062 0.105 0.111 0.120 0.100 0.084 0.397
17 52 0.022 0.001 0.007 0.014 0.036 0.050 0.055 0.096 0.138 0.135 0.467
5 54 0.022 0.001 0.008 0.013 0.024 0.037 0.056 0.077 0.099 0.130 0.555
2 14 0.022 0.000 0.009 0.013 0.025 0.036 0.052 0.085 0.114 0.140 0.527
19 50 0.022 0.000 0.009 0.013 0.044 0.065 0.091 0.131 0.135 0.124 0.388
10 36 0.022 0.000 0.005 0.016 0.056 0.088 0.120 0.153 0.140 0.103 0.317
22 53 0.022 0.000 0.007 0.014 0.027 0.037 0.048 0.066 0.089 0.119 0.592
3 13 0.022 0.000 0.007 0.015 0.038 0.067 0.097 0.134 0.154 0.152 0.336
2 47 0.022 0.000 0.006 0.015 0.026 0.032 0.043 0.065 0.115 0.171 0.526
10 38 0.022 0.001 0.007 0.014 0.027 0.044 0.073 0.125 0.190 0.217 0.302
4 48 0.022 0.000 0.008 0.013 0.029 0.044 0.062 0.099 0.127 0.140 0.478
4 43 0.021 0.002 0.010 0.009 0.017 0.024 0.038 0.073 0.117 0.171 0.538
1 40 0.021 0.000 0.007 0.014 0.023 0.037 0.047 0.067 0.089 0.118 0.598
4 45 0.021 0.001 0.008 0.012 0.024 0.036 0.054 0.088 0.123 0.153 0.501
21 52 0.021 0.001 0.008 0.012 0.031 0.049 0.055 0.076 0.101 0.138 0.529
7 53 0.021 0.000 0.007 0.014 0.029 0.043 0.062 0.083 0.110 0.146 0.507
9 16 0.021 0.000 0.005 0.016 0.036 0.064 0.086 0.121 0.135 0.124 0.412
4 51 0.021 0.001 0.006 0.014 0.025 0.037 0.055 0.074 0.105 0.159 0.523
10 37 0.020 0.000 0.006 0.014 0.035 0.055 0.088 0.145 0.178 0.144 0.335
15 49 0.020 0.000 0.003 0.017 0.039 0.068 0.060 0.082 0.120 0.138 0.473
5 46 0.020 0.000 0.007 0.013 0.030 0.044 0.066 0.103 0.130 0.153 0.454
30 44 0.020 0.000 0.007 0.013 0.057 0.082 0.089 0.105 0.123 0.124 0.401
2 12 0.020 0.000 0.005 0.015 0.032 0.058 0.071 0.090 0.122 0.142 0.464
8 38 0.020 0.000 0.005 0.014 0.035 0.057 0.082 0.133 0.181 0.193 0.300
44 50 0.020 0.000 0.005 0.015 0.032 0.049 0.066 0.091 0.123 0.140 0.478
16 32 0.020 0.000 0.004 0.016 0.045 0.091 0.117 0.134 0.125 0.092 0.376
6 53 0.020 0.000 0.007 0.012 0.023 0.034 0.050 0.079 0.111 0.148 0.535
1 13 0.020 0.000 0.006 0.014 0.029 0.039 0.061 0.095 0.128 0.149 0.479
5 52 0.020 0.001 0.006 0.013 0.027 0.037 0.046 0.068 0.106 0.172 0.525
15 48 0.020 0.000 0.004 0.016 0.041 0.058 0.077 0.105 0.107 0.103 0.490
19 52 0.020 0.001 0.006 0.012 0.027 0.046 0.053 0.070 0.092 0.124 0.569
2 20 0.019 0.000 0.004 0.015 0.025 0.028 0.029 0.048 0.090 0.152 0.609
7 37 0.019 0.000 0.005 0.014 0.030 0.054 0.085 0.129 0.160 0.154 0.368
2 13 0.019 0.000 0.007 0.012 0.023 0.034 0.060 0.101 0.135 0.166 0.462
19 28 0.019 0.000 0.002 0.017 0.054 0.124 0.153 0.150 0.116 0.075 0.309
17 30 0.019 0.000 0.003 0.016 0.071 0.129 0.169 0.142 0.089 0.055 0.327
2 50 0.019 0.000 0.007 0.011 0.024 0.035 0.042 0.069 0.100 0.144 0.567
9 39 0.019 0.000 0.004 0.015 0.035 0.067 0.104 0.145 0.171 0.154 0.306
16 31 0.019 0.000 0.003 0.016 0.057 0.121 0.141 0.131 0.101 0.071 0.358
9 34 0.019 0.000 0.004 0.015 0.047 0.094 0.131 0.142 0.115 0.097 0.355
7 46 0.019 0.001 0.007 0.011 0.026 0.041 0.063 0.098 0.129 0.167 0.458
3 19 0.019 0.000 0.007 0.011 0.023 0.030 0.038 0.076 0.122 0.163 0.530
24 52 0.018 0.001 0.007 0.010 0.016 0.023 0.038 0.065 0.111 0.144 0.584
37 43 0.018 0.000 0.004 0.014 0.049 0.078 0.087 0.109 0.117 0.108 0.434
5 45 0.018 0.001 0.006 0.011 0.021 0.033 0.045 0.066 0.107 0.169 0.540
14 31 0.018 0.000 0.004 0.014 0.045 0.082 0.120 0.144 0.130 0.102 0.359
6 14 0.018 0.000 0.004 0.014 0.038 0.064 0.092 0.120 0.134 0.130 0.404
28 43 0.018 0.000 0.004 0.014 0.041 0.071 0.077 0.105 0.116 0.108 0.465
2 10 0.018 0.000 0.004 0.014 0.037 0.060 0.069 0.086 0.111 0.129 0.490
2 41 0.017 0.000 0.004 0.012 0.021 0.029 0.039 0.057 0.096 0.163 0.578
27 54 0.017 0.000 0.006 0.011 0.022 0.038 0.054 0.061 0.065 0.079 0.664
7 54 0.017 0.000 0.005 0.011 0.024 0.041 0.060 0.086 0.112 0.135 0.525
4 50 0.016 0.000 0.006 0.010 0.023 0.039 0.057 0.086 0.117 0.145 0.517
1 14 0.016 0.000 0.005 0.011 0.025 0.042 0.058 0.087 0.115 0.124 0.534
3 43 0.016 0.001 0.006 0.009 0.019 0.028 0.053 0.102 0.146 0.179 0.457
2 52 0.016 0.000 0.005 0.011 0.027 0.045 0.060 0.082 0.114 0.136 0.519
16 52 0.016 0.000 0.005 0.011 0.030 0.054 0.073 0.100 0.137 0.155 0.435
3 37 0.016 0.000 0.006 0.010 0.026 0.044 0.065 0.105 0.142 0.158 0.444
18 51 0.016 0.000 0.005 0.011 0.033 0.045 0.068 0.116 0.142 0.140 0.439
7 36 0.016 0.000 0.005 0.011 0.035 0.067 0.088 0.123 0.148 0.141 0.381
43 53 0.016 0.000 0.004 0.012 0.029 0.037 0.053 0.072 0.090 0.119 0.584
3 9 0.016 0.000 0.003 0.012 0.035 0.067 0.090 0.123 0.149 0.145 0.376
7 52 0.016 0.000 0.004 0.011 0.028 0.050 0.071 0.093 0.116 0.137 0.489
14 35 0.016 0.000 0.004 0.012 0.039 0.055 0.065 0.132 0.175 0.164 0.356
3 14 0.016 0.000 0.005 0.010 0.028 0.050 0.077 0.110 0.148 0.156 0.416
43 52 0.016 0.000 0.005 0.011 0.041 0.056 0.060 0.080 0.097 0.114 0.536
6 52 0.015 0.000 0.005 0.010 0.023 0.035 0.054 0.084 0.115 0.153 0.520
6 25 0.015 0.000 0.004 0.012 0.021 0.036 0.043 0.063 0.094 0.151 0.575
8 16 0.015 0.000 0.004 0.012 0.034 0.071 0.116 0.153 0.150 0.139 0.322
20 27 0.015 0.000 0.004 0.012 0.017 0.027 0.046 0.163 0.181 0.143 0.409
16 35 0.015 0.000 0.003 0.012 0.041 0.089 0.125 0.157 0.161 0.118 0.294
7 50 0.015 0.000 0.005 0.010 0.025 0.049 0.076 0.114 0.141 0.149 0.430
4 36 0.015 0.000 0.006 0.009 0.020 0.030 0.050 0.087 0.123 0.155 0.519
26 53 0.015 0.000 0.004 0.011 0.024 0.032 0.033 0.044 0.063 0.107 0.682
1 7 0.015 0.000 0.005 0.010 0.023 0.034 0.048 0.075 0.110 0.134 0.560
11 36 0.015 0.000 0.003 0.012 0.037 0.063 0.058 0.094 0.122 0.130 0.481
3 41 0.015 0.000 0.006 0.009 0.025 0.036 0.056 0.097 0.137 0.194 0.440
16 51 0.015 0.000 0.005 0.010 0.038 0.042 0.067 0.129 0.174 0.163 0.372
7 45 0.015 0.000 0.004 0.011 0.028 0.045 0.060 0.080 0.107 0.143 0.522
1 15 0.015 0.000 0.005 0.010 0.020 0.033 0.048 0.067 0.086 0.106 0.627
3 44 0.015 0.000 0.005 0.010 0.031 0.054 0.074 0.095 0.110 0.122 0.499
29 45 0.015 0.000 0.005 0.010 0.033 0.048 0.058 0.098 0.131 0.158 0.459
14 54 0.015 0.000 0.005 0.010 0.025 0.045 0.085 0.127 0.141 0.134 0.428
1 18 0.015 0.000 0.006 0.009 0.021 0.032 0.046 0.066 0.078 0.089 0.654
1 16 0.015 0.000 0.005 0.010 0.023 0.036 0.049 0.061 0.074 0.089 0.653
2 18 0.015 0.000 0.004 0.011 0.026 0.030 0.039 0.064 0.089 0.104 0.633
33 43 0.015 0.001 0.008 0.006 0.021 0.040 0.063 0.078 0.100 0.136 0.547
39 45 0.015 0.000 0.003 0.011 0.033 0.060 0.081 0.109 0.114 0.107 0.481
31 37 0.015 0.000 0.002 0.012 0.038 0.067 0.082 0.109 0.108 0.086 0.496
1 51 0.014 0.000 0.005 0.009 0.022 0.039 0.053 0.071 0.088 0.103 0.610
27 41 0.014 0.000 0.003 0.011 0.048 0.082 0.081 0.108 0.112 0.099 0.455
5 50 0.014 0.000 0.004 0.011 0.025 0.045 0.064 0.090 0.120 0.159 0.482
26 54 0.014 0.000 0.004 0.010 0.022 0.034 0.044 0.055 0.071 0.096 0.664
1 11 0.014 0.000 0.004 0.010 0.028 0.057 0.080 0.098 0.105 0.104 0.514
25 54 0.014 0.000 0.005 0.009 0.019 0.034 0.053 0.074 0.088 0.101 0.617
4 13 0.014 0.000 0.004 0.010 0.030 0.056 0.085 0.121 0.143 0.147 0.404
1 52 0.014 0.000 0.005 0.009 0.021 0.036 0.053 0.072 0.093 0.106 0.606
2 21 0.014 0.000 0.004 0.010 0.024 0.033 0.037 0.055 0.086 0.130 0.623
28 39 0.014 0.000 0.003 0.011 0.023 0.040 0.060 0.105 0.148 0.181 0.429
3 45 0.014 0.000 0.003 0.011 0.030 0.055 0.078 0.106 0.124 0.130 0.462
14 53 0.014 0.000 0.004 0.009 0.029 0.049 0.094 0.138 0.135 0.118 0.423
1 17 0.014 0.000 0.005 0.009 0.018 0.029 0.041 0.059 0.075 0.093 0.671
17 29 0.014 0.000 0.006 0.008 0.028 0.095 0.110 0.107 0.103 0.119 0.424
3 15 0.014 0.000 0.004 0.009 0.026 0.047 0.071 0.096 0.111 0.125 0.510
6 54 0.014 0.000 0.005 0.009 0.021 0.033 0.047 0.074 0.104 0.140 0.567
1 12 0.014 0.000 0.004 0.010 0.025 0.049 0.072 0.096 0.109 0.126 0.510
4 40 0.014 0.000 0.004 0.009 0.025 0.039 0.057 0.082 0.107 0.150 0.527
5 21 0.014 0.000 0.006 0.007 0.017 0.030 0.040 0.057 0.085 0.130 0.627
8 50 0.014 0.000 0.004 0.009 0.020 0.041 0.076 0.110 0.128 0.150 0.462
4 47 0.014 0.000 0.005 0.008 0.022 0.038 0.065 0.108 0.139 0.155 0.460
6 50 0.014 0.000 0.003 0.010 0.025 0.043 0.064 0.098 0.135 0.159 0.462
21 27 0.013 0.000 0.003 0.010 0.018 0.029 0.055 0.136 0.202 0.138 0.409
37 44 0.013 0.000 0.003 0.010 0.033 0.079 0.107 0.119 0.117 0.104 0.428
30 43 0.013 0.000 0.003 0.011 0.041 0.072 0.074 0.118 0.109 0.102 0.471
7 14 0.013 0.000 0.003 0.010 0.033 0.058 0.081 0.125 0.148 0.145 0.397
2 11 0.013 0.000 0.003 0.010 0.031 0.050 0.062 0.080 0.106 0.130 0.526
2 51 0.013 0.000 0.003 0.010 0.023 0.038 0.053 0.078 0.114 0.144 0.535
14 33 0.013 0.000 0.002 0.011 0.032 0.060 0.065 0.084 0.101 0.102 0.543
5 40 0.013 0.000 0.004 0.009 0.019 0.031 0.046 0.066 0.099 0.159 0.568
2 38 0.013 0.000 0.003 0.009 0.024 0.038 0.048 0.066 0.096 0.142 0.572
22 28 0.013 0.000 0.003 0.010 0.029 0.055 0.089 0.140 0.164 0.119 0.390
17 51 0.013 0.000 0.005 0.008 0.029 0.052 0.088 0.128 0.149 0.133 0.408
2 15 0.013 0.000 0.003 0.010 0.024 0.037 0.052 0.072 0.089 0.114 0.600
30 36 0.013 0.000 0.002 0.011 0.041 0.088 0.112 0.119 0.104 0.102 0.421
1 38 0.013 0.000 0.004 0.008 0.021 0.033 0.048 0.075 0.097 0.118 0.595
6 51 0.013 0.000 0.004 0.009 0.024 0.041 0.064 0.096 0.131 0.151 0.481
13 36 0.013 0.000 0.004 0.009 0.035 0.042 0.057 0.161 0.192 0.157 0.344
1 46 0.013 0.000 0.004 0.008 0.022 0.037 0.054 0.075 0.095 0.106 0.599
2 16 0.012 0.000 0.003 0.009 0.019 0.034 0.044 0.059 0.075 0.109 0.650
1 20 0.012 0.000 0.004 0.008 0.020 0.033 0.041 0.057 0.080 0.115 0.643
5 49 0.012 0.000 0.003 0.009 0.023 0.044 0.069 0.101 0.124 0.139 0.488
23 54 0.012 0.000 0.004 0.008 0.018 0.032 0.054 0.080 0.102 0.123 0.579
5 51 0.012 0.000 0.003 0.009 0.022 0.041 0.058 0.081 0.122 0.169 0.495
30 42 0.012 0.000 0.003 0.009 0.034 0.056 0.053 0.092 0.134 0.133 0.486
4 22 0.012 0.001 0.005 0.006 0.011 0.018 0.030 0.056 0.097 0.157 0.619
31 41 0.012 0.000 0.007 0.005 0.013 0.024 0.056 0.119 0.172 0.175 0.429
32 39 0.012 0.000 0.003 0.009 0.037 0.072 0.100 0.130 0.133 0.126 0.390
26 34 0.012 0.000 0.002 0.010 0.035 0.059 0.079 0.105 0.125 0.121 0.465
14 52 0.012 0.000 0.004 0.008 0.024 0.053 0.091 0.134 0.157 0.139 0.391
29 36 0.012 0.000 0.002 0.010 0.048 0.114 0.115 0.108 0.082 0.061 0.461
3 36 0.012 0.001 0.003 0.008 0.021 0.038 0.067 0.107 0.149 0.178 0.429
3 16 0.012 0.000 0.004 0.008 0.026 0.040 0.052 0.073 0.090 0.116 0.590
5 14 0.012 0.000 0.003 0.009 0.036 0.083 0.113 0.129 0.123 0.106 0.399
14 49 0.012 0.000 0.005 0.007 0.017 0.040 0.068 0.129 0.120 0.122 0.492
1 9 0.012 0.000 0.004 0.008 0.022 0.044 0.065 0.088 0.101 0.103 0.565
29 46 0.012 0.000 0.003 0.008 0.032 0.070 0.108 0.124 0.120 0.127 0.406
5 41 0.012 0.000 0.003 0.008 0.020 0.033 0.052 0.093 0.130 0.177 0.483
5 25 0.012 0.000 0.003 0.009 0.018 0.030 0.036 0.059 0.093 0.144 0.607
6 47 0.012 0.000 0.003 0.008 0.021 0.038 0.061 0.099 0.136 0.154 0.479
44 54 0.012 0.000 0.003 0.008 0.024 0.042 0.054 0.075 0.093 0.108 0.594
4 49 0.012 0.000 0.003 0.008 0.022 0.041 0.060 0.089 0.127 0.166 0.484
13 20 0.012 0.000 0.002 0.009 0.029 0.040 0.047 0.064 0.080 0.097 0.632
8 37 0.011 0.000 0.003 0.008 0.030 0.059 0.088 0.118 0.147 0.161 0.386
23 52 0.011 0.001 0.004 0.007 0.013 0.019 0.030 0.049 0.087 0.136 0.654
6 49 0.011 0.000 0.004 0.007 0.021 0.041 0.071 0.110 0.140 0.155 0.451
12 51 0.011 0.000 0.003 0.008 0.027 0.058 0.089 0.126 0.141 0.157 0.391
27 45 0.011 0.000 0.003 0.008 0.022 0.034 0.044 0.071 0.105 0.148 0.565
2 46 0.011 0.000 0.003 0.008 0.022 0.037 0.056 0.086 0.113 0.132 0.543
3 20 0.011 0.000 0.004 0.007 0.018 0.028 0.036 0.070 0.122 0.175 0.539
7 51 0.011 0.000 0.003 0.008 0.019 0.038 0.067 0.093 0.116 0.140 0.516
17 35 0.011 0.000 0.003 0.008 0.029 0.073 0.139 0.173 0.159 0.118 0.297
28 42 0.011 0.000 0.002 0.009 0.042 0.080 0.109 0.094 0.094 0.103 0.468
1 21 0.011 0.000 0.003 0.008 0.019 0.032 0.047 0.071 0.092 0.116 0.612
18 31 0.011 0.000 0.001 0.010 0.023 0.044 0.081 0.127 0.144 0.100 0.469
27 37 0.011 0.000 0.002 0.009 0.021 0.040 0.072 0.113 0.132 0.117 0.494
7 47 0.011 0.000 0.003 0.008 0.024 0.040 0.064 0.101 0.136 0.159 0.465
27 53 0.011 0.001 0.003 0.007 0.020 0.037 0.047 0.055 0.066 0.101 0.663
3 40 0.011 0.000 0.004 0.007 0.014 0.025 0.043 0.074 0.126 0.184 0.524
34 40 0.011 0.000 0.001 0.009 0.028 0.076 0.119 0.142 0.129 0.109 0.387
3 18 0.011 0.000 0.004 0.006 0.017 0.032 0.054 0.094 0.124 0.140 0.529
2 40 0.011 0.000 0.002 0.008 0.018 0.026 0.033 0.047 0.077 0.136 0.651
25 40 0.011 0.000 0.002 0.008 0.028 0.074 0.096 0.103 0.129 0.149 0.411
8 54 0.011 0.000 0.003 0.007 0.018 0.036 0.056 0.081 0.114 0.141 0.542
20 50 0.011 0.000 0.003 0.008 0.024 0.045 0.072 0.103 0.123 0.143 0.479
41 50 0.010 0.000 0.003 0.007 0.016 0.030 0.050 0.079 0.111 0.156 0.549
4 41 0.010 0.000 0.003 0.007 0.020 0.035 0.051 0.072 0.110 0.157 0.544
5 48 0.010 0.000 0.003 0.007 0.020 0.040 0.067 0.096 0.116 0.144 0.505
6 22 0.010 0.000 0.004 0.006 0.012 0.020 0.031 0.058 0.112 0.173 0.583
31 44 0.010 0.000 0.002 0.008 0.030 0.055 0.074 0.100 0.114 0.128 0.488
24 54 0.010 0.000 0.003 0.007 0.016 0.028 0.049 0.080 0.107 0.125 0.585
6 21 0.010 0.000 0.003 0.007 0.013 0.023 0.039 0.064 0.099 0.150 0.602
33 39 0.010 0.000 0.002 0.009 0.029 0.071 0.105 0.123 0.119 0.115 0.427
8 49 0.010 0.000 0.004 0.006 0.016 0.032 0.053 0.093 0.134 0.168 0.494
38 52 0.010 0.000 0.004 0.006 0.012 0.020 0.038 0.061 0.100 0.152 0.607
6 16 0.010 0.000 0.003 0.007 0.024 0.053 0.087 0.137 0.167 0.165 0.357
7 15 0.010 0.000 0.002 0.008 0.028 0.058 0.074 0.094 0.126 0.132 0.478
9 50 0.010 0.000 0.003 0.007 0.021 0.045 0.082 0.124 0.139 0.136 0.441
3 17 0.010 0.000 0.003 0.007 0.022 0.039 0.056 0.086 0.116 0.121 0.550
11 38 0.010 0.000 0.003 0.007 0.024 0.041 0.064 0.120 0.195 0.197 0.347
15 33 0.010 0.000 0.002 0.008 0.027 0.049 0.081 0.115 0.145 0.127 0.447
10 16 0.010 0.000 0.002 0.008 0.018 0.027 0.034 0.063 0.099 0.119 0.631
16 28 0.010 0.000 0.001 0.009 0.044 0.091 0.092 0.104 0.090 0.071 0.500
6 24 0.010 0.000 0.004 0.006 0.011 0.016 0.024 0.060 0.116 0.197 0.566
1 43 0.010 0.000 0.003 0.006 0.015 0.026 0.041 0.062 0.086 0.111 0.648
9 31 0.010 0.000 0.002 0.008 0.021 0.045 0.083 0.121 0.137 0.125 0.459
14 28 0.010 0.000 0.002 0.008 0.043 0.080 0.115 0.147 0.142 0.109 0.354
12 33 0.010 0.000 0.002 0.008 0.018 0.037 0.059 0.099 0.104 0.097 0.576
28 52 0.010 0.001 0.003 0.006 0.013 0.028 0.039 0.050 0.060 0.084 0.716
26 39 0.010 0.000 0.002 0.008 0.027 0.062 0.087 0.108 0.136 0.160 0.411
7 39 0.010 0.000 0.002 0.007 0.020 0.039 0.066 0.121 0.156 0.172 0.417
12 54 0.009 0.000 0.003 0.006 0.018 0.038 0.063 0.096 0.116 0.125 0.536
21 50 0.009 0.000 0.003 0.007 0.023 0.044 0.064 0.099 0.123 0.143 0.495
2 17 0.009 0.000 0.003 0.006 0.017 0.030 0.044 0.064 0.086 0.110 0.639
36 42 0.009 0.000 0.002 0.007 0.035 0.066 0.079 0.094 0.117 0.134 0.466
18 49 0.009 0.000 0.003 0.006 0.020 0.036 0.064 0.104 0.130 0.138 0.498
39 52 0.009 0.000 0.003 0.006 0.017 0.030 0.045 0.069 0.097 0.140 0.592
3 23 0.009 0.000 0.003 0.007 0.019 0.035 0.046 0.069 0.104 0.148 0.569
18 28 0.009 0.000 0.002 0.007 0.034 0.113 0.101 0.121 0.125 0.105 0.392
25 31 0.009 0.000 0.002 0.007 0.016 0.030 0.046 0.067 0.094 0.128 0.611
25 53 0.009 0.000 0.003 0.006 0.018 0.037 0.048 0.058 0.074 0.098 0.659
9 54 0.009 0.000 0.003 0.006 0.015 0.034 0.058 0.093 0.125 0.146 0.520
15 47 0.009 0.000 0.002 0.007 0.023 0.049 0.077 0.119 0.139 0.119 0.465
2 37 0.009 0.000 0.003 0.006 0.014 0.029 0.047 0.068 0.096 0.133 0.603
1 8 0.009 0.000 0.003 0.006 0.016 0.032 0.049 0.072 0.098 0.122 0.602
31 54 0.009 0.000 0.002 0.007 0.018 0.033 0.050 0.061 0.074 0.088 0.668
26 45 0.009 0.000 0.002 0.007 0.014 0.026 0.041 0.064 0.101 0.156 0.588
27 43 0.009 0.000 0.003 0.006 0.025 0.049 0.078 0.124 0.125 0.114 0.475
28 37 0.009 0.000 0.002 0.007 0.022 0.050 0.091 0.117 0.096 0.074 0.541
15 35 0.009 0.000 0.002 0.007 0.029 0.085 0.121 0.167 0.162 0.108 0.319
5 47 0.009 0.000 0.003 0.006 0.019 0.037 0.057 0.091 0.134 0.168 0.487
27 46 0.009 0.000 0.002 0.006 0.020 0.041 0.073 0.103 0.141 0.159 0.454
39 54 0.009 0.000 0.003 0.006 0.014 0.025 0.042 0.064 0.091 0.123 0.633
4 14 0.009 0.000 0.002 0.006 0.020 0.047 0.093 0.129 0.134 0.138 0.430
7 49 0.009 0.000 0.002 0.007 0.020 0.044 0.066 0.103 0.132 0.170 0.457
15 28 0.009 0.000 0.002 0.007 0.039 0.082 0.110 0.128 0.094 0.087 0.451
26 51 0.009 0.000 0.002 0.006 0.017 0.029 0.038 0.051 0.071 0.103 0.684
4 20 0.009 0.000 0.003 0.006 0.013 0.017 0.029 0.055 0.103 0.170 0.603
5 15 0.009 0.000 0.003 0.006 0.019 0.039 0.067 0.101 0.139 0.165 0.461
19 51 0.009 0.000 0.003 0.006 0.015 0.027 0.049 0.088 0.134 0.169 0.509
7 42 0.009 0.000 0.002 0.006 0.026 0.047 0.061 0.090 0.120 0.152 0.495
25 51 0.009 0.000 0.002 0.007 0.022 0.027 0.038 0.058 0.078 0.121 0.648
36 43 0.009 0.000 0.002 0.006 0.025 0.046 0.073 0.105 0.122 0.129 0.492
9 53 0.009 0.000 0.003 0.006 0.017 0.033 0.059 0.093 0.120 0.141 0.528
4 21 0.009 0.001 0.002 0.005 0.011 0.016 0.025 0.048 0.092 0.158 0.642
43 50 0.008 0.000 0.003 0.006 0.018 0.035 0.054 0.087 0.125 0.141 0.532
7 44 0.008 0.000 0.002 0.006 0.018 0.035 0.059 0.086 0.112 0.142 0.540
29 54 0.008 0.000 0.003 0.005 0.014 0.032 0.057 0.066 0.071 0.078 0.673
43 54 0.008 0.000 0.003 0.005 0.015 0.030 0.058 0.085 0.096 0.101 0.606
17 25 0.008 0.000 0.002 0.006 0.032 0.076 0.120 0.144 0.122 0.088 0.409
27 50 0.008 0.000 0.002 0.006 0.021 0.041 0.047 0.060 0.075 0.111 0.637
8 46 0.008 0.000 0.002 0.006 0.025 0.046 0.069 0.094 0.115 0.147 0.496
13 37 0.008 0.000 0.001 0.007 0.034 0.095 0.140 0.187 0.179 0.102 0.254
20 51 0.008 0.000 0.003 0.005 0.017 0.031 0.050 0.085 0.118 0.142 0.548
5 16 0.008 0.000 0.002 0.006 0.015 0.033 0.060 0.102 0.148 0.176 0.458
3 21 0.008 0.000 0.003 0.005 0.014 0.026 0.040 0.072 0.123 0.176 0.540
12 52 0.008 0.000 0.002 0.006 0.017 0.035 0.063 0.111 0.156 0.167 0.442
8 53 0.008 0.000 0.002 0.006 0.018 0.040 0.059 0.080 0.102 0.129 0.564
12 19 0.008 0.000 0.002 0.006 0.018 0.032 0.042 0.070 0.097 0.116 0.617
12 49 0.008 0.000 0.002 0.006 0.020 0.048 0.068 0.113 0.141 0.148 0.455
9 17 0.008 0.000 0.002 0.006 0.018 0.033 0.055 0.097 0.129 0.153 0.507
5 43 0.008 0.002 0.002 0.004 0.012 0.024 0.038 0.080 0.125 0.183 0.529
21 51 0.008 0.000 0.002 0.006 0.018 0.029 0.046 0.075 0.108 0.147 0.571
6 48 0.008 0.000 0.002 0.006 0.020 0.044 0.065 0.099 0.124 0.142 0.499
6 17 0.008 0.000 0.002 0.005 0.015 0.033 0.064 0.108 0.146 0.172 0.455
8 48 0.008 0.000 0.002 0.006 0.017 0.033 0.056 0.086 0.119 0.157 0.524
8 17 0.008 0.000 0.003 0.005 0.015 0.037 0.067 0.090 0.115 0.153 0.515
26 41 0.008 0.000 0.002 0.006 0.026 0.070 0.099 0.127 0.129 0.131 0.410
29 52 0.008 0.000 0.002 0.006 0.016 0.037 0.056 0.057 0.067 0.092 0.666
41 54 0.008 0.000 0.002 0.006 0.016 0.031 0.048 0.071 0.099 0.120 0.608
25 34 0.008 0.000 0.002 0.006 0.020 0.047 0.078 0.105 0.123 0.136 0.482
28 54 0.008 0.000 0.002 0.005 0.014 0.028 0.042 0.054 0.063 0.070 0.721
6 15 0.008 0.000 0.002 0.006 0.019 0.044 0.078 0.115 0.125 0.141 0.470
31 43 0.008 0.000 0.002 0.006 0.024 0.052 0.071 0.086 0.111 0.114 0.535
1 22 0.008 0.000 0.002 0.005 0.015 0.026 0.037 0.057 0.084 0.105 0.669
17 24 0.008 0.000 0.003 0.004 0.022 0.051 0.119 0.173 0.141 0.103 0.383
15 46 0.008 0.000 0.002 0.006 0.023 0.049 0.089 0.135 0.167 0.146 0.384
8 47 0.008 0.000 0.002 0.006 0.019 0.039 0.055 0.084 0.122 0.151 0.522
2 22 0.008 0.000 0.002 0.005 0.011 0.016 0.026 0.043 0.070 0.112 0.715
23 53 0.008 0.000 0.002 0.005 0.014 0.023 0.035 0.055 0.079 0.113 0.674
31 52 0.008 0.000 0.002 0.006 0.016 0.043 0.052 0.057 0.074 0.111 0.639
39 46 0.008 0.000 0.002 0.006 0.029 0.072 0.101 0.135 0.146 0.123 0.387
13 28 0.008 0.000 0.002 0.006 0.034 0.073 0.109 0.161 0.167 0.127 0.323
7 16 0.008 0.000 0.002 0.006 0.019 0.053 0.099 0.141 0.160 0.156 0.363
27 39 0.008 0.000 0.001 0.006 0.028 0.069 0.081 0.119 0.137 0.139 0.420
32 43 0.008 0.000 0.002 0.006 0.016 0.035 0.060 0.082 0.097 0.131 0.571
14 20 0.008 0.000 0.002 0.006 0.018 0.036 0.042 0.055 0.077 0.133 0.631
27 51 0.008 0.000 0.002 0.005 0.016 0.037 0.051 0.061 0.077 0.105 0.645
8 14 0.008 0.000 0.002 0.005 0.018 0.059 0.087 0.135 0.163 0.150 0.381
26 50 0.008 0.000 0.002 0.005 0.013 0.025 0.034 0.048 0.073 0.131 0.669
24 53 0.007 0.000 0.003 0.005 0.014 0.021 0.035 0.061 0.089 0.127 0.646
4 23 0.007 0.000 0.002 0.005 0.012 0.017 0.026 0.045 0.079 0.143 0.672
39 51 0.007 0.000 0.002 0.005 0.013 0.023 0.042 0.070 0.106 0.158 0.581
14 51 0.007 0.000 0.001 0.006 0.022 0.058 0.086 0.146 0.160 0.142 0.379
8 39 0.007 0.000 0.002 0.005 0.016 0.035 0.063 0.100 0.151 0.189 0.438
8 35 0.007 0.000 0.001 0.006 0.034 0.096 0.133 0.144 0.144 0.134 0.307
8 36 0.007 0.000 0.002 0.005 0.024 0.059 0.098 0.142 0.154 0.162 0.353
13 54 0.007 0.000 0.002 0.005 0.015 0.034 0.062 0.099 0.126 0.134 0.522
20 31 0.007 0.000 0.001 0.006 0.025 0.074 0.106 0.123 0.115 0.082 0.468
1 44 0.007 0.000 0.002 0.005 0.013 0.025 0.038 0.056 0.077 0.096 0.686
25 44 0.007 0.000 0.002 0.005 0.020 0.038 0.059 0.081 0.100 0.125 0.568
31 53 0.007 0.000 0.002 0.005 0.015 0.038 0.051 0.059 0.072 0.100 0.658
9 32 0.007 0.000 0.002 0.005 0.021 0.039 0.083 0.125 0.140 0.129 0.457
5 24 0.007 0.000 0.002 0.005 0.012 0.018 0.029 0.049 0.093 0.181 0.611
2 26 0.007 0.000 0.005 0.002 0.004 0.007 0.013 0.025 0.048 0.086 0.810
38 54 0.007 0.000 0.003 0.004 0.011 0.020 0.038 0.065 0.094 0.123 0.642
38 45 0.007 0.000 0.001 0.006 0.022 0.055 0.095 0.138 0.125 0.106 0.452
13 38 0.007 0.000 0.001 0.006 0.035 0.095 0.159 0.189 0.141 0.104 0.270
14 34 0.007 0.000 0.001 0.006 0.019 0.031 0.036 0.118 0.168 0.158 0.463
4 15 0.007 0.000 0.002 0.005 0.016 0.032 0.057 0.087 0.122 0.152 0.527
4 19 0.007 0.000 0.002 0.004 0.011 0.019 0.036 0.060 0.103 0.163 0.600
8 15 0.007 0.000 0.002 0.005 0.023 0.056 0.086 0.129 0.138 0.130 0.431
17 27 0.007 0.000 0.001 0.006 0.034 0.104 0.128 0.100 0.078 0.059 0.491
17 26 0.007 0.000 0.001 0.006 0.035 0.089 0.113 0.103 0.086 0.071 0.496
3 25 0.007 0.000 0.002 0.004 0.013 0.029 0.045 0.066 0.094 0.135 0.611
2 43 0.007 0.000 0.003 0.004 0.012 0.019 0.031 0.053 0.089 0.144 0.645
4 18 0.007 0.000 0.002 0.005 0.013 0.024 0.042 0.083 0.134 0.173 0.525
12 20 0.007 0.000 0.001 0.006 0.022 0.045 0.071 0.101 0.115 0.119 0.520
4 16 0.007 0.000 0.002 0.005 0.015 0.032 0.054 0.081 0.119 0.157 0.535
8 45 0.007 0.000 0.002 0.005 0.018 0.041 0.057 0.076 0.099 0.130 0.572
6 35 0.007 0.000 0.001 0.005 0.027 0.062 0.093 0.127 0.146 0.143 0.395
8 52 0.007 0.000 0.002 0.005 0.016 0.035 0.058 0.084 0.113 0.143 0.544
2 27 0.007 0.000 0.001 0.005 0.007 0.009 0.016 0.030 0.050 0.080 0.802
37 54 0.007 0.000 0.002 0.004 0.011 0.022 0.043 0.072 0.102 0.130 0.614
2 25 0.007 0.000 0.002 0.005 0.009 0.016 0.023 0.035 0.060 0.098 0.752
34 54 0.007 0.000 0.002 0.004 0.011 0.027 0.053 0.066 0.080 0.096 0.660
7 35 0.007 0.000 0.001 0.005 0.026 0.072 0.104 0.131 0.123 0.117 0.421
2 23 0.007 0.000 0.002 0.005 0.015 0.023 0.032 0.051 0.074 0.105 0.694
34 51 0.007 0.000 0.002 0.005 0.015 0.040 0.060 0.072 0.096 0.117 0.594
8 51 0.007 0.000 0.002 0.005 0.012 0.025 0.051 0.087 0.117 0.142 0.559
2 9 0.007 0.000 0.002 0.004 0.015 0.037 0.058 0.094 0.119 0.127 0.543
1 45 0.006 0.000 0.002 0.004 0.013 0.029 0.045 0.064 0.083 0.097 0.663
30 54 0.006 0.000 0.002 0.005 0.014 0.029 0.046 0.058 0.065 0.081 0.701
26 43 0.006 0.000 0.001 0.005 0.020 0.040 0.074 0.110 0.122 0.137 0.490
43 49 0.006 0.000 0.002 0.005 0.017 0.032 0.043 0.066 0.095 0.132 0.609
10 39 0.006 0.000 0.002 0.004 0.014 0.033 0.066 0.119 0.163 0.188 0.411
7 40 0.006 0.000 0.002 0.005 0.016 0.033 0.051 0.082 0.117 0.159 0.534
17 33 0.006 0.000 0.001 0.005 0.025 0.074 0.099 0.109 0.114 0.120 0.453
1 25 0.006 0.000 0.002 0.004 0.012 0.021 0.031 0.049 0.068 0.092 0.721
41 49 0.006 0.000 0.001 0.005 0.014 0.033 0.058 0.099 0.142 0.173 0.474
11 52 0.006 0.000 0.002 0.004 0.012 0.028 0.056 0.088 0.134 0.178 0.498
5 20 0.006 0.000 0.001 0.005 0.015 0.026 0.040 0.070 0.101 0.138 0.604
1 23 0.006 0.000 0.002 0.004 0.012 0.025 0.039 0.056 0.077 0.097 0.689
13 39 0.006 0.000 0.001 0.005 0.026 0.080 0.134 0.168 0.177 0.149 0.259
37 46 0.006 0.000 0.002 0.005 0.015 0.037 0.072 0.110 0.146 0.166 0.448
41 52 0.006 0.000 0.002 0.005 0.016 0.030 0.043 0.063 0.093 0.125 0.625
33 41 0.006 0.000 0.001 0.005 0.026 0.062 0.087 0.120 0.128 0.119 0.452
16 30 0.006 0.000 0.001 0.005 0.023 0.074 0.119 0.178 0.160 0.105 0.334
33 44 0.006 0.000 0.002 0.004 0.016 0.035 0.071 0.124 0.158 0.153 0.437
7 41 0.006 0.000 0.001 0.005 0.017 0.039 0.058 0.085 0.115 0.147 0.534
41 48 0.006 0.000 0.002 0.005 0.016 0.038 0.063 0.087 0.121 0.153 0.515
11 51 0.006 0.000 0.002 0.005 0.015 0.034 0.069 0.126 0.167 0.174 0.408
39 47 0.006 0.000 0.001 0.005 0.018 0.049 0.093 0.139 0.157 0.139 0.400
8 19 0.006 0.000 0.003 0.003 0.010 0.020 0.033 0.066 0.132 0.161 0.572
7 17 0.006 0.000 0.002 0.004 0.014 0.035 0.065 0.109 0.133 0.153 0.484
3 35 0.006 0.000 0.002 0.004 0.014 0.029 0.054 0.097 0.138 0.162 0.500
42 54 0.006 0.000 0.002 0.004 0.012 0.024 0.043 0.069 0.095 0.120 0.631
12 47 0.006 0.000 0.002 0.004 0.015 0.030 0.056 0.095 0.134 0.151 0.514
12 53 0.006 0.000 0.002 0.004 0.016 0.039 0.066 0.094 0.132 0.153 0.493
28 38 0.006 0.000 0.002 0.005 0.018 0.050 0.065 0.115 0.155 0.144 0.448
43 51 0.006 0.000 0.002 0.004 0.014 0.027 0.054 0.091 0.119 0.156 0.534
26 46 0.006 0.000 0.001 0.005 0.015 0.028 0.045 0.090 0.138 0.178 0.498
7 48 0.006 0.000 0.002 0.005 0.015 0.037 0.065 0.106 0.138 0.163 0.469
36 54 0.006 0.000 0.002 0.004 0.010 0.023 0.042 0.065 0.088 0.113 0.653
7 43 0.006 0.000 0.002 0.004 0.015 0.024 0.041 0.073 0.118 0.180 0.543
9 49 0.006 0.000 0.002 0.004 0.013 0.031 0.060 0.107 0.148 0.158 0.476
5 27 0.006 0.000 0.002 0.004 0.008 0.018 0.033 0.066 0.110 0.172 0.587
7 23 0.006 0.000 0.002 0.004 0.009 0.015 0.024 0.048 0.091 0.150 0.658
35 54 0.006 0.000 0.002 0.004 0.011 0.026 0.047 0.065 0.082 0.104 0.660
11 54 0.006 0.000 0.002 0.004 0.012 0.025 0.047 0.082 0.116 0.138 0.573
17 34 0.006 0.000 0.001 0.005 0.018 0.051 0.098 0.123 0.138 0.136 0.430
37 52 0.006 0.000 0.002 0.004 0.013 0.026 0.046 0.071 0.099 0.144 0.596
5 17 0.006 0.000 0.001 0.004 0.012 0.026 0.050 0.088 0.132 0.179 0.509
12 38 0.006 0.000 0.001 0.005 0.024 0.063 0.116 0.163 0.173 0.145 0.310
17 49 0.006 0.000 0.001 0.005 0.016 0.040 0.061 0.097 0.129 0.136 0.515
22 50 0.006 0.000 0.002 0.004 0.012 0.021 0.044 0.081 0.115 0.137 0.584
12 34 0.006 0.000 0.002 0.004 0.012 0.030 0.067 0.127 0.114 0.106 0.537
26 35 0.006 0.000 0.001 0.005 0.021 0.047 0.078 0.115 0.134 0.140 0.459
20 26 0.006 0.000 0.001 0.005 0.014 0.037 0.055 0.099 0.131 0.127 0.531
38 46 0.006 0.000 0.001 0.005 0.017 0.044 0.088 0.135 0.169 0.162 0.380
42 53 0.006 0.000 0.002 0.004 0.015 0.023 0.038 0.060 0.083 0.110 0.664
39 50 0.006 0.000 0.002 0.004 0.010 0.023 0.042 0.065 0.109 0.159 0.586
11 37 0.006 0.000 0.001 0.005 0.016 0.033 0.068 0.118 0.176 0.171 0.413
5 19 0.006 0.000 0.002 0.004 0.012 0.029 0.053 0.077 0.098 0.142 0.585
11 49 0.006 0.000 0.001 0.004 0.018 0.041 0.070 0.108 0.140 0.150 0.467
41 47 0.006 0.000 0.001 0.005 0.017 0.044 0.060 0.091 0.137 0.160 0.485
40 46 0.006 0.000 0.001 0.005 0.019 0.048 0.079 0.131 0.156 0.139 0.422
12 36 0.006 0.000 0.001 0.005 0.013 0.025 0.043 0.121 0.177 0.173 0.442
34 52 0.006 0.000 0.001 0.004 0.015 0.034 0.050 0.061 0.080 0.114 0.640
30 52 0.006 0.000 0.002 0.004 0.014 0.035 0.046 0.051 0.064 0.096 0.689
9 52 0.006 0.000 0.002 0.004 0.013 0.027 0.055 0.095 0.133 0.157 0.514
34 41 0.006 0.000 0.001 0.004 0.026 0.061 0.087 0.108 0.123 0.126 0.464
24 51 0.006 0.000 0.002 0.004 0.010 0.016 0.029 0.059 0.097 0.130 0.653
15 21 0.006 0.000 0.001 0.005 0.013 0.028 0.043 0.079 0.099 0.132 0.601
16 33 0.006 0.000 0.001 0.005 0.022 0.068 0.102 0.119 0.117 0.100 0.466
5 26 0.006 0.000 0.002 0.003 0.008 0.013 0.023 0.041 0.081 0.148 0.680
14 30 0.006 0.000 0.001 0.004 0.022 0.054 0.107 0.137 0.146 0.140 0.389
38 51 0.006 0.000 0.002 0.003 0.010 0.020 0.040 0.075 0.108 0.137 0.603
6 18 0.006 0.000 0.002 0.004 0.011 0.027 0.054 0.100 0.156 0.200 0.445
40 47 0.006 0.000 0.001 0.004 0.016 0.038 0.065 0.108 0.150 0.155 0.461
34 43 0.006 0.000 0.002 0.004 0.017 0.040 0.062 0.088 0.104 0.134 0.549
38 49 0.006 0.000 0.002 0.004 0.012 0.024 0.048 0.086 0.120 0.162 0.542
16 29 0.006 0.000 0.001 0.005 0.019 0.036 0.063 0.131 0.137 0.105 0.504
13 30 0.006 0.000 0.001 0.004 0.018 0.040 0.085 0.146 0.161 0.152 0.393
10 50 0.006 0.000 0.001 0.004 0.019 0.044 0.080 0.121 0.143 0.143 0.444
4 17 0.005 0.000 0.001 0.004 0.013 0.030 0.051 0.074 0.111 0.160 0.556
39 49 0.005 0.000 0.002 0.004 0.011 0.023 0.042 0.085 0.138 0.197 0.500
37 51 0.005 0.000 0.001 0.004 0.014 0.029 0.052 0.076 0.111 0.151 0.563
34 50 0.005 0.000 0.002 0.004 0.011 0.035 0.061 0.076 0.097 0.127 0.587
42 52 0.005 0.000 0.001 0.004 0.012 0.024 0.039 0.062 0.089 0.124 0.644
37 50 0.005 0.000 0.002 0.004 0.014 0.032 0.054 0.075 0.100 0.133 0.587
1 37 0.005 0.000 0.002 0.004 0.011 0.025 0.038 0.057 0.078 0.102 0.684
22 51 0.005 0.000 0.002 0.004 0.011 0.021 0.036 0.065 0.104 0.146 0.612
41 51 0.005 0.000 0.001 0.004 0.013 0.028 0.046 0.071 0.105 0.144 0.588
3 22 0.005 0.000 0.002 0.004 0.010 0.021 0.035 0.060 0.100 0.154 0.613
10 46 0.005 0.000 0.002 0.004 0.010 0.021 0.048 0.092 0.138 0.169 0.518
20 29 0.005 0.000 0.001 0.004 0.012 0.022 0.045 0.145 0.229 0.149 0.393
6 19 0.005 0.000 0.001 0.004 0.012 0.027 0.053 0.089 0.120 0.151 0.542
27 47 0.005 0.000 0.001 0.004 0.016 0.034 0.059 0.095 0.127 0.138 0.526
39 53 0.005 0.000 0.002 0.004 0.011 0.021 0.035 0.056 0.085 0.127 0.660
6 26 0.005 0.000 0.001 0.004 0.008 0.014 0.025 0.049 0.096 0.164 0.638
13 21 0.005 0.000 0.001 0.004 0.012 0.032 0.055 0.085 0.090 0.094 0.626
40 54 0.005 0.000 0.001 0.004 0.011 0.021 0.037 0.059 0.085 0.121 0.661
37 47 0.005 0.000 0.001 0.004 0.013 0.033 0.073 0.108 0.134 0.155 0.479
8 42 0.005 0.000 0.001 0.004 0.016 0.036 0.063 0.096 0.128 0.139 0.517
38 50 0.005 0.000 0.001 0.004 0.010 0.020 0.043 0.075 0.101 0.143 0.602
1 27 0.005 0.000 0.002 0.003 0.009 0.015 0.024 0.037 0.056 0.075 0.778
16 49 0.005 0.000 0.001 0.004 0.013 0.030 0.054 0.114 0.149 0.150 0.486
32 44 0.005 0.000 0.001 0.004 0.020 0.044 0.075 0.107 0.120 0.142 0.486
26 37 0.005 0.000 0.001 0.004 0.015 0.038 0.073 0.107 0.138 0.151 0.472
5 18 0.005 0.000 0.002 0.003 0.012 0.027 0.051 0.090 0.128 0.169 0.518
12 18 0.005 0.000 0.002 0.004 0.010 0.029 0.040 0.072 0.110 0.127 0.606
12 21 0.005 0.000 0.001 0.004 0.014 0.031 0.069 0.106 0.112 0.117 0.547
6 20 0.005 0.000 0.001 0.004 0.010 0.022 0.043 0.081 0.114 0.146 0.579
35 43 0.005 0.000 0.001 0.004 0.019 0.050 0.075 0.098 0.122 0.129 0.501
33 42 0.005 0.000 0.001 0.004 0.016 0.041 0.070 0.106 0.139 0.145 0.477
13 53 0.005 0.000 0.001 0.004 0.014 0.035 0.068 0.104 0.140 0.156 0.478
14 47 0.005 0.000 0.001 0.004 0.015 0.038 0.079 0.129 0.146 0.134 0.453
32 52 0.005 0.000 0.002 0.003 0.012 0.030 0.058 0.076 0.078 0.099 0.643
32 54 0.005 0.000 0.002 0.003 0.008 0.020 0.051 0.074 0.081 0.095 0.666
10 54 0.005 0.000 0.001 0.003 0.010 0.021 0.047 0.088 0.131 0.150 0.548
6 27 0.005 0.000 0.001 0.003 0.010 0.020 0.041 0.086 0.126 0.159 0.554
33 51 0.005 0.000 0.001 0.004 0.015 0.037 0.059 0.076 0.086 0.100 0.623
40 48 0.005 0.000 0.001 0.004 0.008 0.017 0.032 0.065 0.121 0.190 0.562
12 31 0.005 0.000 0.001 0.004 0.020 0.056 0.100 0.131 0.138 0.139 0.412
19 31 0.005 0.000 0.001 0.004 0.018 0.036 0.053 0.099 0.152 0.113 0.525
7 25 0.005 0.000 0.001 0.004 0.011 0.029 0.042 0.060 0.087 0.148 0.616
27 36 0.005 0.000 0.001 0.004 0.018 0.042 0.086 0.146 0.137 0.098 0.467
13 51 0.005 0.000 0.001 0.004 0.020 0.054 0.076 0.126 0.148 0.146 0.426
25 46 0.005 0.000 0.001 0.003 0.009 0.023 0.044 0.080 0.126 0.174 0.540
25 45 0.005 0.000 0.001 0.004 0.013 0.030 0.047 0.075 0.102 0.140 0.588
13 52 0.005 0.000 0.001 0.004 0.011 0.030 0.063 0.105 0.160 0.183 0.442
12 46 0.005 0.000 0.001 0.003 0.014 0.025 0.049 0.086 0.123 0.162 0.536
7 21 0.005 0.000 0.001 0.004 0.011 0.022 0.034 0.058 0.092 0.136 0.643
27 49 0.005 0.000 0.001 0.003 0.015 0.034 0.048 0.072 0.103 0.127 0.595
2 45 0.005 0.000 0.001 0.003 0.012 0.026 0.047 0.068 0.092 0.117 0.633
36 44 0.005 0.000 0.001 0.003 0.018 0.044 0.080 0.122 0.143 0.149 0.438
21 31 0.005 0.000 0.001 0.004 0.021 0.062 0.102 0.137 0.118 0.090 0.466
9 51 0.005 0.000 0.001 0.003 0.012 0.028 0.061 0.103 0.134 0.143 0.514
40 49 0.005 0.000 0.002 0.003 0.008 0.017 0.037 0.085 0.132 0.187 0.529
13 49 0.005 0.000 0.001 0.004 0.014 0.035 0.072 0.121 0.150 0.142 0.462
1 26 0.005 0.000 0.001 0.003 0.009 0.014 0.024 0.041 0.067 0.095 0.746
34 53 0.005 0.000 0.001 0.003 0.012 0.031 0.053 0.072 0.093 0.117 0.616
40 52 0.005 0.000 0.001 0.003 0.010 0.021 0.038 0.059 0.086 0.132 0.648
16 34 0.005 0.000 0.001 0.004 0.023 0.072 0.105 0.136 0.130 0.097 0.433
14 29 0.005 0.000 0.001 0.004 0.021 0.055 0.100 0.126 0.143 0.144 0.407
2 44 0.005 0.000 0.001 0.003 0.011 0.026 0.046 0.071 0.091 0.106 0.644
31 51 0.005 0.000 0.001 0.004 0.012 0.034 0.052 0.067 0.090 0.122 0.618
38 53 0.004 0.000 0.002 0.003 0.008 0.015 0.031 0.060 0.098 0.147 0.638
3 24 0.004 0.000 0.001 0.003 0.010 0.017 0.031 0.060 0.106 0.160 0.612
2 8 0.004 0.000 0.001 0.003 0.010 0.024 0.036 0.060 0.103 0.145 0.618
28 36 0.004 0.000 0.001 0.004 0.024 0.081 0.106 0.119 0.095 0.068 0.503
17 23 0.004 0.000 0.001 0.003 0.013 0.034 0.061 0.109 0.136 0.133 0.510
18 25 0.004 0.000 0.001 0.003 0.019 0.055 0.084 0.120 0.128 0.123 0.467
25 41 0.004 0.000 0.001 0.003 0.011 0.030 0.054 0.094 0.131 0.147 0.527
18 46 0.004 0.000 0.001 0.003 0.010 0.018 0.046 0.097 0.151 0.190 0.484
35 41 0.004 0.000 0.001 0.003 0.018 0.050 0.084 0.118 0.147 0.148 0.430
20 30 0.004 0.000 0.001 0.004 0.015 0.036 0.058 0.124 0.180 0.114 0.468
9 19 0.004 0.000 0.001 0.003 0.012 0.025 0.044 0.088 0.121 0.142 0.563
7 19 0.004 0.000 0.001 0.003 0.013 0.029 0.048 0.074 0.110 0.157 0.566
9 33 0.004 0.000 0.001 0.003 0.018 0.055 0.104 0.126 0.113 0.101 0.479
1 24 0.004 0.000 0.001 0.003 0.009 0.016 0.028 0.047 0.070 0.097 0.728
12 39 0.004 0.000 0.001 0.003 0.017 0.045 0.086 0.131 0.164 0.185 0.368
25 50 0.004 0.000 0.001 0.003 0.009 0.022 0.038 0.052 0.081 0.142 0.651
4 25 0.004 0.000 0.001 0.003 0.008 0.014 0.023 0.045 0.086 0.152 0.668
12 32 0.004 0.000 0.001 0.003 0.016 0.042 0.085 0.138 0.147 0.121 0.446
8 23 0.004 0.000 0.001 0.003 0.007 0.012 0.023 0.043 0.078 0.129 0.704
14 21 0.004 0.000 0.001 0.004 0.018 0.038 0.044 0.074 0.100 0.111 0.611
10 34 0.004 0.000 0.001 0.003 0.020 0.056 0.096 0.142 0.141 0.108 0.433
39 48 0.004 0.000 0.001 0.003 0.010 0.021 0.043 0.091 0.136 0.180 0.514
29 47 0.004 0.000 0.001 0.003 0.016 0.049 0.083 0.104 0.108 0.100 0.536
15 34 0.004 0.000 0.001 0.004 0.016 0.047 0.078 0.118 0.163 0.154 0.420
27 33 0.004 0.000 0.001 0.003 0.014 0.040 0.062 0.084 0.096 0.091 0.608
11 46 0.004 0.000 0.001 0.003 0.010 0.022 0.050 0.103 0.150 0.173 0.488
8 44 0.004 0.000 0.001 0.003 0.014 0.035 0.056 0.077 0.101 0.134 0.579
40 50 0.004 0.000 0.001 0.003 0.007 0.014 0.031 0.067 0.107 0.169 0.600
9 15 0.004 0.000 0.001 0.003 0.015 0.044 0.065 0.103 0.118 0.119 0.533
8 18 0.004 0.000 0.001 0.002 0.010 0.023 0.044 0.092 0.135 0.166 0.526
16 48 0.004 0.000 0.001 0.003 0.015 0.032 0.044 0.081 0.113 0.119 0.592
37 45 0.004 0.000 0.001 0.003 0.013 0.036 0.076 0.122 0.139 0.142 0.468
16 47 0.004 0.000 0.001 0.003 0.012 0.033 0.063 0.105 0.134 0.118 0.530
33 54 0.004 0.000 0.001 0.002 0.008 0.021 0.044 0.065 0.077 0.097 0.684
32 51 0.004 0.000 0.001 0.003 0.008 0.023 0.060 0.079 0.085 0.105 0.635
13 19 0.004 0.000 0.001 0.003 0.009 0.020 0.030 0.053 0.075 0.091 0.718
37 53 0.004 0.000 0.001 0.003 0.009 0.020 0.038 0.066 0.102 0.145 0.616
8 21 0.004 0.000 0.001 0.003 0.012 0.027 0.037 0.055 0.079 0.112 0.673
11 19 0.004 0.000 0.001 0.003 0.015 0.035 0.048 0.077 0.115 0.128 0.578
17 48 0.004 0.000 0.001 0.003 0.010 0.027 0.052 0.084 0.118 0.145 0.560
24 40 0.004 0.000 0.001 0.003 0.010 0.028 0.062 0.104 0.133 0.166 0.493
33 47 0.004 0.000 0.001 0.003 0.011 0.031 0.055 0.080 0.100 0.124 0.595
3 27 0.004 0.000 0.001 0.003 0.009 0.021 0.039 0.066 0.094 0.127 0.641
13 29 0.004 0.000 0.001 0.003 0.019 0.049 0.090 0.137 0.158 0.142 0.401
36 53 0.004 0.000 0.001 0.003 0.008 0.019 0.043 0.076 0.108 0.137 0.605
7 31 0.004 0.000 0.001 0.003 0.010 0.025 0.043 0.061 0.084 0.126 0.648
5 35 0.004 0.000 0.001 0.003 0.012 0.035 0.061 0.102 0.135 0.164 0.488
11 34 0.004 0.000 0.001 0.003 0.011 0.028 0.058 0.106 0.133 0.125 0.535
34 44 0.004 0.000 0.001 0.003 0.008 0.019 0.052 0.095 0.154 0.194 0.475
33 52 0.004 0.000 0.001 0.003 0.010 0.028 0.056 0.073 0.083 0.102 0.644
23 51 0.004 0.000 0.001 0.003 0.006 0.013 0.025 0.045 0.078 0.132 0.698
12 37 0.004 0.000 0.001 0.003 0.013 0.040 0.075 0.142 0.189 0.156 0.380
35 42 0.004 0.000 0.001 0.003 0.018 0.047 0.075 0.100 0.127 0.139 0.490
7 34 0.004 0.000 0.001 0.003 0.013 0.035 0.067 0.109 0.144 0.159 0.469
14 48 0.004 0.000 0.001 0.003 0.011 0.024 0.049 0.093 0.138 0.141 0.540
21 29 0.004 0.000 0.001 0.002 0.008 0.019 0.038 0.117 0.189 0.172 0.452
1 36 0.004 0.000 0.001 0.003 0.006 0.013 0.025 0.045 0.073 0.107 0.725
18 27 0.004 0.000 0.000 0.003 0.011 0.034 0.070 0.177 0.116 0.073 0.515
38 47 0.004 0.000 0.001 0.003 0.011 0.030 0.069 0.122 0.149 0.163 0.453
25 35 0.004 0.000 0.001 0.003 0.012 0.033 0.067 0.113 0.142 0.149 0.480
1 35 0.004 0.000 0.001 0.002 0.008 0.018 0.029 0.045 0.072 0.098 0.727
16 22 0.004 0.000 0.001 0.003 0.013 0.035 0.050 0.087 0.114 0.151 0.547
14 46 0.004 0.000 0.001 0.003 0.012 0.027 0.063 0.113 0.161 0.179 0.442
3 34 0.004 0.000 0.001 0.002 0.008 0.017 0.035 0.072 0.123 0.166 0.577
18 47 0.004 0.000 0.001 0.002 0.008 0.021 0.054 0.099 0.133 0.151 0.531
16 26 0.004 0.000 0.001 0.003 0.012 0.035 0.062 0.090 0.117 0.127 0.553
40 51 0.004 0.000 0.001 0.003 0.008 0.018 0.036 0.064 0.103 0.151 0.616
18 32 0.003 0.000 0.001 0.002 0.010 0.020 0.045 0.088 0.142 0.184 0.509
11 53 0.003 0.000 0.001 0.002 0.010 0.023 0.048 0.092 0.125 0.152 0.548
33 46 0.003 0.000 0.001 0.002 0.013 0.037 0.074 0.103 0.132 0.141 0.497
30 45 0.003 0.000 0.001 0.003 0.010 0.017 0.043 0.086 0.141 0.189 0.511
40 53 0.003 0.000 0.001 0.002 0.007 0.015 0.032 0.059 0.087 0.118 0.678
11 18 0.003 0.000 0.001 0.003 0.007 0.014 0.033 0.072 0.110 0.138 0.624
9 46 0.003 0.000 0.001 0.003 0.012 0.033 0.068 0.107 0.137 0.154 0.484
30 46 0.003 0.000 0.001 0.003 0.011 0.024 0.061 0.113 0.144 0.160 0.485
2 24 0.003 0.000 0.001 0.003 0.006 0.012 0.019 0.037 0.067 0.108 0.747
15 30 0.003 0.000 0.001 0.003 0.015 0.053 0.100 0.133 0.161 0.137 0.397
29 51 0.003 0.000 0.001 0.003 0.011 0.028 0.047 0.065 0.091 0.114 0.640
19 27 0.003 0.000 0.000 0.003 0.011 0.035 0.072 0.141 0.171 0.114 0.453
22 29 0.003 0.000 0.001 0.002 0.009 0.015 0.029 0.082 0.158 0.192 0.512
9 18 0.003 0.000 0.001 0.003 0.010 0.032 0.064 0.095 0.135 0.163 0.497
31 46 0.003 0.000 0.001 0.002 0.014 0.038 0.061 0.084 0.109 0.141 0.549
41 53 0.003 0.000 0.001 0.003 0.010 0.023 0.039 0.064 0.087 0.119 0.654
29 53 0.003 0.000 0.001 0.002 0.008 0.024 0.040 0.053 0.067 0.095 0.709
28 45 0.003 0.000 0.001 0.003 0.010 0.022 0.038 0.071 0.114 0.168 0.574
10 17 0.003 0.000 0.001 0.003 0.009 0.023 0.035 0.063 0.088 0.115 0.663
35 53 0.003 0.000 0.001 0.002 0.010 0.028 0.051 0.072 0.092 0.113 0.630
36 46 0.003 0.000 0.001 0.002 0.010 0.027 0.070 0.100 0.120 0.162 0.508
15 29 0.003 0.000 0.001 0.003 0.017 0.048 0.075 0.104 0.123 0.123 0.506
19 49 0.003 0.000 0.001 0.002 0.008 0.027 0.058 0.089 0.113 0.127 0.575
25 32 0.003 0.000 0.001 0.003 0.011 0.028 0.048 0.089 0.125 0.131 0.564
25 39 0.003 0.000 0.001 0.003 0.010 0.029 0.075 0.129 0.137 0.161 0.458
11 47 0.003 0.000 0.001 0.002 0.007 0.016 0.042 0.096 0.152 0.178 0.505
26 42 0.003 0.000 0.001 0.003 0.012 0.032 0.065 0.116 0.141 0.135 0.496
10 53 0.003 0.000 0.001 0.002 0.008 0.021 0.046 0.091 0.124 0.147 0.560
7 20 0.003 0.000 0.001 0.002 0.008 0.022 0.046 0.071 0.108 0.163 0.579
30 53 0.003 0.000 0.001 0.002 0.008 0.023 0.046 0.060 0.068 0.092 0.699
32 38 0.003 0.000 0.001 0.003 0.011 0.028 0.062 0.138 0.169 0.126 0.464
1 34 0.003 0.000 0.001 0.002 0.006 0.012 0.023 0.038 0.056 0.084 0.778
25 43 0.003 0.000 0.001 0.002 0.011 0.027 0.047 0.082 0.122 0.154 0.553
16 25 0.003 0.000 0.001 0.002 0.014 0.039 0.061 0.096 0.125 0.150 0.513
7 18 0.003 0.000 0.001 0.002 0.008 0.023 0.053 0.103 0.141 0.182 0.487
9 48 0.003 0.000 0.001 0.002 0.009 0.029 0.061 0.101 0.136 0.164 0.497
31 47 0.003 0.000 0.001 0.002 0.011 0.036 0.063 0.077 0.089 0.107 0.614
7 22 0.003 0.000 0.001 0.002 0.007 0.015 0.033 0.064 0.102 0.142 0.634
28 46 0.003 0.000 0.001 0.002 0.010 0.029 0.058 0.096 0.137 0.162 0.503
16 46 0.003 0.000 0.001 0.002 0.010 0.027 0.060 0.107 0.151 0.171 0.470
26 33 0.003 0.000 0.001 0.002 0.010 0.026 0.051 0.087 0.113 0.124 0.587
4 27 0.003 0.000 0.001 0.002 0.006 0.013 0.026 0.050 0.082 0.125 0.695
15 25 0.003 0.000 0.001 0.002 0.010 0.025 0.048 0.070 0.106 0.162 0.576
9 27 0.003 0.000 0.001 0.002 0.010 0.025 0.043 0.070 0.099 0.133 0.617
26 38 0.003 0.000 0.001 0.002 0.013 0.036 0.075 0.113 0.133 0.143 0.483
21 49 0.003 0.000 0.001 0.002 0.009 0.023 0.041 0.074 0.109 0.136 0.604
9 44 0.003 0.000 0.001 0.002 0.008 0.021 0.044 0.077 0.107 0.132 0.608
12 48 0.003 0.000 0.001 0.002 0.010 0.025 0.048 0.082 0.119 0.143 0.569
7 24 0.003 0.000 0.001 0.002 0.007 0.012 0.024 0.051 0.109 0.189 0.604
36 52 0.003 0.000 0.001 0.002 0.007 0.018 0.045 0.070 0.087 0.119 0.650
28 53 0.003 0.000 0.001 0.002 0.006 0.017 0.038 0.051 0.057 0.079 0.748
18 48 0.003 0.000 0.001 0.002 0.011 0.025 0.049 0.085 0.119 0.146 0.562
24 34 0.003 0.000 0.001 0.002 0.008 0.019 0.053 0.117 0.161 0.172 0.467
8 31 0.003 0.000 0.001 0.002 0.008 0.022 0.044 0.068 0.092 0.125 0.637
35 51 0.003 0.000 0.001 0.002 0.011 0.031 0.059 0.087 0.107 0.116 0.586
6 34 0.003 0.000 0.001 0.002 0.011 0.029 0.063 0.113 0.167 0.180 0.435
34 42 0.003 0.000 0.001 0.002 0.009 0.032 0.081 0.119 0.133 0.126 0.497
16 36 0.003 0.000 0.001 0.002 0.012 0.034 0.067 0.130 0.153 0.150 0.451
34 47 0.003 0.000 0.001 0.002 0.008 0.023 0.052 0.080 0.102 0.129 0.604
9 47 0.003 0.000 0.001 0.002 0.010 0.029 0.062 0.110 0.157 0.172 0.458
27 38 0.003 0.000 0.001 0.002 0.012 0.038 0.069 0.109 0.132 0.137 0.499
14 37 0.003 0.000 0.001 0.002 0.016 0.035 0.084 0.135 0.175 0.179 0.374
32 41 0.003 0.000 0.001 0.002 0.009 0.027 0.059 0.104 0.142 0.142 0.513
32 42 0.003 0.000 0.001 0.002 0.009 0.025 0.047 0.083 0.128 0.151 0.554
11 48 0.003 0.000 0.001 0.002 0.009 0.022 0.045 0.096 0.132 0.157 0.535
34 46 0.003 0.000 0.001 0.002 0.008 0.022 0.060 0.109 0.137 0.136 0.525
13 46 0.003 0.000 0.001 0.002 0.008 0.018 0.045 0.088 0.131 0.175 0.532
24 31 0.003 0.000 0.001 0.002 0.010 0.026 0.049 0.094 0.132 0.140 0.545
27 48 0.003 0.000 0.001 0.002 0.009 0.024 0.049 0.083 0.115 0.137 0.580
3 33 0.003 0.000 0.001 0.002 0.006 0.013 0.027 0.052 0.098 0.139 0.662
1 30 0.003 0.000 0.001 0.002 0.006 0.013 0.023 0.038 0.055 0.076 0.787
37 49 0.003 0.000 0.001 0.002 0.010 0.030 0.054 0.077 0.103 0.143 0.581
11 39 0.003 0.000 0.001 0.002 0.010 0.029 0.054 0.105 0.166 0.219 0.414
26 49 0.003 0.000 0.001 0.002 0.011 0.028 0.045 0.064 0.080 0.120 0.649
25 47 0.003 0.000 0.001 0.002 0.007 0.016 0.030 0.062 0.106 0.158 0.618
4 35 0.003 0.000 0.001 0.002 0.007 0.019 0.045 0.084 0.120 0.157 0.565
1 33 0.003 0.000 0.001 0.002 0.005 0.010 0.019 0.032 0.053 0.080 0.799
10 52 0.003 0.000 0.001 0.002 0.007 0.024 0.051 0.079 0.119 0.151 0.566
31 42 0.003 0.000 0.001 0.002 0.010 0.026 0.050 0.083 0.131 0.153 0.545
13 27 0.003 0.000 0.001 0.002 0.012 0.033 0.056 0.087 0.125 0.168 0.517
32 46 0.003 0.000 0.001 0.002 0.009 0.027 0.070 0.106 0.131 0.146 0.507
6 31 0.003 0.000 0.001 0.002 0.009 0.023 0.039 0.067 0.102 0.139 0.618
26 47 0.003 0.000 0.001 0.002 0.008 0.019 0.041 0.075 0.114 0.142 0.598
24 39 0.003 0.000 0.001 0.002 0.006 0.015 0.039 0.095 0.156 0.192 0.494
9 40 0.003 0.000 0.001 0.002 0.011 0.030 0.058 0.101 0.136 0.157 0.505
9 42 0.003 0.000 0.001 0.002 0.009 0.025 0.058 0.114 0.137 0.140 0.515
14 27 0.003 0.000 0.001 0.002 0.010 0.026 0.069 0.134 0.157 0.149 0.452
33 53 0.003 0.000 0.001 0.002 0.007 0.023 0.052 0.075 0.087 0.114 0.638
15 27 0.003 0.000 0.001 0.002 0.010 0.020 0.044 0.104 0.142 0.114 0.564
8 25 0.003 0.000 0.001 0.002 0.007 0.020 0.034 0.053 0.081 0.136 0.666
37 48 0.003 0.000 0.001 0.002 0.008 0.025 0.055 0.090 0.115 0.144 0.559
12 29 0.003 0.000 0.001 0.002 0.014 0.035 0.067 0.097 0.123 0.142 0.519
42 49 0.003 0.000 0.001 0.002 0.009 0.027 0.045 0.070 0.100 0.125 0.621
3 32 0.003 0.000 0.001 0.002 0.006 0.012 0.027 0.054 0.097 0.135 0.667
35 44 0.003 0.000 0.001 0.002 0.010 0.026 0.055 0.103 0.149 0.166 0.487
26 36 0.003 0.000 0.001 0.002 0.009 0.026 0.065 0.130 0.173 0.165 0.429
36 50 0.003 0.000 0.001 0.002 0.006 0.017 0.045 0.074 0.096 0.127 0.632
8 41 0.003 0.000 0.001 0.002 0.009 0.026 0.046 0.081 0.117 0.147 0.571
28 51 0.003 0.000 0.001 0.002 0.008 0.019 0.034 0.053 0.070 0.105 0.709
35 52 0.003 0.000 0.001 0.002 0.008 0.027 0.049 0.066 0.085 0.111 0.650
1 29 0.003 0.000 0.001 0.002 0.005 0.012 0.022 0.035 0.051 0.068 0.804
10 47 0.003 0.000 0.001 0.002 0.006 0.017 0.042 0.088 0.133 0.155 0.556
13 41 0.003 0.000 0.001 0.002 0.008 0.022 0.049 0.080 0.122 0.204 0.513
14 43 0.003 0.000 0.001 0.002 0.005 0.011 0.039 0.088 0.134 0.180 0.540
15 26 0.003 0.000 0.001 0.002 0.005 0.009 0.026 0.065 0.120 0.161 0.610
23 50 0.003 0.000 0.001 0.002 0.006 0.014 0.030 0.059 0.099 0.151 0.638
30 47 0.003 0.000 0.001 0.002 0.008 0.026 0.062 0.084 0.099 0.121 0.598
32 53 0.003 0.000 0.001 0.002 0.007 0.019 0.047 0.078 0.086 0.106 0.655
8 34 0.003 0.000 0.001 0.002 0.010 0.036 0.088 0.140 0.149 0.150 0.425
3 28 0.003 0.000 0.001 0.002 0.006 0.015 0.033 0.057 0.089 0.127 0.671
8 40 0.003 0.000 0.001 0.002 0.007 0.019 0.043 0.080 0.123 0.166 0.558
7 27 0.003 0.000 0.001 0.002 0.007 0.021 0.044 0.085 0.109 0.132 0.600
36 47 0.003 0.000 0.001 0.002 0.009 0.029 0.066 0.096 0.115 0.143 0.540
28 50 0.003 0.000 0.001 0.002 0.007 0.019 0.035 0.061 0.089 0.113 0.674
10 51 0.003 0.000 0.001 0.002 0.009 0.020 0.050 0.107 0.153 0.170 0.488
29 50 0.003 0.000 0.001 0.002 0.008 0.026 0.054 0.073 0.099 0.127 0.611
27 42 0.003 0.000 0.001 0.002 0.011 0.038 0.075 0.097 0.125 0.130 0.522
17 46 0.003 0.000 0.001 0.002 0.008 0.021 0.041 0.077 0.120 0.160 0.569
1 28 0.003 0.000 0.001 0.002 0.005 0.010 0.018 0.035 0.059 0.083 0.787
22 49 0.003 0.000 0.001 0.002 0.007 0.017 0.035 0.067 0.103 0.136 0.633
24 44 0.003 0.000 0.001 0.002 0.006 0.014 0.032 0.067 0.103 0.139 0.636
10 32 0.003 0.000 0.001 0.002 0.009 0.022 0.058 0.099 0.124 0.141 0.544
36 51 0.002 0.000 0.001 0.002 0.008 0.020 0.050 0.081 0.106 0.125 0.608
18 30 0.002 0.000 0.000 0.002 0.007 0.022 0.067 0.147 0.153 0.119 0.483
31 45 0.002 0.000 0.001 0.002 0.011 0.030 0.055 0.086 0.111 0.140 0.566
3 26 0.002 0.000 0.001 0.002 0.006 0.014 0.029 0.058 0.094 0.139 0.657
17 47 0.002 0.000 0.000 0.002 0.008 0.017 0.033 0.067 0.119 0.165 0.588
15 36 0.002 0.000 0.000 0.002 0.009 0.016 0.040 0.108 0.160 0.175 0.490
26 48 0.002 0.000 0.001 0.002 0.006 0.014 0.035 0.067 0.102 0.137 0.637
17 36 0.002 0.000 0.000 0.002 0.009 0.020 0.042 0.090 0.156 0.213 0.468
25 33 0.002 0.000 0.000 0.002 0.009 0.021 0.050 0.094 0.120 0.137 0.568
42 50 0.002 0.000 0.001 0.002 0.007 0.018 0.037 0.065 0.102 0.132 0.636
9 45 0.002 0.000 0.001 0.002 0.009 0.027 0.052 0.076 0.104 0.136 0.593
23 39 0.002 0.000 0.001 0.002 0.005 0.010 0.023 0.056 0.111 0.181 0.611
14 39 0.002 0.000 0.000 0.002 0.011 0.032 0.072 0.133 0.186 0.189 0.375
2 36 0.002 0.000 0.001 0.002 0.006 0.013 0.025 0.048 0.083 0.128 0.694
34 49 0.002 0.000 0.001 0.002 0.008 0.029 0.053 0.075 0.094 0.125 0.613
33 50 0.002 0.000 0.001 0.002 0.006 0.025 0.058 0.083 0.096 0.109 0.620
4 24 0.002 0.000 0.001 0.002 0.005 0.009 0.017 0.032 0.072 0.150 0.712
10 49 0.002 0.000 0.001 0.002 0.008 0.023 0.055 0.106 0.133 0.150 0.523
9 41 0.002 0.000 0.001 0.002 0.009 0.026 0.052 0.092 0.129 0.141 0.549
1 31 0.002 0.000 0.001 0.002 0.006 0.015 0.024 0.035 0.055 0.081 0.781
29 48 0.002 0.000 0.001 0.002 0.008 0.030 0.071 0.111 0.137 0.130 0.511
12 28 0.002 0.000 0.001 0.002 0.010 0.030 0.071 0.106 0.125 0.143 0.512
1 32 0.002 0.000 0.001 0.002 0.004 0.009 0.017 0.032 0.053 0.079 0.804
13 47 0.002 0.000 0.000 0.002 0.008 0.020 0.051 0.102 0.153 0.163 0.501
24 41 0.002 0.000 0.000 0.002 0.006 0.012 0.026 0.065 0.124 0.178 0.587
3 29 0.002 0.000 0.001 0.001 0.005 0.016 0.035 0.063 0.094 0.125 0.659
21 39 0.002 0.000 0.001 0.002 0.006 0.016 0.033 0.066 0.107 0.160 0.610
30 51 0.002 0.000 0.001 0.002 0.008 0.029 0.057 0.066 0.079 0.112 0.648
8 43 0.002 0.000 0.001 0.002 0.008 0.022 0.052 0.092 0.124 0.157 0.541
7 32 0.002 0.000 0.001 0.002 0.006 0.016 0.039 0.070 0.105 0.142 0.619
14 41 0.002 0.000 0.001 0.002 0.007 0.022 0.054 0.096 0.133 0.175 0.509
12 27 0.002 0.000 0.000 0.002 0.007 0.017 0.034 0.074 0.124 0.170 0.571
38 48 0.002 0.000 0.001 0.002 0.007 0.018 0.040 0.081 0.125 0.162 0.565
18 35 0.002 0.000 0.001 0.002 0.009 0.026 0.068 0.113 0.145 0.156 0.481
2 28 0.002 0.000 0.001 0.002 0.004 0.006 0.012 0.026 0.051 0.088 0.810
24 50 0.002 0.000 0.001 0.001 0.005 0.010 0.025 0.055 0.092 0.146 0.664
6 32 0.002 0.000 0.001 0.002 0.006 0.016 0.042 0.083 0.123 0.154 0.574
24 35 0.002 0.000 0.001 0.002 0.006 0.019 0.053 0.102 0.151 0.184 0.483
16 24 0.002 0.000 0.001 0.002 0.008 0.024 0.056 0.089 0.139 0.179 0.502
14 25 0.002 0.000 0.001 0.002 0.006 0.016 0.042 0.086 0.128 0.171 0.548
18 24 0.002 0.000 0.001 0.002 0.008 0.019 0.048 0.097 0.137 0.160 0.529
23 41 0.002 0.000 0.001 0.001 0.004 0.011 0.022 0.051 0.097 0.143 0.669
4 26 0.002 0.000 0.000 0.002 0.005 0.012 0.021 0.037 0.065 0.117 0.741
10 48 0.002 0.000 0.000 0.002 0.006 0.018 0.041 0.079 0.126 0.163 0.565
7 26 0.002 0.000 0.000 0.002 0.005 0.019 0.032 0.057 0.091 0.144 0.649
10 45 0.002 0.000 0.001 0.002 0.007 0.016 0.035 0.068 0.110 0.151 0.611
28 47 0.002 0.000 0.001 0.002 0.009 0.024 0.057 0.099 0.127 0.125 0.557
23 40 0.002 0.000 0.001 0.002 0.007 0.013 0.031 0.069 0.106 0.145 0.628
10 40 0.002 0.000 0.000 0.002 0.007 0.019 0.043 0.086 0.132 0.178 0.532
14 38 0.002 0.000 0.000 0.002 0.012 0.043 0.075 0.129 0.186 0.175 0.378
8 22 0.002 0.000 0.001 0.002 0.006 0.015 0.028 0.049 0.082 0.127 0.692
42 51 0.002 0.000 0.001 0.002 0.006 0.016 0.035 0.067 0.101 0.140 0.633
29 49 0.002 0.000 0.001 0.002 0.008 0.028 0.054 0.075 0.104 0.136 0.593
12 45 0.002 0.000 0.000 0.002 0.007 0.013 0.026 0.056 0.101 0.151 0.644
19 48 0.002 0.000 0.001 0.002 0.007 0.023 0.044 0.077 0.105 0.129 0.613
25 49 0.002 0.000 0.001 0.002 0.006 0.020 0.039 0.061 0.084 0.131 0.656
6 33 0.002 0.000 0.001 0.002 0.006 0.015 0.038 0.075 0.120 0.157 0.588
12 30 0.002 0.000 0.000 0.002 0.010 0.029 0.055 0.083 0.118 0.162 0.542
2 35 0.002 0.000 0.000 0.002 0.005 0.011 0.022 0.039 0.072 0.124 0.726
3 31 0.002 0.000 0.001 0.002 0.006 0.015 0.029 0.050 0.079 0.114 0.705
25 37 0.002 0.000 0.000 0.002 0.007 0.021 0.046 0.093 0.141 0.168 0.521
2 29 0.002 0.000 0.001 0.001 0.003 0.006 0.015 0.031 0.057 0.087 0.799
10 31 0.002 0.000 0.000 0.002 0.008 0.025 0.052 0.095 0.124 0.139 0.554
32 47 0.002 0.000 0.001 0.001 0.006 0.023 0.062 0.094 0.099 0.116 0.598
18 26 0.002 0.000 0.000 0.002 0.012 0.046 0.064 0.092 0.095 0.080 0.610
23 44 0.002 0.000 0.001 0.001 0.005 0.009 0.023 0.055 0.100 0.144 0.662
13 40 0.002 0.000 0.000 0.002 0.007 0.022 0.054 0.092 0.140 0.196 0.488
9 30 0.002 0.000 0.000 0.002 0.007 0.021 0.046 0.075 0.103 0.133 0.613
25 42 0.002 0.000 0.000 0.002 0.006 0.014 0.032 0.068 0.112 0.155 0.612
15 39 0.002 0.000 0.000 0.002 0.007 0.023 0.050 0.080 0.126 0.183 0.530
21 30 0.002 0.000 0.000 0.002 0.008 0.027 0.060 0.135 0.168 0.113 0.486
42 48 0.002 0.000 0.000 0.002 0.007 0.020 0.041 0.066 0.092 0.123 0.649
15 22 0.002 0.000 0.000 0.001 0.007 0.019 0.034 0.062 0.106 0.136 0.634
33 45 0.002 0.000 0.000 0.002 0.008 0.023 0.055 0.097 0.118 0.136 0.560
10 42 0.002 0.000 0.000 0.002 0.007 0.019 0.047 0.101 0.134 0.148 0.542
8 27 0.002 0.000 0.000 0.001 0.005 0.015 0.034 0.068 0.100 0.127 0.650
24 46 0.002 0.000 0.001 0.001 0.005 0.009 0.023 0.053 0.103 0.177 0.628
24 45 0.002 0.000 0.000 0.001 0.005 0.011 0.025 0.054 0.104 0.157 0.642
33 49 0.002 0.000 0.000 0.001 0.007 0.024 0.052 0.079 0.093 0.111 0.633
18 33 0.002 0.000 0.000 0.002 0.006 0.017 0.054 0.099 0.132 0.135 0.555
8 20 0.002 0.000 0.000 0.001 0.006 0.016 0.033 0.064 0.102 0.149 0.628
14 22 0.002 0.000 0.000 0.002 0.009 0.024 0.044 0.075 0.111 0.144 0.591
5 34 0.002 0.000 0.000 0.001 0.006 0.019 0.044 0.084 0.127 0.170 0.548
10 44 0.002 0.000 0.001 0.001 0.005 0.014 0.031 0.059 0.092 0.122 0.675
9 21 0.002 0.000 0.000 0.002 0.009 0.028 0.042 0.060 0.079 0.110 0.671
14 44 0.002 0.000 0.000 0.001 0.005 0.012 0.032 0.067 0.106 0.160 0.616
20 49 0.002 0.000 0.000 0.001 0.005 0.019 0.040 0.070 0.099 0.123 0.641
6 28 0.002 0.000 0.000 0.001 0.004 0.013 0.039 0.081 0.109 0.134 0.617
35 50 0.002 0.000 0.000 0.001 0.006 0.021 0.048 0.081 0.108 0.134 0.599
24 47 0.002 0.000 0.001 0.001 0.003 0.008 0.019 0.044 0.093 0.158 0.674
18 41 0.002 0.000 0.000 0.001 0.005 0.015 0.033 0.058 0.094 0.141 0.652
13 48 0.002 0.000 0.000 0.001 0.006 0.018 0.043 0.096 0.136 0.158 0.541
14 36 0.002 0.000 0.001 0.001 0.009 0.022 0.053 0.100 0.153 0.198 0.463
7 33 0.002 0.000 0.000 0.001 0.006 0.021 0.050 0.088 0.112 0.142 0.580
32 50 0.002 0.000 0.001 0.001 0.005 0.016 0.044 0.079 0.085 0.101 0.667
19 25 0.002 0.000 0.000 0.001 0.007 0.026 0.069 0.126 0.127 0.098 0.546
16 27 0.002 0.000 0.000 0.001 0.009 0.025 0.091 0.164 0.094 0.079 0.536
19 47 0.002 0.000 0.000 0.001 0.006 0.015 0.030 0.061 0.103 0.141 0.642
19 35 0.002 0.000 0.000 0.001 0.006 0.020 0.041 0.069 0.118 0.172 0.573
15 23 0.002 0.000 0.000 0.001 0.006 0.018 0.039 0.064 0.094 0.145 0.633
16 23 0.002 0.000 0.000 0.001 0.008 0.026 0.046 0.085 0.123 0.138 0.573
10 18 0.002 0.000 0.000 0.001 0.007 0.019 0.038 0.066 0.111 0.144 0.611
11 20 0.002 0.000 0.000 0.001 0.007 0.023 0.053 0.090 0.120 0.130 0.576
26 32 0.002 0.000 0.000 0.001 0.006 0.019 0.030 0.054 0.084 0.114 0.692
35 47 0.002 0.000 0.000 0.001 0.007 0.023 0.057 0.091 0.111 0.130 0.580
9 43 0.002 0.000 0.000 0.001 0.005 0.018 0.049 0.096 0.136 0.151 0.543
23 35 0.002 0.000 0.000 0.001 0.004 0.011 0.030 0.082 0.156 0.204 0.512
11 45 0.002 0.000 0.000 0.001 0.006 0.015 0.032 0.062 0.102 0.153 0.628
24 43 0.002 0.000 0.001 0.001 0.005 0.012 0.030 0.069 0.118 0.157 0.607
14 40 0.002 0.000 0.000 0.001 0.006 0.016 0.041 0.087 0.137 0.188 0.522
36 49 0.002 0.000 0.000 0.001 0.006 0.020 0.046 0.074 0.097 0.128 0.626
4 34 0.002 0.000 0.000 0.001 0.005 0.014 0.035 0.073 0.125 0.164 0.582
15 44 0.002 0.000 0.000 0.001 0.005 0.014 0.034 0.060 0.104 0.162 0.620
25 38 0.002 0.000 0.000 0.001 0.007 0.021 0.047 0.098 0.143 0.174 0.509
20 48 0.002 0.000 0.000 0.001 0.005 0.016 0.041 0.073 0.102 0.129 0.632
3 30 0.002 0.000 0.000 0.001 0.005 0.017 0.033 0.059 0.088 0.119 0.678
19 29 0.002 0.000 0.000 0.002 0.005 0.029 0.062 0.128 0.185 0.154 0.436
36 45 0.002 0.000 0.000 0.001 0.006 0.018 0.048 0.095 0.124 0.154 0.554
21 46 0.002 0.000 0.000 0.001 0.004 0.009 0.021 0.050 0.095 0.144 0.675
21 41 0.002 0.000 0.000 0.001 0.004 0.010 0.026 0.055 0.087 0.128 0.689
14 42 0.002 0.000 0.000 0.001 0.005 0.014 0.040 0.086 0.141 0.192 0.521
20 39 0.002 0.000 0.000 0.001 0.005 0.017 0.034 0.061 0.103 0.164 0.614
19 46 0.002 0.000 0.000 0.001 0.005 0.012 0.030 0.063 0.105 0.155 0.627
21 48 0.002 0.000 0.000 0.001 0.005 0.014 0.032 0.064 0.100 0.136 0.647
8 32 0.002 0.000 0.000 0.001 0.005 0.012 0.029 0.064 0.107 0.146 0.636
24 49 0.002 0.000 0.000 0.001 0.004 0.009 0.027 0.058 0.083 0.133 0.685
32 45 0.002 0.000 0.000 0.001 0.007 0.023 0.052 0.089 0.116 0.131 0.580
22 35 0.002 0.000 0.001 0.001 0.004 0.010 0.026 0.065 0.126 0.201 0.566
5 31 0.002 0.000 0.000 0.001 0.005 0.015 0.031 0.059 0.099 0.141 0.649
12 41 0.002 0.000 0.000 0.001 0.006 0.018 0.044 0.077 0.115 0.172 0.565
35 49 0.002 0.000 0.000 0.001 0.005 0.020 0.047 0.078 0.105 0.137 0.605
18 36 0.002 0.000 0.000 0.001 0.006 0.018 0.043 0.086 0.129 0.159 0.558
11 17 0.002 0.000 0.000 0.001 0.004 0.010 0.015 0.036 0.077 0.128 0.728
6 29 0.002 0.000 0.000 0.001 0.007 0.022 0.051 0.076 0.089 0.107 0.646
21 47 0.002 0.000 0.000 0.001 0.004 0.011 0.029 0.065 0.106 0.151 0.633
25 48 0.002 0.000 0.000 0.001 0.005 0.013 0.029 0.056 0.089 0.133 0.674
19 32 0.002 0.000 0.000 0.001 0.007 0.013 0.031 0.071 0.101 0.140 0.635
24 32 0.002 0.000 0.000 0.001 0.004 0.014 0.035 0.070 0.118 0.175 0.582
24 42 0.002 0.000 0.000 0.001 0.004 0.010 0.024 0.052 0.105 0.171 0.633
9 25 0.002 0.000 0.000 0.001 0.006 0.018 0.032 0.052 0.080 0.128 0.683
13 44 0.002 0.000 0.000 0.001 0.004 0.009 0.021 0.049 0.085 0.133 0.697
34 48 0.002 0.000 0.000 0.001 0.006 0.021 0.045 0.065 0.090 0.125 0.647
9 28 0.002 0.000 0.000 0.001 0.006 0.015 0.032 0.073 0.117 0.142 0.614
36 48 0.002 0.000 0.000 0.001 0.006 0.023 0.052 0.083 0.105 0.123 0.606
18 39 0.002 0.000 0.000 0.001 0.005 0.016 0.036 0.060 0.097 0.149 0.637
35 46 0.002 0.000 0.000 0.001 0.006 0.017 0.051 0.099 0.133 0.152 0.542
22 48 0.001 0.000 0.000 0.001 0.004 0.011 0.024 0.049 0.082 0.120 0.709
9 20 0.001 0.000 0.000 0.001 0.005 0.015 0.034 0.062 0.103 0.142 0.638
16 39 0.001 0.000 0.000 0.001 0.005 0.014 0.036 0.068 0.105 0.162 0.611
24 33 0.001 0.000 0.000 0.001 0.004 0.011 0.028 0.069 0.128 0.168 0.591
31 50 0.001 0.000 0.000 0.001 0.006 0.025 0.045 0.062 0.086 0.115 0.660
7 28 0.001 0.000 0.000 0.001 0.005 0.017 0.043 0.076 0.101 0.118 0.638
31 49 0.001 0.000 0.000 0.001 0.007 0.031 0.050 0.060 0.078 0.109 0.664
14 45 0.001 0.000 0.000 0.001 0.005 0.014 0.034 0.073 0.123 0.180 0.569
22 44 0.001 0.000 0.001 0.001 0.003 0.007 0.019 0.043 0.083 0.132 0.713
12 40 0.001 0.000 0.000 0.001 0.005 0.017 0.043 0.085 0.124 0.187 0.538
15 45 0.001 0.000 0.000 0.001 0.005 0.012 0.031 0.068 0.122 0.185 0.576
22 41 0.001 0.000 0.000 0.001 0.005 0.010 0.020 0.049 0.095 0.143 0.677
10 19 0.001 0.000 0.000 0.001 0.006 0.023 0.045 0.075 0.103 0.134 0.612
33 48 0.001 0.000 0.000 0.001 0.007 0.021 0.046 0.076 0.091 0.112 0.647
28 49 0.001 0.000 0.000 0.001 0.005 0.017 0.041 0.064 0.086 0.116 0.670
5 29 0.001 0.000 0.000 0.001 0.004 0.012 0.031 0.058 0.080 0.110 0.704
8 24 0.001 0.000 0.000 0.001 0.004 0.010 0.017 0.036 0.075 0.149 0.708
22 40 0.001 0.000 0.000 0.001 0.004 0.011 0.029 0.066 0.109 0.158 0.621
23 49 0.001 0.000 0.000 0.001 0.005 0.012 0.026 0.050 0.081 0.124 0.699
15 41 0.001 0.000 0.000 0.001 0.005 0.016 0.035 0.061 0.097 0.144 0.640
23 47 0.001 0.000 0.000 0.001 0.004 0.011 0.027 0.057 0.103 0.158 0.639
24 37 0.001 0.000 0.000 0.001 0.004 0.010 0.030 0.071 0.127 0.191 0.565
19 26 0.001 0.000 0.000 0.001 0.005 0.021 0.052 0.117 0.133 0.119 0.551
12 44 0.001 0.000 0.000 0.001 0.004 0.010 0.024 0.049 0.080 0.126 0.706
18 34 0.001 0.000 0.000 0.001 0.006 0.025 0.052 0.089 0.117 0.132 0.578
22 47 0.001 0.000 0.000 0.001 0.003 0.008 0.023 0.060 0.109 0.161 0.635
34 45 0.001 0.000 0.000 0.001 0.005 0.015 0.040 0.079 0.114 0.140 0.606
9 23 0.001 0.000 0.000 0.001 0.004 0.011 0.024 0.052 0.089 0.125 0.694
11 40 0.001 0.000 0.000 0.001 0.005 0.015 0.034 0.068 0.122 0.189 0.566
9 29 0.001 0.000 0.000 0.001 0.005 0.017 0.042 0.077 0.108 0.133 0.616
24 48 0.001 0.000 0.000 0.001 0.004 0.007 0.016 0.040 0.083 0.138 0.710
11 21 0.001 0.000 0.000 0.001 0.006 0.020 0.045 0.089 0.114 0.118 0.608
13 45 0.001 0.000 0.000 0.001 0.005 0.010 0.023 0.048 0.090 0.162 0.661
23 46 0.001 0.000 0.000 0.001 0.004 0.010 0.022 0.051 0.109 0.184 0.619
5 28 0.001 0.000 0.000 0.001 0.004 0.010 0.023 0.052 0.091 0.137 0.682
10 33 0.001 0.000 0.000 0.001 0.007 0.023 0.060 0.100 0.118 0.120 0.570
23 45 0.001 0.000 0.000 0.001 0.003 0.008 0.021 0.052 0.102 0.162 0.651
8 26 0.001 0.000 0.000 0.001 0.003 0.009 0.019 0.037 0.068 0.124 0.737
11 31 0.001 0.000 0.000 0.001 0.006 0.018 0.046 0.103 0.144 0.161 0.521
30 49 0.001 0.000 0.000 0.001 0.008 0.034 0.046 0.058 0.078 0.108 0.666
4 28 0.001 0.000 0.000 0.001 0.003 0.008 0.020 0.045 0.074 0.107 0.740
20 47 0.001 0.000 0.000 0.001 0.004 0.011 0.030 0.070 0.110 0.141 0.633
30 50 0.001 0.000 0.000 0.001 0.005 0.024 0.045 0.060 0.080 0.113 0.671
22 39 0.001 0.000 0.000 0.001 0.004 0.010 0.025 0.056 0.105 0.166 0.634
11 32 0.001 0.000 0.000 0.001 0.005 0.016 0.045 0.086 0.129 0.148 0.570
12 43 0.001 0.000 0.000 0.001 0.004 0.010 0.031 0.064 0.102 0.157 0.631
12 42 0.001 0.000 0.000 0.001 0.003 0.011 0.035 0.084 0.134 0.181 0.550
20 41 0.001 0.000 0.000 0.001 0.003 0.009 0.022 0.044 0.078 0.135 0.707
31 48 0.001 0.000 0.000 0.001 0.004 0.019 0.047 0.070 0.086 0.117 0.655
13 42 0.001 0.000 0.000 0.001 0.004 0.011 0.036 0.082 0.126 0.185 0.554
13 43 0.001 0.000 0.000 0.001 0.003 0.008 0.024 0.066 0.121 0.180 0.597
19 39 0.001 0.000 0.000 0.001 0.004 0.013 0.029 0.057 0.094 0.146 0.655
14 26 0.001 0.000 0.000 0.001 0.004 0.011 0.032 0.076 0.135 0.172 0.568
24 30 0.001 0.000 0.000 0.001 0.004 0.011 0.025 0.060 0.116 0.174 0.608
21 40 0.001 0.000 0.000 0.001 0.004 0.012 0.030 0.055 0.091 0.145 0.662
23 29 0.001 0.000 0.000 0.001 0.005 0.014 0.036 0.089 0.170 0.183 0.502
16 37 0.001 0.000 0.000 0.001 0.005 0.016 0.039 0.088 0.150 0.180 0.520
7 30 0.001 0.000 0.000 0.001 0.005 0.021 0.047 0.070 0.083 0.106 0.667
10 41 0.001 0.000 0.000 0.001 0.004 0.015 0.039 0.082 0.128 0.157 0.574
4 31 0.001 0.000 0.000 0.001 0.005 0.012 0.020 0.043 0.073 0.116 0.729
11 33 0.001 0.000 0.000 0.001 0.005 0.015 0.032 0.063 0.111 0.134 0.638
20 32 0.001 0.000 0.000 0.001 0.007 0.026 0.065 0.107 0.126 0.123 0.545
25 36 0.001 0.000 0.000 0.001 0.004 0.013 0.039 0.088 0.142 0.181 0.533
18 45 0.001 0.000 0.000 0.001 0.004 0.012 0.024 0.044 0.077 0.131 0.706
7 29 0.001 0.000 0.000 0.001 0.005 0.019 0.054 0.080 0.089 0.106 0.647
16 41 0.001 0.000 0.000 0.001 0.004 0.013 0.032 0.060 0.097 0.141 0.651
15 40 0.001 0.000 0.000 0.001 0.004 0.011 0.028 0.054 0.091 0.152 0.659
4 33 0.001 0.000 0.000 0.001 0.003 0.008 0.022 0.050 0.093 0.147 0.675
19 36 0.001 0.000 0.000 0.001 0.004 0.011 0.025 0.057 0.088 0.125 0.689
2 30 0.001 0.000 0.001 0.001 0.002 0.006 0.014 0.028 0.053 0.093 0.803
18 38 0.001 0.000 0.000 0.001 0.005 0.013 0.029 0.051 0.085 0.138 0.678
12 25 0.001 0.000 0.000 0.001 0.003 0.009 0.020 0.040 0.075 0.127 0.724
23 34 0.001 0.000 0.000 0.001 0.003 0.013 0.046 0.103 0.156 0.177 0.500
2 34 0.001 0.000 0.000 0.001 0.003 0.007 0.014 0.029 0.055 0.101 0.790
11 41 0.001 0.000 0.000 0.001 0.004 0.013 0.034 0.074 0.115 0.162 0.598
23 43 0.001 0.000 0.000 0.001 0.002 0.007 0.020 0.049 0.088 0.142 0.690
12 22 0.001 0.000 0.000 0.001 0.003 0.011 0.028 0.069 0.119 0.151 0.617
10 27 0.001 0.000 0.000 0.001 0.004 0.012 0.028 0.057 0.095 0.139 0.663
23 48 0.001 0.000 0.000 0.001 0.003 0.009 0.023 0.045 0.084 0.136 0.698
20 46 0.001 0.000 0.000 0.001 0.003 0.008 0.022 0.051 0.097 0.152 0.667
10 21 0.001 0.000 0.000 0.001 0.005 0.019 0.042 0.076 0.106 0.129 0.622
24 38 0.001 0.000 0.000 0.001 0.003 0.009 0.026 0.070 0.139 0.208 0.544
10 43 0.001 0.000 0.000 0.001 0.004 0.009 0.028 0.071 0.123 0.170 0.595
17 37 0.001 0.000 0.000 0.001 0.004 0.013 0.037 0.075 0.121 0.174 0.575
16 38 0.001 0.000 0.000 0.001 0.005 0.019 0.039 0.066 0.110 0.186 0.573
8 33 0.001 0.000 0.000 0.001 0.005 0.015 0.035 0.071 0.114 0.154 0.605
13 26 0.001 0.000 0.000 0.001 0.004 0.009 0.025 0.061 0.106 0.165 0.629
22 30 0.001 0.000 0.000 0.001 0.004 0.013 0.033 0.063 0.117 0.159 0.611
15 37 0.001 0.000 0.000 0.001 0.005 0.018 0.043 0.094 0.156 0.181 0.503
32 49 0.001 0.000 0.000 0.001 0.004 0.015 0.044 0.068 0.083 0.104 0.681
14 23 0.001 0.000 0.000 0.001 0.004 0.015 0.036 0.063 0.103 0.156 0.622
4 29 0.001 0.000 0.000 0.001 0.003 0.008 0.022 0.047 0.078 0.109 0.731
15 24 0.001 0.000 0.000 0.001 0.004 0.013 0.033 0.071 0.112 0.158 0.609
15 42 0.001 0.000 0.000 0.001 0.003 0.013 0.034 0.058 0.092 0.153 0.646
21 32 0.001 0.000 0.000 0.001 0.006 0.027 0.071 0.117 0.142 0.151 0.484
11 44 0.001 0.000 0.000 0.001 0.004 0.009 0.022 0.043 0.077 0.119 0.724
10 20 0.001 0.000 0.000 0.001 0.004 0.012 0.029 0.071 0.109 0.144 0.630
2 31 0.001 0.000 0.000 0.001 0.003 0.010 0.019 0.033 0.060 0.098 0.778
22 46 0.001 0.000 0.000 0.001 0.002 0.006 0.017 0.049 0.100 0.162 0.664
23 31 0.001 0.000 0.000 0.001 0.005 0.018 0.047 0.098 0.149 0.168 0.514
17 39 0.001 0.000 0.000 0.001 0.003 0.011 0.031 0.068 0.102 0.142 0.642
20 34 0.001 0.000 0.000 0.001 0.005 0.021 0.049 0.077 0.104 0.139 0.605
6 30 0.001 0.000 0.000 0.001 0.004 0.015 0.039 0.069 0.095 0.131 0.646
18 44 0.001 0.000 0.000 0.001 0.004 0.012 0.027 0.052 0.081 0.128 0.696
21 38 0.001 0.000 0.000 0.001 0.004 0.011 0.031 0.059 0.090 0.136 0.669
22 37 0.001 0.000 0.000 0.001 0.003 0.008 0.020 0.047 0.095 0.164 0.662
35 45 0.001 0.000 0.000 0.001 0.004 0.014 0.036 0.069 0.104 0.140 0.632
18 43 0.001 0.000 0.000 0.001 0.003 0.009 0.026 0.052 0.087 0.125 0.696
28 48 0.001 0.000 0.000 0.001 0.003 0.014 0.037 0.072 0.105 0.131 0.637
13 22 0.001 0.000 0.000 0.001 0.003 0.012 0.036 0.067 0.107 0.134 0.640
24 36 0.001 0.000 0.000 0.001 0.002 0.007 0.019 0.054 0.127 0.206 0.585
23 37 0.001 0.000 0.000 0.001 0.003 0.008 0.022 0.054 0.106 0.178 0.628
14 24 0.001 0.000 0.000 0.001 0.003 0.007 0.023 0.058 0.106 0.176 0.626
11 29 0.001 0.000 0.000 0.001 0.005 0.012 0.034 0.069 0.116 0.169 0.594
18 29 0.001 0.000 0.000 0.001 0.004 0.026 0.075 0.178 0.189 0.103 0.423
18 37 0.001 0.000 0.000 0.001 0.003 0.009 0.024 0.052 0.095 0.151 0.665
15 43 0.001 0.000 0.000 0.001 0.003 0.008 0.026 0.060 0.101 0.153 0.647
22 31 0.001 0.000 0.000 0.001 0.005 0.019 0.055 0.097 0.136 0.148 0.540
12 23 0.001 0.000 0.000 0.001 0.003 0.007 0.022 0.058 0.112 0.156 0.642
4 32 0.001 0.000 0.000 0.001 0.003 0.007 0.020 0.048 0.086 0.129 0.706
21 37 0.001 0.000 0.000 0.001 0.004 0.010 0.023 0.050 0.086 0.137 0.691
4 30 0.001 0.000 0.000 0.001 0.003 0.011 0.022 0.043 0.071 0.100 0.748
17 38 0.001 0.000 0.000 0.001 0.004 0.015 0.032 0.053 0.086 0.160 0.649
19 34 0.001 0.000 0.000 0.001 0.004 0.013 0.035 0.065 0.103 0.170 0.608
20 35 0.001 0.000 0.000 0.001 0.004 0.020 0.046 0.076 0.117 0.160 0.574
30 48 0.001 0.000 0.000 0.001 0.004 0.021 0.047 0.068 0.091 0.117 0.652
5 30 0.001 0.000 0.000 0.001 0.003 0.011 0.025 0.049 0.082 0.123 0.705
35 48 0.001 0.000 0.000 0.001 0.004 0.015 0.041 0.077 0.103 0.132 0.627
21 44 0.001 0.000 0.000 0.001 0.003 0.006 0.014 0.031 0.066 0.131 0.749
5 33 0.001 0.000 0.000 0.001 0.003 0.009 0.029 0.064 0.101 0.145 0.648
23 38 0.001 0.000 0.000 0.001 0.002 0.005 0.015 0.044 0.109 0.194 0.629
11 43 0.001 0.000 0.000 0.001 0.003 0.010 0.027 0.057 0.093 0.141 0.668
18 40 0.001 0.000 0.000 0.001 0.003 0.009 0.025 0.058 0.098 0.142 0.665
19 30 0.001 0.000 0.000 0.001 0.004 0.025 0.050 0.098 0.171 0.140 0.511
10 29 0.001 0.000 0.000 0.001 0.004 0.014 0.039 0.071 0.099 0.132 0.641
23 42 0.001 0.000 0.000 0.001 0.002 0.005 0.014 0.037 0.080 0.147 0.714
9 22 0.001 0.000 0.000 0.001 0.003 0.009 0.022 0.054 0.086 0.124 0.701
11 28 0.001 0.000 0.000 0.001 0.005 0.015 0.031 0.059 0.102 0.145 0.643
15 38 0.001 0.000 0.000 0.001 0.005 0.019 0.046 0.077 0.135 0.216 0.501
9 26 0.001 0.000 0.000 0.001 0.003 0.014 0.028 0.048 0.074 0.117 0.715
19 41 0.001 0.000 0.000 0.001 0.002 0.007 0.018 0.040 0.073 0.136 0.724
19 44 0.001 0.000 0.000 0.001 0.002 0.008 0.019 0.037 0.065 0.109 0.759
13 25 0.001 0.000 0.000 0.001 0.003 0.007 0.019 0.048 0.096 0.150 0.675
9 24 0.001 0.000 0.000 0.001 0.003 0.007 0.019 0.052 0.091 0.139 0.688
23 36 0.001 0.000 0.000 0.001 0.002 0.006 0.017 0.051 0.113 0.194 0.616
5 32 0.001 0.000 0.000 0.001 0.003 0.007 0.020 0.053 0.108 0.169 0.639
11 25 0.001 0.000 0.000 0.001 0.003 0.008 0.019 0.041 0.070 0.115 0.743
22 42 0.001 0.000 0.000 0.001 0.002 0.004 0.010 0.030 0.068 0.132 0.753
22 34 0.001 0.000 0.000 0.001 0.003 0.011 0.033 0.070 0.117 0.159 0.607
13 24 0.001 0.000 0.000 0.001 0.003 0.008 0.021 0.053 0.105 0.156 0.654
2 33 0.001 0.000 0.000 0.001 0.002 0.005 0.011 0.023 0.047 0.087 0.823
16 40 0.001 0.000 0.000 0.001 0.003 0.009 0.023 0.054 0.094 0.144 0.674
8 30 0.001 0.000 0.000 0.001 0.003 0.012 0.031 0.057 0.080 0.114 0.702
22 38 0.001 0.000 0.000 0.001 0.003 0.008 0.023 0.054 0.098 0.162 0.651
12 26 0.001 0.000 0.000 0.001 0.002 0.009 0.022 0.048 0.081 0.138 0.700
11 27 0.001 0.000 0.000 0.001 0.004 0.016 0.031 0.054 0.088 0.135 0.671
10 28 0.001 0.000 0.000 0.001 0.003 0.010 0.025 0.051 0.090 0.138 0.683
22 43 0.001 0.000 0.000 0.001 0.002 0.005 0.013 0.031 0.070 0.136 0.744
16 45 0.001 0.000 0.000 0.001 0.003 0.009 0.022 0.047 0.091 0.148 0.678
16 42 0.001 0.000 0.000 0.001 0.002 0.007 0.020 0.052 0.087 0.132 0.700
21 35 0.001 0.000 0.000 0.001 0.003 0.017 0.044 0.082 0.128 0.161 0.565
21 34 0.001 0.000 0.000 0.001 0.003 0.015 0.047 0.093 0.124 0.156 0.561
21 45 0.001 0.000 0.000 0.001 0.002 0.006 0.013 0.028 0.061 0.121 0.768
8 29 0.001 0.000 0.000 0.001 0.003 0.011 0.030 0.068 0.099 0.117 0.671
22 45 0.001 0.000 0.000 0.001 0.002 0.004 0.011 0.031 0.077 0.149 0.725
16 44 0.001 0.000 0.000 0.001 0.003 0.007 0.019 0.046 0.088 0.147 0.688
20 44 0.001 0.000 0.000 0.001 0.002 0.006 0.015 0.035 0.065 0.114 0.762
32 48 0.001 0.000 0.000 0.000 0.002 0.009 0.032 0.077 0.104 0.119 0.657
22 33 0.001 0.000 0.000 0.001 0.003 0.012 0.031 0.074 0.105 0.136 0.639
19 37 0.001 0.000 0.000 0.001 0.002 0.006 0.017 0.041 0.075 0.123 0.736
19 40 0.001 0.000 0.000 0.001 0.002 0.008 0.020 0.043 0.073 0.123 0.730
10 30 0.001 0.000 0.000 0.001 0.004 0.012 0.030 0.062 0.097 0.127 0.668
20 40 0.001 0.000 0.000 0.001 0.002 0.008 0.019 0.041 0.074 0.135 0.719
23 30 0.001 0.000 0.000 0.001 0.003 0.008 0.020 0.061 0.135 0.185 0.589
19 33 0.001 0.000 0.000 0.001 0.003 0.010 0.026 0.060 0.093 0.131 0.675
10 25 0.001 0.000 0.000 0.001 0.003 0.010 0.022 0.044 0.071 0.106 0.744
8 28 0.001 0.000 0.000 0.000 0.002 0.009 0.025 0.055 0.085 0.121 0.702
17 45 0.001 0.000 0.000 0.000 0.002 0.005 0.014 0.032 0.064 0.119 0.763
23 32 0.001 0.000 0.000 0.000 0.003 0.012 0.035 0.073 0.114 0.164 0.598
18 42 0.001 0.000 0.000 0.000 0.002 0.006 0.018 0.044 0.082 0.137 0.710
10 23 0.001 0.000 0.000 0.000 0.002 0.008 0.023 0.055 0.089 0.127 0.695
20 37 0.001 0.000 0.000 0.000 0.002 0.008 0.023 0.049 0.080 0.128 0.710
13 23 0.001 0.000 0.000 0.000 0.002 0.007 0.024 0.059 0.103 0.158 0.646
23 33 0.001 0.000 0.000 0.000 0.002 0.008 0.027 0.071 0.112 0.158 0.621
17 41 0.001 0.000 0.000 0.000 0.002 0.006 0.020 0.045 0.079 0.126 0.721
16 43 0.001 0.000 0.000 0.000 0.002 0.006 0.019 0.051 0.091 0.138 0.691
19 43 0.001 0.000 0.000 0.000 0.002 0.006 0.014 0.032 0.059 0.104 0.782
20 36 0.001 0.000 0.000 0.000 0.002 0.007 0.025 0.065 0.100 0.137 0.663
11 42 0.001 0.000 0.000 0.000 0.003 0.009 0.028 0.068 0.111 0.161 0.619
20 38 0.001 0.000 0.000 0.000 0.003 0.010 0.028 0.055 0.085 0.138 0.680
17 44 0.001 0.000 0.000 0.000 0.002 0.006 0.015 0.036 0.073 0.125 0.742
20 43 0.001 0.000 0.000 0.000 0.002 0.006 0.016 0.035 0.069 0.115 0.757
22 36 0.001 0.000 0.000 0.000 0.002 0.006 0.019 0.053 0.106 0.172 0.641
20 33 0.001 0.000 0.000 0.000 0.003 0.013 0.041 0.086 0.102 0.120 0.635
20 42 0.001 0.000 0.000 0.000 0.001 0.004 0.013 0.038 0.069 0.118 0.755
21 43 0.001 0.000 0.000 0.000 0.002 0.004 0.013 0.033 0.064 0.120 0.764
2 32 0.001 0.000 0.000 0.000 0.001 0.004 0.009 0.023 0.046 0.085 0.830
21 36 0.001 0.000 0.000 0.000 0.002 0.007 0.028 0.060 0.101 0.161 0.640
12 24 0.001 0.000 0.000 0.000 0.002 0.007 0.017 0.039 0.081 0.135 0.719
22 32 0.001 0.000 0.000 0.000 0.002 0.009 0.030 0.071 0.104 0.156 0.627
21 33 0.001 0.000 0.000 0.000 0.003 0.015 0.045 0.079 0.110 0.143 0.605
19 38 0.001 0.000 0.000 0.000 0.002 0.008 0.023 0.050 0.078 0.133 0.706
21 42 0.001 0.000 0.000 0.000 0.001 0.004 0.011 0.029 0.063 0.114 0.778
11 22 0.001 0.000 0.000 0.000 0.002 0.006 0.022 0.063 0.113 0.139 0.654
17 40 0.000 0.000 0.000 0.000 0.002 0.005 0.016 0.042 0.081 0.137 0.717
11 30 0.000 0.000 0.000 0.000 0.003 0.014 0.036 0.060 0.088 0.137 0.662
20 45 0.000 0.000 0.000 0.000 0.001 0.005 0.013 0.031 0.064 0.124 0.763
19 45 0.000 0.000 0.000 0.000 0.002 0.007 0.017 0.034 0.061 0.112 0.766
10 22 0.000 0.000 0.000 0.000 0.002 0.007 0.022 0.060 0.111 0.145 0.654
17 42 0.000 0.000 0.000 0.000 0.001 0.004 0.014 0.034 0.069 0.120 0.756
19 42 0.000 0.000 0.000 0.000 0.001 0.004 0.012 0.031 0.061 0.112 0.778
17 43 0.000 0.000 0.000 0.000 0.001 0.004 0.015 0.036 0.069 0.113 0.762
11 23 0.000 0.000 0.000 0.000 0.002 0.006 0.017 0.045 0.091 0.151 0.687
10 24 0.000 0.000 0.000 0.000 0.001 0.005 0.014 0.038 0.077 0.122 0.743
11 24 0.000 0.000 0.000 0.000 0.001 0.005 0.013 0.034 0.069 0.133 0.745
11 26 0.000 0.000 0.000 0.000 0.001 0.005 0.014 0.037 0.070 0.124 0.748
10 26 0.000 0.000 0.000 0.000 0.001 0.005 0.014 0.031 0.058 0.106 0.786