1   R C 160.3 -103.7  142.8  122.3  139.4  4.3  8.7 0.997 0.000 0.002
2   P C  99.5  -68.1  145.4  112.4 -100.5  4.2 12.8 0.964 0.030 0.005
3   R C 128.8  -90.5  119.9  110.8 -134.5  9.3 11.4 0.944 0.043 0.013
4   T C  81.2  -98.8   94.8  110.8 -171.8  6.5 15.0 0.849 0.096 0.055
5   A C  65.0  -89.9  117.2  110.7  120.1  6.0 15.4 0.877 0.056 0.067
6   F C  50.9  -98.3  138.8  119.9 -146.6 18.1 10.8 0.975 0.002 0.024
7   S C  53.2  -80.5  164.4  122.8 -123.7  3.9 19.8 0.994 0.003 0.003
8   S H  80.9  -60.4  -36.3   92.4 -104.0  4.5 13.5 0.052 0.948 0.000
9   E H 130.9  -66.4  -36.3   92.8   53.5  1.6 17.1 0.028 0.972 0.000
10  Q H  47.7  -66.9  -38.5   93.3   50.8 12.0 14.9 0.009 0.991 0.000
11  L H  30.2  -62.9  -40.9   92.6   52.8 16.8 15.5 0.003 0.997 0.000
12  A H  60.0  -63.9  -40.1   92.3   52.4  3.9 21.0 0.003 0.997 0.000
13  R H 108.4  -66.7  -39.2   92.9   49.9  5.2 20.9 0.005 0.995 0.000
14  L H  12.2  -64.8  -42.7   93.4   50.3 21.4 15.2 0.003 0.997 0.000
15  K H  87.3  -63.0  -40.6   92.7   52.5 11.3 19.7 0.004 0.996 0.000
16  R H 139.7  -65.4  -39.0   91.7   50.0  2.0 22.5 0.005 0.995 0.000
17  E H  48.5  -67.0  -40.3   93.2   49.7 11.3 18.0 0.015 0.985 0.000
18  F H  20.2  -66.3  -38.7   93.6   50.4 21.0 13.5 0.051 0.949 0.000
19  N H  99.3  -68.4  -29.7   92.9   55.2  4.8 17.9 0.231 0.769 0.000
20  E H 129.9  -87.2  -13.0   96.2   47.3  2.3 18.0 0.377 0.622 0.001
21  N C  45.8 -114.8  125.6  119.8   56.3 14.8 11.1 0.974 0.022 0.004
22  R C 144.4  -75.2  -18.7   97.1 -160.1  5.1 18.5 0.967 0.029 0.003
23  Y C  87.5  -94.0    9.4  104.7   57.7 10.3 16.7 0.982 0.014 0.003
24  L C  25.5  -92.0  132.8  117.1  108.4 21.4 12.1 0.989 0.005 0.006
25  T C  58.1 -101.0  162.6  125.2 -156.7  6.3 22.9 0.990 0.007 0.002
26  E H 104.8  -61.4  -36.7   93.2 -107.1 10.5 14.4 0.028 0.972 0.000
27  R H 155.8  -64.7  -38.1   92.0   53.9  1.6 20.0 0.015 0.985 0.000
28  R H  86.3  -67.3  -38.5   93.3   50.1  8.6 17.9 0.007 0.993 0.000
29  R H  28.9  -63.8  -41.2   93.1   51.8 19.8 15.4 0.005 0.995 0.000
30  Q H  88.5  -64.0  -40.1   92.9   52.2  7.7 21.1 0.007 0.993 0.000
31  Q H  97.4  -65.6  -39.8   92.2   49.9  3.2 22.9 0.013 0.987 0.000
32  L H  16.8  -65.9  -42.7   93.6   49.6 17.1 17.1 0.010 0.990 0.000
33  S H  17.8  -63.4  -41.0   93.0   52.0 17.6 15.8 0.008 0.992 0.000
34  S H  75.0  -65.6  -37.7   92.0   51.0  2.2 20.0 0.016 0.984 0.000
35  E H 104.5  -69.1  -35.2   92.3   49.8  4.3 18.3 0.036 0.964 0.000
36  L H  31.8  -90.7   -5.8   97.2   44.2 17.3 11.5 0.297 0.703 0.000
37  G C  59.4   68.8   24.6   93.6 -113.6  1.7 20.4 0.998 0.002 0.000
38  L C  32.3 -100.0  145.7  123.3  143.4 17.9  7.3 0.999 0.000 0.001
39  N C  88.6  -79.4  160.7  121.3 -112.9  2.6 21.2 0.999 0.001 0.001
40  E H 122.0  -60.9  -35.8   92.8 -104.9  7.2 13.0 0.041 0.959 0.000
41  A H  71.2  -65.1  -37.6   92.6   55.2  2.2 17.6 0.028 0.972 0.000
42  Q H  72.9  -67.6  -37.2   93.4   50.6  7.3 17.0 0.021 0.979 0.000
43  I H  28.5  -65.5  -40.3   93.7   51.8 17.0 14.8 0.033 0.966 0.001
44  K H 101.4  -64.8  -39.4   93.3   52.8  6.3 18.9 0.054 0.945 0.002
45  I H  86.5  -66.0  -39.7   93.0   50.4  4.1 20.5 0.052 0.946 0.002
46  W H  74.0  -66.1  -40.4   93.5   50.4  9.2 17.6 0.062 0.936 0.002
47  F H  58.7  -66.4  -38.7   93.9   50.5 12.4 16.1 0.175 0.822 0.003
48  Q H  95.8  -66.7  -37.5   93.7   52.2  4.9 18.7 0.263 0.736 0.001
49  N H  65.1  -69.5  -34.6   94.5   51.5  7.6 15.6 0.370 0.629 0.001
50  K H 103.7  -67.4  -34.5   93.8   55.5  7.0 14.3 0.427 0.569 0.004
51  R C 117.1  -70.0  -29.6   94.4   53.4  7.1 14.5 0.517 0.477 0.007
52  A C  64.1  -74.9  -21.1   97.2   59.8  6.3 12.6 0.670 0.319 0.010
53  K C 137.8  -81.7   -3.4   99.5   57.1  3.6 12.0 0.812 0.174 0.014
54  I C 115.6  -90.4   55.1  107.3   74.4  7.3  8.4 0.998 0.001 0.001
