1   M C 145.5  -95.8  132.8  115.6  179.5  4.9  7.5 0.986 0.003 0.011
2   S C  78.8  -96.9  135.3  114.5 -159.1  5.7  9.9 0.975 0.008 0.017
3   T C  97.0  -89.8  126.1  111.9 -130.0  5.1 12.6 0.938 0.037 0.025
4   K C 116.2  -93.1  130.5  114.2 -149.0  8.6 12.2 0.898 0.060 0.042
5   S C  68.7 -101.2  135.5  117.0 -152.5  6.9 16.3 0.802 0.048 0.150
6   V C  56.6 -103.5  131.2  118.4 -147.0 14.0 15.0 0.558 0.072 0.370
7   L C  71.4 -102.0  125.3  114.6 -163.2 11.4 15.8 0.555 0.061 0.384
8   F C  90.6 -111.3  132.4  119.6 -148.5 11.7 17.1 0.602 0.044 0.353
9   G C  29.7  124.1 -171.4  126.5   34.0  8.1 17.2 0.813 0.012 0.175
10  R C 117.1  -97.4  138.9  119.5  -60.9  8.0 17.7 0.832 0.009 0.159
11  P C  79.0  -69.0  142.5  112.9 -100.9  8.4 18.0 0.859 0.009 0.131
12  V C  37.0 -111.8  139.0  123.5 -157.5 18.0 12.3 0.694 0.023 0.282
13  Q C 113.4  -96.9  125.3  114.4 -140.5  4.5 20.2 0.663 0.038 0.299
14  T C  44.8  -89.6   -1.2  102.0 -174.8 16.9 10.5 0.747 0.076 0.177
15  E C 142.9  -80.4   22.9  102.5   70.0  2.7 14.2 0.871 0.037 0.092
16  G C  55.1   82.4   -2.7  101.0  -22.8  2.4 15.0 0.922 0.021 0.057
17  V C  52.1  -94.5  129.6  116.7  122.8 13.1 11.3 0.911 0.016 0.073
18  P C  74.4  -69.6  141.4  108.4 -117.8  7.7 17.2 0.874 0.108 0.018
19  N C  67.4  -79.8   62.1  104.5  -56.6 12.0 17.3 0.827 0.126 0.047
20  V C  47.7  -80.0  -21.1  100.4  157.3 14.9 16.4 0.676 0.198 0.126
21  Y C  49.5  -96.7   36.8  105.8   50.9 17.4 14.2 0.669 0.169 0.162
22  A C  59.1  -71.0  129.1  109.4 -142.7 10.2 16.8 0.919 0.016 0.065
23  G C  53.3   77.8    1.5  100.1   10.1  3.4 18.1 0.947 0.004 0.049
24  A C  39.2  -95.7  140.5  121.2  123.5 12.1 12.9 0.935 0.001 0.064
25  P C  83.3  -68.3  144.4  113.3 -102.6  4.8 22.0 0.922 0.002 0.076
26  V C  33.1  -95.5  133.0  118.5 -135.5 21.6 12.0 0.781 0.002 0.217
27  V C  70.9 -115.1  134.9  122.5 -164.5  7.8 21.1 0.799 0.001 0.200
28  P C  67.2  -70.5  139.7  112.2 -107.2 12.6 19.0 0.810 0.001 0.189
29  W C  34.3  -96.7  137.3  118.5 -140.1 21.5 13.6 0.860 0.001 0.139
30  T C  80.1 -112.6  128.3  119.8 -157.0  5.3 23.8 0.914 0.001 0.085
31  P C  47.3  -69.5  144.5  114.7 -110.6 17.8 14.2 0.985 0.000 0.015
32  P C  30.2  -68.6  151.4  113.4 -101.5 17.5 15.1 0.988 0.001 0.012
33  E C 122.5  -79.2  140.4  114.1 -102.2  4.4 21.3 0.981 0.000 0.018
34  P C  72.9  -66.3  138.0  108.6  -95.0 12.2 16.7 0.988 0.006 0.005
35  G C  39.5   85.6   -2.9  100.1   21.0  7.2 19.6 0.934 0.009 0.058
36  I C  45.2  -97.1  130.1  117.0  119.0 16.4 16.0 0.642 0.053 0.305
37  D C  70.7  -94.2  -18.1  105.0 -177.3  9.3 21.8 0.576 0.062 0.362
38  N E  50.2  -98.3   45.3  107.9   42.7 11.5 19.5 0.398 0.039 0.563
39  L E  27.6 -106.5  121.5  115.8  161.1 19.3 19.0 0.189 0.004 0.807
40  G E  17.0 -133.7  151.3  129.0 -171.6 13.9 25.0 0.091 0.001 0.907
41  I E  12.9 -128.9  141.6  130.5 -165.2 23.1 19.5 0.036 0.000 0.964
42  N E  51.6 -120.6  135.9  124.6 -166.1 10.5 26.4 0.020 0.000 0.980
43  S E   9.6 -133.0  146.0  132.9 -175.3 22.1 19.2 0.018 0.000 0.982
44  I E  54.9 -117.8  131.1  122.3 -161.4 10.2 26.6 0.014 0.000 0.986
45  D E  12.2 -126.5  140.3  129.1 -174.0 22.1 18.7 0.033 0.000 0.967
46  T E  39.1 -112.1  128.9  120.0 -159.2 10.0 26.9 0.028 0.000 0.972
47  F E  12.2 -128.8  142.5  130.8 -174.4 23.6 18.4 0.015 0.000 0.985
48  A E  42.0 -105.6  126.5  117.4 -152.3  9.6 25.9 0.068 0.001 0.932
49  V E  12.3 -113.2  120.0  117.8 -167.5 22.4 16.1 0.373 0.002 0.625
50  P C  62.2  -68.2  135.0  109.5 -118.3 10.4 20.5 0.860 0.010 0.129
51  G C  37.5   87.7   -5.7  104.9   16.0  7.8 17.3 0.873 0.012 0.115
52  V C  71.7 -103.4  115.5  114.1   87.6  9.5 16.7 0.734 0.015 0.251
53  G C  29.0  122.3 -170.0  126.3    2.2  7.6 17.6 0.527 0.007 0.466
54  E E  95.7 -116.0  141.0  124.3  -92.9  8.7 20.8 0.226 0.004 0.769
55  Y E  37.1 -131.6  144.9  131.6 -174.0 17.9 17.3 0.046 0.000 0.954
56  T E  66.6 -104.8  130.8  118.7 -144.5  8.2 24.3 0.026 0.000 0.974
57  V E   9.3 -124.3  136.9  127.6 -172.0 23.6 15.9 0.018 0.000 0.982
58  A E  49.5  -95.8  125.6  114.6 -143.2  8.0 26.4 0.049 0.000 0.951
59  F E   7.1 -122.5  138.6  128.1 -171.6 25.7 14.6 0.062 0.000 0.938
60  D E  64.5 -119.6  135.8  123.1 -166.8  7.8 27.1 0.209 0.001 0.789
61  G E  10.5  147.8 -173.5  139.4   69.7 12.8 22.9 0.184 0.001 0.815
62  W E  57.6 -116.5  142.8  126.6  -57.4 15.6 26.2 0.021 0.000 0.979
63  V E   4.7 -121.3  136.0  126.5 -163.2 25.4 21.2 0.007 0.000 0.993
64  R E  42.6 -102.8  127.7  117.5 -151.2 15.7 27.8 0.010 0.000 0.990
65  V E   5.0 -117.0  133.2  124.4 -164.5 25.5 20.3 0.025 0.000 0.975
66  V E  40.7 -117.3  134.5  123.6 -165.2 11.4 27.4 0.061 0.000 0.939
67  R E  59.9 -100.3  127.8  117.3 -146.9 18.6 18.7 0.373 0.002 0.625
68  S C  33.5 -102.5  159.7  122.7 -166.2 12.8 17.0 0.758 0.001 0.241
69  P C  92.2  -75.5  141.7  113.4  -72.9  4.1 21.1 0.945 0.001 0.054
70  S C  37.1  -74.4  135.4  111.7 -111.1 17.7 12.6 0.939 0.008 0.053
71  T C  84.4  -91.5   -4.9  102.9 -171.4  6.2 17.1 0.861 0.023 0.116
72  S C  66.3 -104.2  127.3  114.8   63.8  5.2 14.8 0.796 0.057 0.147
73  G C  48.1  -68.9    2.9  101.3 -102.6  6.6 14.9 0.822 0.104 0.074
74  E C 103.8 -105.3  135.8  116.8  104.2  5.8 17.7 0.732 0.100 0.168
75  W C  76.3  -84.9   73.0  107.0 -136.1 17.6 13.5 0.648 0.116 0.236
76  A C  48.2  -88.5  -17.1  105.5  142.4 11.0 18.0 0.742 0.081 0.177
77  D C  86.6  -94.8   19.7  103.5   53.8  6.1 22.1 0.705 0.043 0.251
78  A C  11.7 -104.7  144.5  124.7  145.3 22.3 15.5 0.580 0.021 0.399
79  E E  66.5 -112.0  131.6  120.7 -154.7 10.8 27.0 0.246 0.018 0.736
80  V E   8.9 -117.3  133.1  124.3 -164.3 24.5 18.4 0.101 0.002 0.896
81  Y E  66.6 -116.1  135.6  123.0 -167.1 11.6 26.1 0.104 0.004 0.892
82  T E  13.8 -125.8  143.2  128.6 -173.9 21.9 19.3 0.151 0.008 0.842
83  N E  55.3  -98.4  118.2  113.2 -144.8 11.3 25.1 0.188 0.015 0.796
84  L E  23.9  -86.6  118.6  111.5 -141.1 22.0 18.5 0.134 0.012 0.853
85  I E  49.8  -98.1  -29.8  105.5  176.1 13.0 21.7 0.088 0.007 0.905
86  E E  65.3 -148.1  149.9  132.7   -3.6 11.4 24.6 0.086 0.011 0.903
87  M E  13.1 -130.6  144.8  132.0 -172.8 23.4 18.0 0.071 0.004 0.926
88  K E  68.8 -118.2  133.7  123.3 -162.1  9.5 27.3 0.047 0.003 0.950
89  M E  10.4 -126.4  140.0  129.6 -171.0 24.2 18.2 0.040 0.001 0.959
90  V E  44.5 -124.3  139.6  127.4 -167.3  9.7 26.9 0.027 0.000 0.973
91  G E   4.9 -150.3  162.9  141.5  168.4 22.3 20.1 0.065 0.001 0.934
92  E E  72.0 -127.4  140.5  128.4 -148.7  9.4 26.0 0.076 0.002 0.921
93  C E  17.2 -112.0  141.3  124.1 -154.0 20.3 15.5 0.323 0.016 0.661
94  E C 117.7  -68.2  -27.4   94.1 -136.6  5.7 18.0 0.851 0.031 0.118
95  E C 109.1  -76.6  -31.8   94.9   45.7  5.1 17.5 0.835 0.026 0.140
96  L C  49.1 -105.8   -6.4  101.3   33.8 13.9 11.6 0.743 0.024 0.233
97  G C  15.4  114.2 -172.8  133.1 -112.8  5.9 21.6 0.536 0.004 0.460
98  K E  92.8  -93.7  140.1  120.0  -38.2  9.7 23.3 0.229 0.002 0.769
99  I E   4.8 -116.0  132.8  124.0 -153.6 25.9 15.6 0.063 0.000 0.937
100 T E  42.5 -107.9  125.7  117.7 -155.4  9.8 28.4 0.022 0.000 0.978
101 V E   3.8 -121.0  135.7  126.7 -168.0 26.2 17.9 0.041 0.000 0.959
102 T E  41.2 -121.5  139.8  126.1 -168.3  9.1 27.2 0.121 0.001 0.879
103 L E  22.2  -97.7  126.5  115.7 -148.6 22.1 19.1 0.429 0.007 0.564
104 N C  40.9  -97.7  111.8  111.4 -150.2 12.1 19.4 0.933 0.001 0.067
105 P C  80.1  -66.3  -23.1   95.3 -137.5  9.3 16.6 0.973 0.021 0.006
106 D C 113.8  -86.9   -2.8   96.3   50.8  1.7 18.0 0.954 0.033 0.014
107 C C  35.5  -88.6  131.8  115.7   94.1 16.5 11.4 0.756 0.107 0.137
108 L C  78.5  -81.7  127.4  110.6 -136.3  9.9 21.4 0.649 0.130 0.220
109 S C  19.8 -102.5  141.1  121.8 -148.6 20.8 16.0 0.605 0.081 0.314
110 A C  42.9  -88.0    6.6  104.1 -150.0 12.7 23.6 0.613 0.069 0.319
111 G E   9.6  136.8  179.9  124.8 -104.2 19.4 21.8 0.477 0.017 0.507
112 Q E  52.4 -119.1  139.5  125.3 -143.2 13.3 26.3 0.208 0.005 0.788
113 I E  15.2 -105.3  129.7  119.7 -146.0 23.5 19.5 0.168 0.001 0.831
114 R E  72.9 -122.7  139.7  126.0 -172.1 11.7 24.5 0.334 0.002 0.664
115 T C  25.2 -106.0  142.5  123.2 -147.9 18.2 19.1 0.785 0.003 0.212
116 P C  53.4  -72.5  127.6  107.2 -111.8 12.3 18.6 0.911 0.011 0.079
117 F C  67.0 -102.7  135.8  118.2 -156.6 13.7 16.9 0.882 0.015 0.103
118 D C  65.0  -93.0  115.2  111.3 -132.4  9.3 16.9 0.929 0.007 0.064
119 P C  68.2  -70.1  -19.3   94.8 -155.1 10.3 13.6 0.882 0.076 0.042
120 Y C 108.4  -82.4   -6.9   99.6   59.7  9.1 13.4 0.852 0.084 0.065
121 A C  76.6  -74.7   13.1  101.1   55.3  4.2 13.1 0.895 0.062 0.044
122 G C  55.3   81.9   -0.8  100.4  -61.2  3.0 14.4 0.938 0.027 0.034
123 E C 108.4  -95.2  126.9  113.2  108.5  5.9 13.9 0.897 0.022 0.081
124 G C  30.6  159.8  178.3  130.5 -131.4  6.9 16.7 0.919 0.027 0.055
125 P C  75.9  -70.1  140.9  108.1  -52.1  9.0 16.9 0.833 0.153 0.014
126 S C  59.6  -70.3  -16.1   99.5 -131.0  8.8 18.6 0.698 0.274 0.028
127 A C  30.6  -84.0   41.8  105.9   74.9 17.0 14.7 0.604 0.332 0.064
128 K C  91.1  -89.5   73.9  108.4  157.2  9.9 21.5 0.538 0.310 0.152
129 A C  23.4  -89.8   94.5  109.8  109.3 16.7 22.2 0.520 0.285 0.195
130 C C  10.2 -106.8  136.3  120.0  175.8 23.6 22.0 0.510 0.216 0.274
131 R E  60.6 -110.6  126.9  118.4 -157.3 15.9 27.7 0.400 0.124 0.477
132 M E   4.7 -120.1  138.2  126.1 -171.0 25.6 26.2 0.395 0.055 0.550
133 A E   5.1 -100.8  130.1  117.9 -145.8 24.0 27.9 0.369 0.023 0.609
134 V E   3.7 -122.8  138.1  125.7 -165.2 25.4 28.4 0.189 0.005 0.806
135 G E   1.6 -139.8  152.7  134.9 -176.1 25.1 29.1 0.065 0.001 0.935
136 A E   1.9 -128.7  140.9  129.8 -161.2 26.2 27.3 0.019 0.000 0.981
137 I E  20.0 -116.3  131.0  122.6 -160.1 18.4 28.3 0.012 0.000 0.988
138 F E   6.5 -132.4  144.4  133.1 -174.6 24.9 21.2 0.017 0.000 0.983
139 D E  42.9  -94.1  117.1  111.6 -140.2 10.5 27.2 0.159 0.001 0.840
140 M C   7.1  -95.4   10.6  101.9 -173.4 24.8 13.9 0.780 0.090 0.130
141 P C  70.3  -65.3  -34.3   94.2  110.7  9.1 18.5 0.796 0.189 0.014
142 K C 142.0  -69.0  -31.3   91.3   51.3  1.8 18.8 0.732 0.255 0.013
143 L C  46.3  -95.6    0.5   94.1   45.7 14.3 10.7 0.809 0.187 0.004
144 G C  52.8   77.9   15.9   93.4 -110.4  2.4 22.4 0.989 0.003 0.008
145 L C  13.1 -105.9  148.2  127.9  142.1 23.0 12.1 0.850 0.001 0.148
146 K E 100.3 -103.7  132.1  118.5 -138.3  7.0 26.1 0.076 0.000 0.924
147 L E  12.2 -102.7  130.9  119.4 -151.1 24.4 16.8 0.122 0.001 0.877
148 M E  61.4 -112.1  129.9  119.1 -166.7 10.8 22.8 0.208 0.003 0.789
149 N C  48.3 -106.8  128.8  116.2 -167.7 14.7 15.3 0.724 0.008 0.268
150 R C 147.7  -78.5  -10.6   99.9 -127.5  5.8 17.2 0.942 0.003 0.056
151 E C  94.3 -109.7  135.7  122.4   61.0  7.7 18.8 0.922 0.001 0.077
152 P C  42.5  -73.0  141.0  114.1 -110.0 16.3 20.1 0.718 0.007 0.276
153 I E  13.9 -104.3  129.1  118.9 -147.6 23.3 18.7 0.183 0.001 0.815
154 I E  33.3 -109.9  126.6  118.9 -155.5 14.2 27.2 0.053 0.001 0.946
155 L E   6.6 -114.3  132.8  123.5 -163.6 25.0 20.4 0.086 0.001 0.914
156 T E  30.8 -113.1  130.3  120.9 -163.3 11.8 26.9 0.116 0.001 0.882
157 I E  18.2 -109.4  126.5  119.2 -164.2 22.2 18.8 0.291 0.017 0.692
158 D E  70.1  -96.2  -22.2  106.5 -177.9  8.7 22.5 0.485 0.026 0.489
159 D C  75.1 -116.5   44.3  104.5   19.2  7.7 22.7 0.513 0.025 0.462
160 V E   8.4 -108.5  133.7  122.9  166.8 24.9 14.7 0.321 0.009 0.670
161 R E  86.2 -120.6  138.5  125.1 -170.1  9.0 26.2 0.173 0.007 0.819
162 S E  20.2 -117.2  137.0  125.2 -154.3 19.6 21.4 0.219 0.005 0.775
163 I C  27.7 -112.9  123.1  118.7 -164.3 18.3 21.7 0.525 0.003 0.472
164 P C  31.6  -74.4  149.9  116.5 -116.0 16.1 21.8 0.921 0.001 0.078
165 P C  37.7  -70.8  145.8  112.9 -101.9 16.6 20.8 0.935 0.010 0.055
166 A C  51.6  -77.3  134.2  111.6 -114.0 13.1 18.8 0.904 0.009 0.088
167 G C  31.0  120.0 -171.7  121.0   27.8 10.1 17.8 0.882 0.009 0.109
168 A C  57.5  -94.7  135.4  117.2  -59.1  8.5 19.0 0.927 0.002 0.070
169 P C  74.7  -69.3  141.2  110.7  -96.0 10.8 17.2 0.925 0.025 0.050
170 G C  31.5  148.4  179.8  120.7   50.1 10.7 17.1 0.850 0.031 0.119
171 K C 119.2 -103.8  130.6  116.8 -139.9  6.5 19.9 0.741 0.036 0.222
172 G C  25.8  147.7 -176.8  127.7   69.6 11.1 17.6 0.675 0.024 0.301
173 Q E  86.3 -111.8  140.0  122.1 -121.2  9.3 21.9 0.452 0.021 0.526
174 I E  40.2 -105.4  131.0  119.0 -145.8 17.0 17.2 0.306 0.015 0.679
175 Y E  71.6 -112.3  134.3  120.5 -165.2 13.2 19.8 0.174 0.010 0.816
176 R E  85.5 -107.8  128.9  118.3 -152.7 12.7 19.8 0.156 0.010 0.834
177 M E  58.0 -106.7  130.7  118.3 -164.4 14.1 18.9 0.273 0.017 0.709
178 M C  47.3 -106.4  135.6  120.3 -153.3 15.0 19.1 0.596 0.034 0.370
179 P C  47.4  -74.2  139.2  112.8 -114.6 13.3 19.1 0.767 0.088 0.145
180 L C  62.9  -90.3  117.9  110.7 -146.2 13.1 17.2 0.692 0.160 0.149
181 L C  54.8 -111.6  134.8  121.4 -154.7 13.9 18.2 0.592 0.180 0.228
182 D C  67.0  -96.0  108.5  110.3 -144.9  9.0 19.3 0.675 0.119 0.206
183 V C  50.2  -81.2  -15.7   99.5 -171.8 16.3 13.2 0.707 0.060 0.233
184 N C 101.2  -90.1   52.7  107.0   83.1  4.7 15.7 0.666 0.025 0.309
185 D C  51.1  -88.0  141.5  117.5  159.3 11.1 12.1 0.956 0.000 0.044
186 P C 102.2  -63.5  -23.4   91.5 -128.4  4.0 12.1 0.988 0.006 0.005
187 D C 107.7  -89.5    1.1   93.9   51.7  1.9 13.1 0.990 0.007 0.003
188 G C  44.8   87.4    5.4   96.6 -103.4  6.1 12.3 0.980 0.005 0.015
189 Q C  91.0  -86.1  143.6  119.9  132.6  5.2 17.7 0.952 0.001 0.047
190 P E  51.6  -69.4  138.6  112.7 -107.4 15.0 15.7 0.221 0.001 0.778
191 V E  42.0  -95.9  -23.9  102.6  179.9 14.9 19.9 0.185 0.001 0.813
192 A E   5.8 -161.9  159.1  145.0   -6.5 21.8 22.5 0.042 0.000 0.958
193 Y E  47.2 -125.2  138.8  127.1 -152.3 15.3 27.3 0.009 0.000 0.991
194 L E   8.3  -83.1  124.5  112.0 -129.6 24.8 18.5 0.008 0.000 0.992
195 T E  50.5  -99.5  -28.7  100.4  176.0  8.3 23.7 0.007 0.000 0.993
196 S E  22.1 -158.9  154.8  146.8   -2.9  9.2 27.7 0.006 0.000 0.994
197 L E   5.9 -136.3  141.3  133.6 -163.5 25.4 18.2 0.005 0.000 0.995
198 R E  76.2 -115.8  131.8  121.9 -164.6 10.0 26.4 0.005 0.000 0.995
199 F E  16.1 -129.5  143.1  131.0 -174.3 22.4 19.4 0.007 0.000 0.993
200 N E  49.1 -112.3  129.1  119.9 -160.1 10.6 25.8 0.054 0.001 0.945
201 M E  24.0 -118.7  126.4  121.3 -171.4 20.9 17.8 0.380 0.007 0.613
202 G C  26.1  107.6 -169.1  117.8  -12.4 11.5 19.2 0.723 0.027 0.250
203 G C  37.8   78.3   24.2  106.1  -19.6  9.7 19.3 0.807 0.038 0.154
204 Y C  71.0 -102.6  133.5  117.5  160.9 13.3 16.6 0.592 0.054 0.354
205 L C  34.7 -109.6  139.9  122.6 -159.6 16.9 16.9 0.788 0.010 0.202
206 K C 106.2  -91.4  144.0  118.5 -135.5  6.4 17.6 0.939 0.006 0.055
207 P C  88.8  -69.1  124.7  104.6 -103.7  7.5 13.2 0.779 0.212 0.009
208 D C 109.6  -83.8   15.3  104.0   58.5  3.3 12.3 0.765 0.222 0.013
209 Q C 117.3  -88.7   94.2  108.8  116.7  6.7 10.2 0.759 0.214 0.027
210 M C 122.6  -93.7  110.7  111.0  173.7  7.7  9.9 0.997 0.001 0.002
