1   G C  68.9 -157.8  174.4  114.5   12.8  0.8  6.1 0.987 0.011 0.002
2   D C 123.3  -85.6  121.6  109.5  -94.2  3.0  8.0 0.935 0.060 0.005
3   Q C 131.8  -89.9  118.3  110.5 -150.8  4.2  9.1 0.931 0.060 0.009
4   N C 103.6  -93.0  123.0  113.7 -131.9  5.1 12.9 0.945 0.039 0.016
5   P C  83.6  -69.2   62.8  103.4 -123.4  8.0 13.2 0.932 0.057 0.011
6   Q C 105.3  -97.3  136.2  118.0 -159.9  7.2 16.7 0.890 0.048 0.062
7   I C  42.7  -87.5  137.2  117.1 -124.8 17.0 17.2 0.576 0.019 0.405
8   A E  19.5 -118.1  142.1  123.2 -165.4 18.1 23.5 0.383 0.009 0.607
9   A E   6.5 -131.4  146.6  131.6 -152.2 23.8 23.6 0.202 0.002 0.796
10  H E  26.6 -119.7  133.3  124.0 -158.2 17.5 27.8 0.068 0.001 0.932
11  V E   5.3 -112.8  132.0  122.7 -160.1 25.3 22.3 0.023 0.000 0.977
12  I E  35.2 -115.0  133.4  122.7 -163.5 13.0 27.5 0.028 0.000 0.972
13  S E  15.6 -100.8  142.1  120.6 -151.9 21.2 17.5 0.253 0.001 0.747
14  E C  86.4  -98.4  131.6  116.5 -142.2  9.5 21.7 0.689 0.003 0.307
15  A C  56.0  -72.9   83.9  105.4 -121.3 12.7 15.2 0.939 0.005 0.056
16  S C  73.5  -87.4   14.0  105.1   90.6  5.5 14.8 0.958 0.012 0.031
17  S C  71.6  -91.1   74.6  108.1   76.1  5.9 13.2 0.948 0.025 0.028
18  K C 125.4  -87.2   43.1  105.9  166.9  6.6 12.4 0.964 0.017 0.019
19  T C  88.0  -93.2   70.1  108.8  112.9  5.1 14.2 0.949 0.011 0.040
20  T C  75.1  -98.8  123.9  113.7  151.2  8.2 14.3 0.918 0.010 0.072
21  S C  56.2  -87.7   81.2  108.0 -153.9 10.3 16.5 0.906 0.010 0.084
22  V E  59.5 -107.4  136.5  121.5  154.8 11.3 19.1 0.492 0.011 0.497
23  L E  21.5  -87.7  134.1  116.3 -133.2 22.2 15.4 0.375 0.006 0.619
24  Q E  79.0 -127.6  145.3  129.6 -170.4  6.8 26.1 0.156 0.003 0.841
25  W E  43.1  -90.2  136.9  118.5 -132.1 21.1 14.0 0.207 0.007 0.785
26  A E  44.0 -122.7  143.7  126.8 -170.9  8.2 19.9 0.269 0.023 0.709
27  E C 114.4  -80.4  129.6  111.7 -115.2  8.7 14.9 0.481 0.039 0.480
28  K C 123.0 -112.4  115.6  114.7  177.3  5.1 14.1 0.712 0.067 0.221
29  G C  45.7   85.9 -149.2  114.8  -43.6  3.9 15.3 0.812 0.113 0.075
30  Y C 141.0  -78.7   -4.1  100.8  -32.9  7.6 15.7 0.742 0.231 0.027
31  Y C  94.3  -94.2   48.3  107.5   61.5 10.7 16.1 0.518 0.358 0.124
32  T H  33.4  -87.1  137.8  112.2  167.3 13.5 18.7 0.399 0.428 0.173
33  M H  28.5  -78.2  -20.2  100.1 -131.5 21.7 20.3 0.333 0.416 0.251
34  S C  24.5  -94.8   37.4  108.2   67.8 18.6 18.0 0.366 0.274 0.360
35  N C  72.1 -101.1   52.9  109.2  115.3  8.8 20.0 0.596 0.184 0.221
36  N C  88.4   50.9   26.1   98.5  -39.4  8.8 20.2 0.911 0.058 0.031
37  L C  36.7  -85.5  -16.7   98.7  115.4 15.8 18.2 0.861 0.027 0.112
38  V E   7.1 -118.1  137.7  127.1   65.7 25.1 14.0 0.263 0.002 0.735
39  T E  52.5 -128.3  146.9  130.5 -173.2  7.0 25.9 0.023 0.000 0.977
40  L E  43.9 -103.2  130.8  119.4 -142.1 18.8 14.3 0.015 0.000 0.984
41  E E  82.6 -131.8  132.7  125.9  179.5  6.1 15.6 0.070 0.001 0.929
42  N C 135.7   56.7   40.0   94.5   -7.0  1.1 15.1 0.947 0.021 0.032
43  G C  55.0   77.1  -10.0   98.1  -55.0  3.1 14.6 0.978 0.019 0.003
44  K C 104.9 -100.4    7.4  104.7   35.3  8.3 17.2 0.561 0.014 0.425
45  Q E  56.3 -132.3  149.7  133.4   64.2 10.0 22.2 0.069 0.001 0.930
46  L E   6.5  -96.7  128.7  117.2 -132.3 25.3 16.8 0.015 0.000 0.985
47  T E  35.5 -110.9  126.2  118.8 -158.6 10.3 28.2 0.012 0.000 0.988
48  V E   8.2  -91.7  125.2  114.5 -146.9 24.8 16.2 0.074 0.000 0.926
49  K C  99.6  -84.5  -22.8   97.5 -162.0  8.1 21.5 0.853 0.004 0.143
50  R C  95.6 -142.6  154.1  139.0   20.1  6.4 22.3 0.840 0.004 0.156
51  Q C  99.1  -70.4  141.0  113.0  -94.2  8.6 21.7 0.913 0.000 0.086
52  G E  14.6  145.6 -173.4  140.7   69.0 10.0 21.6 0.320 0.002 0.678
53  L E  41.4 -103.5  137.5  122.3  -49.7 15.9 24.6 0.173 0.002 0.825
54  Y E  10.5 -122.5  140.5  128.7 -168.6 23.9 22.1 0.048 0.000 0.952
55  Y E  17.9 -112.0  132.7  122.0 -154.6 20.3 28.2 0.016 0.000 0.984
56  I E   2.8 -115.3  128.8  122.2 -163.7 26.6 24.8 0.011 0.000 0.989
57  Y E  18.2 -117.0  136.5  124.7 -165.7 20.3 28.4 0.019 0.000 0.981
58  A E   1.9 -140.5  153.4  137.2  179.7 25.9 25.9 0.026 0.000 0.974
59  Q E  23.7 -103.5  129.5  118.4 -137.0 18.1 28.2 0.032 0.000 0.967
60  V E   2.9 -115.1  130.9  122.9 -160.3 26.5 22.9 0.006 0.000 0.994
61  T E  16.9 -122.3  140.2  127.5 -167.9 16.8 28.2 0.005 0.000 0.995
62  F E   7.3 -124.2  140.8  129.0 -166.8 25.0 22.1 0.012 0.000 0.988
63  C E  23.5 -120.6  139.8  125.8 -163.9 15.3 25.9 0.061 0.000 0.938
64  S E  22.4 -114.1  145.7  122.5 -161.3 16.7 19.0 0.474 0.011 0.515
65  N C  79.0  -89.8   37.1  106.4 -140.2 10.5 18.5 0.809 0.034 0.157
66  R C 126.3  -93.2  103.0  110.3  163.0  7.8 16.0 0.850 0.087 0.063
67  E C 107.4  -88.3  103.0  109.2 -152.7  8.1 14.5 0.873 0.093 0.034
68  A C  66.0  -79.6    2.9  103.9 -151.7  8.3 12.9 0.876 0.105 0.019
69  S C  71.9  -90.7   66.9  107.6   94.2  5.4 13.8 0.906 0.081 0.013
70  S C  84.0  -75.6   -7.0   99.7 -119.8  4.2 12.9 0.927 0.052 0.020
71  Q C 118.1  -87.6   15.7  104.3   69.3  4.5 14.8 0.941 0.024 0.035
72  A C  39.5  -94.3  136.1  118.4  120.1 12.4 14.6 0.937 0.005 0.058
73  P C  44.0  -73.7  142.9  112.5 -112.7 13.6 18.7 0.923 0.007 0.070
74  F E  28.7 -108.7  136.1  122.0 -147.1 21.2 17.9 0.342 0.002 0.655
75  I E  47.5 -113.6  131.2  121.2 -158.8 11.8 25.7 0.044 0.000 0.955
76  A E   8.3 -120.9  138.9  127.4 -169.5 22.7 19.9 0.013 0.000 0.987
77  S E  22.9 -123.0  140.2  127.5 -166.4 13.0 27.3 0.004 0.000 0.996
78  L E  11.0 -118.1  133.4  124.7 -161.9 23.3 21.1 0.004 0.000 0.996
79  C E  24.5 -122.1  138.7  126.6 -168.5 13.3 25.3 0.006 0.000 0.994
80  L E  31.8 -112.9  133.8  122.4 -160.1 17.1 20.3 0.030 0.000 0.970
81  K E  70.4 -109.4  132.4  120.3 -157.3 11.5 19.6 0.200 0.001 0.800
82  S C  35.7 -104.1  146.8  122.4 -151.6 11.3 16.2 0.899 0.001 0.101
83  P C  88.2  -68.3  -19.8   98.3 -112.7  6.9 14.4 0.982 0.008 0.009
84  G C  52.8  -88.5    4.7  105.5   34.6  3.0 12.9 0.971 0.024 0.005
85  R C 148.6  -87.6   28.1  105.4   26.0  4.9 12.1 0.930 0.055 0.015
86  F C 130.7  -90.6   59.2  107.4  122.9  6.3 12.1 0.921 0.066 0.014
87  E C 109.3  -91.0  125.5  113.0  159.5  7.3 13.9 0.889 0.083 0.029
88  R C 117.9 -102.0  133.5  119.1 -144.5  8.7 17.5 0.651 0.110 0.238
89  I E  44.6  -83.9  124.3  112.1 -128.7 15.9 17.7 0.385 0.022 0.593
90  L E  27.9  -87.1  -24.6   99.7 -164.6 19.6 20.5 0.350 0.017 0.633
91  L E   7.2 -142.6  146.5  137.1   13.9 24.0 20.3 0.156 0.003 0.841
92  R E  78.9 -129.9  141.4  129.4 -168.4 12.3 25.3 0.085 0.002 0.913
93  A E  14.3 -136.2  152.0  134.1  178.7 19.9 19.6 0.079 0.002 0.918
94  A E  30.3 -122.9  142.1  125.5 -158.6 14.8 22.9 0.096 0.003 0.902
95  N E  58.3 -127.0  140.9  127.0 -163.6 11.8 24.2 0.169 0.003 0.828
96  T E  25.0 -120.8  144.3  126.9 -164.5 18.7 17.7 0.481 0.010 0.508
97  H C  93.3  -88.3   11.9  104.6 -143.5 10.1 19.9 0.835 0.006 0.160
98  S C  39.9 -104.8  144.2  118.0  109.1 13.0 13.4 0.931 0.004 0.065
99  S C  82.6  -80.7   -4.7  100.2 -135.5  4.2 16.6 0.955 0.026 0.019
100 A C  69.2  -91.3   43.3  107.7   76.4  5.8 14.0 0.957 0.019 0.024
101 K C 113.6  -97.9  143.3  118.4 -115.3  6.4 15.2 0.956 0.012 0.031
102 P C  81.5  -71.7  127.5  106.5  -84.6  6.5 16.9 0.932 0.049 0.019
103 C C  52.5  -80.8   73.9  106.1 -120.2 14.1 14.6 0.831 0.108 0.061
104 G C  31.2  105.9 -179.5  113.7  -37.0 10.6 19.0 0.767 0.118 0.115
105 Q C  43.3 -107.0  138.3  122.2  174.4 16.1 17.8 0.503 0.061 0.436
106 Q E  64.8 -122.4  136.1  125.0 -167.9 10.8 23.6 0.400 0.031 0.569
107 S E  20.7  -83.4  137.0  115.8 -128.2 19.4 20.8 0.446 0.039 0.515
108 I E  25.0 -101.8  108.9  113.0 -155.5 20.6 20.2 0.392 0.044 0.563
109 H E  33.8 -126.5  141.5  126.6 -156.5 19.1 23.6 0.218 0.021 0.762
110 L E  34.0 -119.8  137.7  125.3 -165.3 17.8 25.2 0.106 0.004 0.890
111 G E   3.8 -151.8  162.4  141.6  171.3 22.7 25.4 0.059 0.001 0.940
112 G E   3.9 -155.4  164.9  142.0  178.0 22.6 26.8 0.029 0.000 0.971
113 V E  19.0 -125.0  138.2  127.8 -134.4 18.7 27.4 0.011 0.000 0.989
114 F E  11.7 -135.0  146.5  134.1 -175.4 22.8 20.8 0.008 0.000 0.992
115 E E  76.4  -91.5  124.9  113.5 -133.1  9.6 27.7 0.027 0.000 0.973
116 L E   6.8 -100.2  136.1  120.9 -153.9 25.8 13.3 0.210 0.002 0.789
117 Q C  89.6 -115.2  150.7  127.9 -160.5  4.3 26.8 0.890 0.000 0.110
118 P C  78.5  -60.3  137.8  110.4  -87.7 10.3 18.5 0.981 0.001 0.018
119 G C  46.0   88.2   -5.2   92.8   26.1  2.9 20.8 0.997 0.001 0.003
120 A C  24.1  -80.9  148.0  120.6  128.4 15.7 17.0 0.972 0.000 0.028
121 S E  35.0 -120.5  139.0  126.1 -153.8 10.9 25.8 0.046 0.000 0.954
122 V E   5.7 -118.1  133.9  124.9 -163.0 25.3 18.0 0.010 0.000 0.990
123 F E  50.8 -124.5  139.9  127.7 -167.6 11.5 27.9 0.008 0.000 0.992
124 V E   6.1 -128.1  139.8  129.9 -172.3 25.0 18.0 0.012 0.000 0.988
125 N E  59.2 -103.6  119.7  114.3 -151.1  8.8 28.0 0.043 0.000 0.957
126 V E   6.1 -128.1  147.2  132.7 -177.6 25.0 15.8 0.489 0.001 0.510
127 T C  70.1  -82.5  -20.7   96.0 -152.1  8.0 22.8 0.989 0.000 0.011
128 D C  62.5 -121.4   91.3  112.4   33.9  8.4 18.7 0.997 0.000 0.003
129 P H  56.7  -65.0  -27.7   92.5 -164.4 15.4 13.7 0.191 0.809 0.000
130 S H  87.9  -70.9  -19.6   90.4   61.0  1.6 19.8 0.224 0.775 0.000
131 Q H  55.3  -89.1  -10.8   97.8   54.8 12.9 16.9 0.187 0.812 0.001
132 V E   8.4  -96.8  132.6  120.1   91.8 25.3 13.0 0.287 0.004 0.709
133 S E  43.6 -111.1  125.4  118.3 -162.3  9.5 22.7 0.346 0.006 0.648
134 H C  68.6  -93.0   -2.0  100.8 -172.9 14.6 15.1 0.767 0.014 0.219
135 G C  36.5  -87.2  168.9  114.7  106.8  6.5 15.7 0.904 0.006 0.090
136 T C  93.2  -72.2  110.9  106.5  -52.8  4.9 16.2 0.931 0.035 0.034
137 G C  48.0   83.0   -0.4   99.3   12.6  4.4 17.6 0.951 0.022 0.027
138 F C  68.5 -109.1  147.2  125.0  113.7 12.4 17.8 0.789 0.015 0.196
139 T E  29.3 -117.3  139.4  125.0 -151.3 15.0 21.3 0.426 0.005 0.569
140 S E   7.7 -133.6  147.1  134.1 -173.7 22.0 23.3 0.083 0.001 0.916
141 F E  22.1 -123.6  140.7  127.7 -158.6 19.7 27.4 0.040 0.000 0.960
142 G E   3.9 -166.5  172.9  142.3  156.7 22.8 25.2 0.041 0.000 0.959
143 L E  15.4 -125.7  141.6  128.9 -119.0 21.1 26.1 0.026 0.000 0.974
144 L E  16.7 -124.3  137.8  127.8 -168.6 20.5 24.1 0.033 0.000 0.967
145 K E  70.5  -86.0  128.3  113.4 -132.8 14.3 20.5 0.283 0.003 0.715
146 L C  60.2  -92.4  127.0  113.6 -144.5 16.2 14.8 0.925 0.000 0.074
