62	65	0	8	0.99884
61	64	0	8	0.99882
65	68	0	8	0.99870
64	67	0	8	0.99860
63	66	0	8	0.99855
18	21	0	8	0.99670
61	65	0	8	0.99633
55	58	0	8	0.99618
63	67	0	8	0.99612
54	57	0	8	0.99589
58	61	0	8	0.99583
56	59	0	8	0.99513
15	18	0	8	0.99494
60	63	0	8	0.99476
19	22	0	8	0.99467
64	68	0	8	0.99453
59	62	0	8	0.99418
60	64	0	8	0.99380
62	66	0	8	0.99374
17	20	0	8	0.99336
16	19	0	8	0.99323
33	36	0	8	0.99313
57	60	0	8	0.99270
18	22	0	8	0.99202
66	69	0	8	0.99090
34	37	0	8	0.98999
54	58	0	8	0.98939
15	19	0	8	0.98870
58	62	0	8	0.98864
32	35	0	8	0.98838
37	40	0	8	0.98822
55	59	0	8	0.98743
57	61	0	8	0.98711
14	17	0	8	0.98708
14	18	0	8	0.98687
59	63	0	8	0.98662
53	56	0	8	0.98654
17	21	0	8	0.98593
56	60	0	8	0.98541
65	69	0	8	0.98518
32	36	0	8	0.98318
33	37	0	8	0.98269
40	43	0	8	0.98206
16	20	0	8	0.98053
36	40	0	8	0.98023
20	23	0	8	0.97910
35	38	0	8	0.97805
36	39	0	8	0.97560
53	57	0	8	0.97344
19	23	0	8	0.97042
13	16	0	8	0.97023
13	17	0	8	0.96731
39	42	0	8	0.96693
34	38	0	8	0.96666
35	39	0	8	0.95518
67	70	0	8	0.95489
38	41	0	8	0.94431
22	25	0	8	0.94172
37	41	0	8	0.94125
66	70	0	8	0.94111
12	16	0	8	0.93804
39	43	0	8	0.93722
12	15	0	8	0.93479
31	34	0	8	0.93056
11	15	0	8	0.93006
30	33	0	8	0.92731
31	35	0	8	0.92654
11	14	0	8	0.91836
38	42	0	8	0.91240
47	50	0	8	0.90703
41	44	0	8	0.90550
21	24	0	8	0.88997
10	14	0	8	0.88374
10	13	0	8	0.88000
43	46	0	8	0.87306
30	34	0	8	0.86596
40	44	0	8	0.86256
46	49	0	8	0.85876
29	33	0	8	0.85161
52	57	0	8	0.85045
47	51	0	8	0.84196
20	24	0	8	0.84115
9	13	0	8	0.84051
21	25	0	8	0.83456
7	10	0	8	0.82361
48	51	0	8	0.82190
46	50	0	8	0.81915
29	32	0	8	0.81641
45	48	0	8	0.80971
68	71	0	8	0.80679
22	27	0	8	0.80548
67	71	0	8	0.80512
6	9	0	8	0.80075
47	52	0	8	0.79368
9	12	0	8	0.79303
6	10	0	8	0.79009
42	45	0	8	0.78985
8	11	0	8	0.78471
5	8	0	8	0.77892
44	47	0	8	0.77600
8	12	0	8	0.76756
2	5	0	8	0.76262
7	11	0	8	0.76204
22	28	0	8	0.75414
5	9	0	8	0.74254
45	49	0	8	0.74249
42	46	0	8	0.73891
69	72	0	8	0.73106
43	47	0	8	0.71812
4	8	0	8	0.71001
19	33	0	8	0.70854
4	7	0	8	0.70355
3	6	0	8	0.69848
41	45	0	8	0.69496
52	56	0	8	0.67646
28	32	0	8	0.67256
23	28	0	8	0.66297
28	33	0	8	0.64295
44	48	0	8	0.63677
68	72	0	8	0.63348
3	7	0	8	0.62346
23	26	0	8	0.60985
47	54	0	8	0.60732
15	61	0	8	0.60308
23	27	0	8	0.60204
43	54	0	8	0.60175
18	36	0	8	0.60051
19	36	0	8	0.59935
22	33	0	8	0.59812
15	36	0	8	0.59387
2	6	0	8	0.58839
47	53	0	8	0.57706
11	61	0	8	0.57244
1	5	0	8	0.56248
22	32	0	8	0.55304
27	32	0	8	0.55040
14	61	0	8	0.52167
22	36	0	8	0.50824
44	54	0	8	0.50489
23	33	0	8	0.50480
11	58	0	8	0.48978
15	40	0	8	0.47987
11	57	0	8	0.47640
18	64	0	8	0.46683
70	73	0	8	0.46166
69	73	0	8	0.42847
18	61	0	8	0.41754
15	57	0	8	0.40673
11	65	0	8	0.40582
27	33	0	8	0.39929
25	28	0	8	0.39208
15	58	0	8	0.38726
14	65	0	8	0.37697
18	65	0	8	0.36732
15	43	0	8	0.35909
18	68	0	8	0.35673
19	37	0	8	0.35323
48	52	0	8	0.33881
15	65	0	8	0.33858
40	54	0	8	0.33798
22	64	0	8	0.33776
14	64	0	8	0.33007
15	64	0	8	0.31797
1	6	0	8	0.30758
12	43	0	8	0.30743
52	60	0	8	0.30578
14	57	0	8	0.30496
16	40	0	8	0.30295
22	68	0	8	0.30282
10	57	0	8	0.28806
46	54	0	8	0.28803
12	61	0	8	0.28665
26	29	0	8	0.28550
46	52	0	8	0.28477
12	40	0	8	0.28422
11	62	0	8	0.28371
15	54	0	8	0.27883
14	58	0	8	0.27879
43	57	0	8	0.26604
47	57	0	8	0.26401
15	39	0	8	0.26316
10	61	0	8	0.25799
19	40	0	8	0.24678
11	43	0	8	0.24646
11	60	0	8	0.24600
11	64	0	8	0.24440
14	60	0	8	0.23829
12	58	0	8	0.23799
22	29	0	8	0.23172
1	4	0	8	0.23126
27	30	0	8	0.23112
15	60	0	8	0.22620
19	28	0	8	0.22186
23	29	0	8	0.21873
23	30	0	8	0.21708
22	26	0	8	0.20532
12	57	0	8	0.20476
9	57	0	8	0.19699
18	57	0	8	0.19272
46	51	0	8	0.19208
36	64	0	8	0.19005
10	58	0	8	0.18841
11	54	0	8	0.18836
21	68	0	8	0.18516
50	57	0	8	0.18193
18	60	0	8	0.17746
7	57	0	8	0.17574
27	64	0	8	0.17270
13	57	0	8	0.17267
16	36	0	8	0.17034
26	30	0	8	0.16857
6	57	0	8	0.16647
27	36	0	8	0.16621
19	32	0	8	0.16499
24	28	0	8	0.16433
48	53	0	8	0.16260
18	32	0	8	0.15939
50	54	0	8	0.15896
13	61	0	8	0.15672
6	52	0	8	0.15610
46	57	0	8	0.15505
23	32	0	8	0.15382
28	31	0	8	0.15254
18	33	0	8	0.14971
9	43	0	8	0.14922
19	64	0	8	0.14756
15	37	0	8	0.14754
36	68	0	8	0.14701
8	58	0	8	0.14586
22	61	0	8	0.14576
6	54	0	8	0.14511
22	65	0	8	0.14389
14	62	0	8	0.14352
36	65	0	8	0.14214
7	65	0	8	0.14208
14	54	0	8	0.14016
27	68	0	8	0.14001
40	58	0	8	0.13931
11	40	0	8	0.13779
13	58	0	8	0.13737
10	65	0	8	0.13681
8	57	0	8	0.13373
51	54	0	8	0.13363
48	54	0	8	0.13343
21	27	0	8	0.13317
43	58	0	8	0.13167
7	58	0	8	0.13141
12	39	0	8	0.13098
36	61	0	8	0.13046
46	53	0	8	0.12656
6	11	0	8	0.12621
16	58	0	8	0.12560
9	61	0	8	0.12546
21	64	0	8	0.12420
6	50	0	8	0.12243
32	68	0	8	0.12154
22	30	0	8	0.12108
25	68	0	8	0.12022
14	68	0	8	0.11901
36	54	0	8	0.11871
17	61	0	8	0.11857
16	61	0	8	0.11567
10	60	0	8	0.11553
43	61	0	8	0.11332
19	61	0	8	0.11187
15	68	0	8	0.11123
24	27	0	8	0.11056
10	54	0	8	0.10975
44	53	0	8	0.10960
47	56	0	8	0.10958
9	54	0	8	0.10835
18	40	0	8	0.10820
22	60	0	8	0.10749
25	67	0	8	0.10539
43	60	0	8	0.10455
16	43	0	8	0.10438
32	64	0	8	0.10429
12	54	0	8	0.10330
18	58	0	8	0.10301
40	61	0	8	0.10175
36	58	0	8	0.09990
43	50	0	8	0.09943
9	47	0	8	0.09874
7	54	0	8	0.09817
22	67	0	8	0.09775
7	61	0	8	0.09750
7	60	0	8	0.09742
43	52	0	8	0.09659
8	61	0	8	0.09650
27	31	0	8	0.09477
16	57	0	8	0.09384
45	54	0	8	0.09365
26	32	0	8	0.09365
11	39	0	8	0.09316
25	29	0	8	0.09299
44	55	0	8	0.09257
21	67	0	8	0.09225
15	33	0	8	0.09217
49	52	0	8	0.09216
9	50	0	8	0.09171
9	58	0	8	0.09154
50	53	0	8	0.09144
67	72	0	8	0.09057
13	43	0	8	0.09039
18	69	0	8	0.08994
18	54	0	8	0.08891
9	46	0	8	0.08879
19	29	0	8	0.08808
23	36	0	8	0.08796
51	55	0	8	0.08595
47	55	0	8	0.08594
40	57	0	8	0.08553
10	64	0	8	0.08535
7	62	0	8	0.08342
25	64	0	8	0.08332
39	64	0	8	0.08307
15	62	0	8	0.08078
25	71	0	8	0.08060
1	9	0	8	0.07873
33	54	0	8	0.07825
6	47	0	8	0.07648
14	36	0	8	0.07616
51	56	0	8	0.07547
18	39	0	8	0.07524
14	43	0	8	0.07514
17	64	0	8	0.07498
16	37	0	8	0.07480
9	52	0	8	0.07429
16	54	0	8	0.07359
37	54	0	8	0.07314
19	30	0	8	0.07306
5	50	0	8	0.07279
28	64	0	8	0.07272
27	67	0	8	0.07268
12	44	0	8	0.07254
13	54	0	8	0.07129
10	62	0	8	0.07122
36	57	0	8	0.07106
3	8	0	8	0.07102
6	60	0	8	0.07097
6	65	0	8	0.07025
41	54	0	8	0.07012
13	40	0	8	0.07011
27	60	0	8	0.06988
43	64	0	8	0.06935
44	58	0	8	0.06805
3	50	0	8	0.06795
7	52	0	8	0.06732
9	60	0	8	0.06720
8	43	0	8	0.06688
11	52	0	8	0.06686
9	14	0	8	0.06681
8	54	0	8	0.06612
6	53	0	8	0.06589
17	57	0	8	0.06525
13	60	0	8	0.06521
33	65	0	8	0.06509
17	68	0	8	0.06501
68	73	0	8	0.06455
32	65	0	8	0.06384
19	68	0	8	0.06365
33	58	0	8	0.06364
12	65	0	8	0.06358
14	40	0	8	0.06327
39	61	0	8	0.06284
22	57	0	8	0.06216
19	65	0	8	0.06161
6	58	0	8	0.06117
18	67	0	8	0.06077
28	36	0	8	0.06039
11	36	0	8	0.05955
18	43	0	8	0.05931
5	52	0	8	0.05894
10	43	0	8	0.05893
32	61	0	8	0.05887
21	60	0	8	0.05815
30	35	0	8	0.05796
18	28	0	8	0.05764
44	57	0	8	0.05749
11	68	0	8	0.05742
8	62	0	8	0.05661
3	52	0	8	0.05617
5	57	0	8	0.05617
44	52	0	8	0.05572
40	50	0	8	0.05564
27	61	0	8	0.05558
8	65	0	8	0.05557
12	36	0	8	0.05547
21	61	0	8	0.05527
39	60	0	8	0.05485
12	60	0	8	0.05446
67	73	0	8	0.05443
6	43	0	8	0.05438
17	65	0	8	0.05383
25	32	0	8	0.05271
2	7	0	8	0.05253
45	50	0	8	0.05165
52	55	0	8	0.05144
40	64	0	8	0.05138
35	68	0	8	0.05104
28	68	0	8	0.05099
43	53	0	8	0.05090
6	46	0	8	0.05089
8	60	0	8	0.05081
8	52	0	8	0.05074
11	50	0	8	0.05072
8	46	0	8	0.05067
5	46	0	8	0.05040
51	57	0	8	0.04977
7	69	0	8	0.04958
5	47	0	8	0.04947
39	54	0	8	0.04895
10	52	0	8	0.04869
12	46	0	8	0.04819
15	32	0	8	0.04787
33	68	0	8	0.04781
21	72	0	8	0.04780
50	60	0	8	0.04776
1	8	0	8	0.04774
21	71	0	8	0.04761
6	61	0	8	0.04754
22	69	0	8	0.04729
4	9	0	8	0.04728
6	69	0	8	0.04702
36	60	0	8	0.04675
19	54	0	8	0.04664
7	64	0	8	0.04639
25	72	0	8	0.04629
25	60	0	8	0.04614
11	44	0	8	0.04600
44	50	0	8	0.04599
17	58	0	8	0.04540
22	58	0	8	0.04471
18	62	0	8	0.04461
19	27	0	8	0.04457
7	43	0	8	0.04451
19	58	0	8	0.04397
6	56	0	8	0.04384
66	71	0	8	0.04365
39	57	0	8	0.04345
5	54	0	8	0.04327
21	65	0	8	0.04322
42	54	0	8	0.04308
13	65	0	8	0.04305
40	55	0	8	0.04304
7	53	0	8	0.04280
39	50	0	8	0.04269
29	34	0	8	0.04231
41	46	0	8	0.04223
11	47	0	8	0.04213
2	8	0	8	0.04208
7	50	0	8	0.04200
12	62	0	8	0.04193
42	47	0	8	0.04183
17	60	0	8	0.04161
7	12	0	8	0.04143
8	50	0	8	0.04127
6	51	0	8	0.04127
44	49	0	8	0.04114
40	47	0	8	0.04107
20	33	0	8	0.04062
21	69	0	8	0.04052
27	59	0	8	0.04048
33	64	0	8	0.04045
43	55	0	8	0.04045
43	49	0	8	0.04028
9	65	0	8	0.04006
16	33	0	8	0.03999
13	64	0	8	0.03999
12	47	0	8	0.03994
7	47	0	8	0.03991
27	65	0	8	0.03975
22	54	0	8	0.03972
11	46	0	8	0.03972
27	63	0	8	0.03909
28	60	0	8	0.03907
18	37	0	8	0.03902
1	52	0	8	0.03887
33	61	0	8	0.03872
1	50	0	8	0.03866
10	50	0	8	0.03843
23	64	0	8	0.03834
28	61	0	8	0.03801
18	52	0	8	0.03798
40	46	0	8	0.03782
2	50	0	8	0.03780
19	34	0	8	0.03757
14	52	0	8	0.03740
8	13	0	8	0.03710
8	47	0	8	0.03707
27	56	0	8	0.03698
27	71	0	8	0.03685
7	56	0	8	0.03682
40	60	0	8	0.03678
4	50	0	8	0.03674
32	58	0	8	0.03660
4	52	0	8	0.03658
33	69	0	8	0.03653
42	57	0	8	0.03649
27	72	0	8	0.03637
12	64	0	8	0.03634
19	57	0	8	0.03624
37	58	0	8	0.03607
14	69	0	8	0.03574
5	10	0	8	0.03566
49	53	0	8	0.03563
1	7	0	8	0.03548
46	60	0	8	0.03545
7	55	0	8	0.03534
22	31	0	8	0.03510
41	47	0	8	0.03459
23	37	0	8	0.03447
22	35	0	8	0.03445
35	64	0	8	0.03435
10	55	0	8	0.03434
6	55	0	8	0.03403
40	52	0	8	0.03394
50	56	0	8	0.03388
14	39	0	8	0.03345
9	64	0	8	0.03337
40	65	0	8	0.03313
15	52	0	8	0.03299
6	62	0	8	0.03299
3	47	0	8	0.03296
33	62	0	8	0.03271
27	57	0	8	0.03268
36	62	0	8	0.03261
36	43	0	8	0.03250
12	50	0	8	0.03214
23	61	0	8	0.03212
16	39	0	8	0.03197
7	51	0	8	0.03193
36	69	0	8	0.03184
39	58	0	8	0.03183
25	30	0	8	0.03155
36	50	0	8	0.03153
6	49	0	8	0.03137
3	57	0	8	0.03110
45	53	0	8	0.03086
26	33	0	8	0.03073
3	9	0	8	0.03072
39	68	0	8	0.03063
32	57	0	8	0.03043
27	69	0	8	0.03040
19	39	0	8	0.03034
16	64	0	8	0.03023
26	31	0	8	0.02995
43	48	0	8	0.02990
36	52	0	8	0.02988
7	66	0	8	0.02973
25	63	0	8	0.02958
12	52	0	8	0.02952
24	29	0	8	0.02942
42	50	0	8	0.02941
26	67	0	8	0.02934
32	60	0	8	0.02932
10	40	0	8	0.02928
13	50	0	8	0.02905
32	69	0	8	0.02905
14	50	0	8	0.02904
23	31	0	8	0.02900
18	27	0	8	0.02894
21	28	0	8	0.02892
36	67	0	8	0.02877
15	44	0	8	0.02875
28	58	0	8	0.02873
3	53	0	8	0.02870
6	64	0	8	0.02865
9	40	0	8	0.02859
27	58	0	8	0.02845
7	46	0	8	0.02844
1	47	0	8	0.02831
1	46	0	8	0.02830
4	46	0	8	0.02818
47	58	0	8	0.02807
8	55	0	8	0.02798
2	52	0	8	0.02792
20	28	0	8	0.02788
28	57	0	8	0.02786
12	37	0	8	0.02782
66	72	0	8	0.02773
3	51	0	8	0.02759
5	58	0	8	0.02745
28	56	0	8	0.02743
12	17	0	8	0.02734
25	69	0	8	0.02722
8	39	0	8	0.02715
8	51	0	8	0.02714
18	50	0	8	0.02707
11	56	0	8	0.02704
46	56	0	8	0.02693
19	60	0	8	0.02690
49	57	0	8	0.02683
43	65	0	8	0.02677
7	68	0	8	0.02677
40	53	0	8	0.02675
45	57	0	8	0.02641
5	51	0	8	0.02618
44	51	0	8	0.02612
42	60	0	8	0.02599
13	62	0	8	0.02585
24	30	0	8	0.02581
28	65	0	8	0.02579
1	51	0	8	0.02563
48	57	0	8	0.02556
33	55	0	8	0.02554
27	35	0	8	0.02550
6	68	0	8	0.02549
23	65	0	8	0.02541
1	53	0	8	0.02537
8	53	0	8	0.02537
21	63	0	8	0.02536
21	32	0	8	0.02529
12	42	0	8	0.02526
11	16	0	8	0.02507
15	46	0	8	0.02498
32	54	0	8	0.02468
15	69	0	8	0.02443
15	50	0	8	0.02432
22	63	0	8	0.02423
3	46	0	8	0.02414
5	11	0	8	0.02410
10	68	0	8	0.02402
44	61	0	8	0.02396
6	14	0	8	0.02390
13	47	0	8	0.02386
22	40	0	8	0.02377
4	51	0	8	0.02376
26	71	0	8	0.02375
25	61	0	8	0.02374
5	60	0	8	0.02368
10	47	0	8	0.02344
8	64	0	8	0.02339
19	69	0	8	0.02337
26	72	0	8	0.02334
4	47	0	8	0.02333
16	65	0	8	0.02332
10	46	0	8	0.02314
3	56	0	8	0.02307
22	71	0	8	0.02303
29	68	0	8	0.02297
3	54	0	8	0.02296
13	52	0	8	0.02276
18	63	0	8	0.02243
17	69	0	8	0.02240
27	54	0	8	0.02229
18	35	0	8	0.02226
4	53	0	8	0.02225
10	56	0	8	0.02220
23	68	0	8	0.02219
4	54	0	8	0.02205
43	56	0	8	0.02197
11	55	0	8	0.02191
18	72	0	8	0.02177
26	68	0	8	0.02173
9	17	0	8	0.02171
48	55	0	8	0.02170
9	44	0	8	0.02154
8	40	0	8	0.02153
42	49	0	8	0.02140
5	56	0	8	0.02118
33	57	0	8	0.02112
45	52	0	8	0.02112
25	33	0	8	0.02091
19	43	0	8	0.02087
2	9	0	8	0.02085
7	49	0	8	0.02082
43	51	0	8	0.02078
6	48	0	8	0.02077
5	49	0	8	0.02074
5	43	0	8	0.02070
17	32	0	8	0.02049
3	60	0	8	0.02043
11	69	0	8	0.02041
42	48	0	8	0.02025
19	31	0	8	0.02020
23	58	0	8	0.02018
21	57	0	8	0.01989
8	49	0	8	0.01988
18	29	0	8	0.01988
5	65	0	8	0.01987
1	49	0	8	0.01987
3	69	0	8	0.01985
4	57	0	8	0.01964
3	49	0	8	0.01963
22	62	0	8	0.01961
22	37	0	8	0.01953
13	39	0	8	0.01953
47	60	0	8	0.01949
29	64	0	8	0.01946
20	25	0	8	0.01942
2	47	0	8	0.01936
11	59	0	8	0.01934
66	73	0	8	0.01934
21	26	0	8	0.01932
9	62	0	8	0.01928
9	49	0	8	0.01919
14	32	0	8	0.01918
45	51	0	8	0.01912
39	65	0	8	0.01908
1	54	0	8	0.01891
8	56	0	8	0.01890
26	64	0	8	0.01887
41	48	0	8	0.01886
40	45	0	8	0.01867
1	12	0	8	0.01861
5	53	0	8	0.01861
11	42	0	8	0.01844
8	44	0	8	0.01832
22	72	0	8	0.01823
43	68	0	8	0.01820
4	60	0	8	0.01819
39	46	0	8	0.01813
1	57	0	8	0.01807
46	55	0	8	0.01805
6	12	0	8	0.01795
1	55	0	8	0.01792
40	68	0	8	0.01788
4	49	0	8	0.01769
1	56	0	8	0.01765
1	69	0	8	0.01762
49	54	0	8	0.01757
2	51	0	8	0.01755
11	37	0	8	0.01749
18	23	0	8	0.01743
3	55	0	8	0.01739
9	39	0	8	0.01725
24	67	0	8	0.01724
16	68	0	8	0.01720
16	60	0	8	0.01711
8	14	0	8	0.01697
17	54	0	8	0.01694
1	48	0	8	0.01692
16	44	0	8	0.01687
7	59	0	8	0.01681
7	39	0	8	0.01666
8	48	0	8	0.01662
22	39	0	8	0.01660
7	48	0	8	0.01660
1	62	0	8	0.01659
15	56	0	8	0.01658
18	30	0	8	0.01650
13	44	0	8	0.01650
15	35	0	8	0.01648
7	13	0	8	0.01646
10	44	0	8	0.01643
39	49	0	8	0.01641
19	62	0	8	0.01632
1	10	0	8	0.01631
10	53	0	8	0.01628
13	18	0	8	0.01625
5	55	0	8	0.01619
28	59	0	8	0.01600
39	52	0	8	0.01597
9	51	0	8	0.01595
41	50	0	8	0.01584
22	56	0	8	0.01578
40	48	0	8	0.01572
21	73	0	8	0.01571
21	36	0	8	0.01570
3	48	0	8	0.01569
1	11	0	8	0.01560
25	56	0	8	0.01558
15	47	0	8	0.01555
28	69	0	8	0.01555
3	11	0	8	0.01551
12	68	0	8	0.01546
13	46	0	8	0.01546
28	54	0	8	0.01545
37	61	0	8	0.01544
40	51	0	8	0.01534
27	52	0	8	0.01528
37	50	0	8	0.01528
5	48	0	8	0.01526
10	51	0	8	0.01524
28	67	0	8	0.01524
39	67	0	8	0.01504
3	58	0	8	0.01504
9	68	0	8	0.01502
33	52	0	8	0.01502
7	44	0	8	0.01490
2	46	0	8	0.01487
2	53	0	8	0.01483
9	56	0	8	0.01479
24	68	0	8	0.01475
40	62	0	8	0.01474
17	67	0	8	0.01473
35	61	0	8	0.01472
13	68	0	8	0.01471
14	56	0	8	0.01468
1	43	0	8	0.01459
23	69	0	8	0.01454
3	65	0	8	0.01453
6	13	0	8	0.01449
10	15	0	8	0.01447
1	60	0	8	0.01432
7	40	0	8	0.01432
25	73	0	8	0.01430
32	52	0	8	0.01428
30	64	0	8	0.01416
4	56	0	8	0.01414
28	34	0	8	0.01414
5	61	0	8	0.01410
23	54	0	8	0.01410
29	61	0	8	0.01407
40	49	0	8	0.01403
6	59	0	8	0.01396
32	62	0	8	0.01389
16	46	0	8	0.01386
11	53	0	8	0.01386
41	49	0	8	0.01383
4	58	0	8	0.01380
4	43	0	8	0.01368
10	39	0	8	0.01367
46	61	0	8	0.01363
14	67	0	8	0.01362
3	62	0	8	0.01361
42	61	0	8	0.01356
28	72	0	8	0.01355
23	62	0	8	0.01351
23	60	0	8	0.01349
17	62	0	8	0.01345
2	49	0	8	0.01345
9	55	0	8	0.01345
28	63	0	8	0.01340
26	60	0	8	0.01336
25	59	0	8	0.01332
11	51	0	8	0.01326
30	61	0	8	0.01324
15	42	0	8	0.01321
9	48	0	8	0.01320
29	69	0	8	0.01317
45	55	0	8	0.01310
31	36	0	8	0.01303
6	66	0	8	0.01301
32	67	0	8	0.01296
3	43	0	8	0.01293
12	45	0	8	0.01289
11	17	0	8	0.01287
4	48	0	8	0.01285
46	58	0	8	0.01281
1	58	0	8	0.01277
1	65	0	8	0.01276
19	67	0	8	0.01271
6	44	0	8	0.01265
29	58	0	8	0.01258
26	63	0	8	0.01257
31	68	0	8	0.01257
30	58	0	8	0.01255
25	57	0	8	0.01247
2	56	0	8	0.01245
42	64	0	8	0.01242
37	65	0	8	0.01242
20	30	0	8	0.01236
28	71	0	8	0.01234
22	59	0	8	0.01233
11	66	0	8	0.01233
8	45	0	8	0.01231
32	72	0	8	0.01230
22	52	0	8	0.01224
30	68	0	8	0.01219
11	49	0	8	0.01219
3	12	0	8	0.01212
8	42	0	8	0.01207
29	35	0	8	0.01201
9	53	0	8	0.01197
16	62	0	8	0.01193
21	58	0	8	0.01186
10	49	0	8	0.01179
19	24	0	8	0.01173
48	56	0	8	0.01160
25	31	0	8	0.01157
9	42	0	8	0.01156
7	42	0	8	0.01154
5	62	0	8	0.01153
37	52	0	8	0.01147
27	55	0	8	0.01144
25	65	0	8	0.01142
1	44	0	8	0.01141
33	72	0	8	0.01139
50	64	0	8	0.01139
12	48	0	8	0.01138
22	43	0	8	0.01131
13	36	0	8	0.01130
37	57	0	8	0.01130
37	55	0	8	0.01126
28	62	0	8	0.01126
52	64	0	8	0.01125
43	62	0	8	0.01122
44	56	0	8	0.01120
4	10	0	8	0.01117
22	50	0	8	0.01114
2	57	0	8	0.01110
39	47	0	8	0.01108
11	48	0	8	0.01107
4	55	0	8	0.01106
18	46	0	8	0.01102
3	10	0	8	0.01102
23	57	0	8	0.01101
30	38	0	8	0.01098
12	41	0	8	0.01098
26	73	0	8	0.01093
42	52	0	8	0.01084
27	62	0	8	0.01083
38	43	0	8	0.01083
39	63	0	8	0.01075
14	46	0	8	0.01070
11	45	0	8	0.01066
19	35	0	8	0.01064
8	59	0	8	0.01064
2	10	0	8	0.01061
12	33	0	8	0.01057
6	39	0	8	0.01056
1	59	0	8	0.01055
11	63	0	8	0.01053
7	14	0	8	0.01049
15	41	0	8	0.01049
14	33	0	8	0.01048
18	71	0	8	0.01046
19	72	0	8	0.01042
11	33	0	8	0.01039
28	55	0	8	0.01034
28	52	0	8	0.01029
24	71	0	8	0.01026
21	29	0	8	0.01022
8	68	0	8	0.01020
14	63	0	8	0.01013
2	48	0	8	0.01011
7	45	0	8	0.01011
8	17	0	8	0.01010
23	67	0	8	0.01010
26	56	0	8	0.01008
9	45	0	8	0.01006
4	11	0	8	0.01005
18	47	0	8	0.01003
14	59	0	8	0.01002
3	44	0	8	0.00993
29	60	0	8	0.00990
12	56	0	8	0.00988
26	61	0	8	0.00988
4	12	0	8	0.00987
16	47	0	8	0.00987
30	57	0	8	0.00984
2	55	0	8	0.00983
10	59	0	8	0.00982
19	50	0	8	0.00980
20	29	0	8	0.00979
36	72	0	8	0.00973
24	64	0	8	0.00971
33	60	0	8	0.00962
17	72	0	8	0.00960
11	32	0	8	0.00957
42	51	0	8	0.00956
5	64	0	8	0.00952
6	42	0	8	0.00952
33	59	0	8	0.00951
17	36	0	8	0.00950
29	65	0	8	0.00945
10	69	0	8	0.00943
37	53	0	8	0.00941
14	47	0	8	0.00941
21	59	0	8	0.00936
21	62	0	8	0.00935
1	45	0	8	0.00932
18	59	0	8	0.00928
35	57	0	8	0.00925
50	58	0	8	0.00924
2	54	0	8	0.00924
10	48	0	8	0.00919
24	33	0	8	0.00918
1	42	0	8	0.00916
14	37	0	8	0.00915
27	73	0	8	0.00915
42	58	0	8	0.00914
29	57	0	8	0.00913
16	50	0	8	0.00910
29	56	0	8	0.00910
35	58	0	8	0.00905
3	59	0	8	0.00901
30	36	0	8	0.00898
14	44	0	8	0.00895
24	69	0	8	0.00892
18	56	0	8	0.00890
25	70	0	8	0.00890
6	40	0	8	0.00890
44	60	0	8	0.00889
65	70	0	8	0.00888
8	16	0	8	0.00887
12	49	0	8	0.00881
15	59	0	8	0.00877
20	68	0	8	0.00875
30	65	0	8	0.00875
51	60	0	8	0.00872
1	66	0	8	0.00868
2	60	0	8	0.00863
35	72	0	8	0.00863
4	65	0	8	0.00855
8	69	0	8	0.00855
36	55	0	8	0.00854
24	60	0	8	0.00852
42	56	0	8	0.00852
47	61	0	8	0.00850
13	56	0	8	0.00846
30	60	0	8	0.00845
42	53	0	8	0.00844
24	72	0	8	0.00841
46	64	0	8	0.00837
9	69	0	8	0.00830
25	52	0	8	0.00820
23	34	0	8	0.00819
13	55	0	8	0.00819
37	43	0	8	0.00819
4	69	0	8	0.00816
4	64	0	8	0.00816
19	52	0	8	0.00815
10	42	0	8	0.00813
4	44	0	8	0.00812
29	72	0	8	0.00811
33	71	0	8	0.00811
31	61	0	8	0.00810
5	44	0	8	0.00810
20	61	0	8	0.00810
3	45	0	8	0.00808
15	67	0	8	0.00807
2	11	0	8	0.00806
37	47	0	8	0.00805
26	69	0	8	0.00801
30	56	0	8	0.00797
32	50	0	8	0.00795
12	51	0	8	0.00787
1	72	0	8	0.00786
13	48	0	8	0.00783
31	64	0	8	0.00780
31	58	0	8	0.00777
50	55	0	8	0.00773
27	53	0	8	0.00773
10	45	0	8	0.00770
3	61	0	8	0.00769
6	72	0	8	0.00769
1	73	0	8	0.00766
3	64	0	8	0.00763
50	61	0	8	0.00763
35	50	0	8	0.00760
6	45	0	8	0.00757
12	69	0	8	0.00757
41	51	0	8	0.00755
37	51	0	8	0.00754
19	71	0	8	0.00749
14	35	0	8	0.00743
12	55	0	8	0.00740
6	17	0	8	0.00737
6	15	0	8	0.00734
23	71	0	8	0.00734
35	65	0	8	0.00733
9	15	0	8	0.00733
52	61	0	8	0.00730
15	30	0	8	0.00730
3	72	0	8	0.00729
33	50	0	8	0.00728
23	72	0	8	0.00726
41	55	0	8	0.00723
5	69	0	8	0.00720
18	31	0	8	0.00717
23	59	0	8	0.00715
9	16	0	8	0.00713
20	72	0	8	0.00713
29	59	0	8	0.00712
33	43	0	8	0.00711
11	41	0	8	0.00710
35	60	0	8	0.00709
3	66	0	8	0.00707
1	13	0	8	0.00705
19	59	0	8	0.00705
35	43	0	8	0.00700
37	48	0	8	0.00698
23	40	0	8	0.00698
37	64	0	8	0.00695
17	40	0	8	0.00694
28	53	0	8	0.00693
15	55	0	8	0.00693
30	54	0	8	0.00692
1	68	0	8	0.00692
11	67	0	8	0.00681
4	61	0	8	0.00681
5	59	0	8	0.00678
35	67	0	8	0.00678
13	49	0	8	0.00678
20	32	0	8	0.00675
5	12	0	8	0.00675
11	18	0	8	0.00675
9	18	0	8	0.00675
4	62	0	8	0.00673
10	16	0	8	0.00671
2	58	0	8	0.00669
1	39	0	8	0.00668
35	69	0	8	0.00667
7	63	0	8	0.00666
29	67	0	8	0.00664
15	63	0	8	0.00664
16	69	0	8	0.00663
4	45	0	8	0.00660
12	59	0	8	0.00659
12	53	0	8	0.00659
13	42	0	8	0.00658
2	62	0	8	0.00658
21	33	0	8	0.00657
1	64	0	8	0.00654
24	73	0	8	0.00654
33	56	0	8	0.00652
5	14	0	8	0.00652
17	50	0	8	0.00652
4	59	0	8	0.00651
43	59	0	8	0.00650
1	61	0	8	0.00649
16	32	0	8	0.00648
52	58	0	8	0.00648
33	66	0	8	0.00645
37	68	0	8	0.00645
2	43	0	8	0.00641
41	58	0	8	0.00640
26	59	0	8	0.00639
39	62	0	8	0.00638
20	37	0	8	0.00637
7	15	0	8	0.00635
41	52	0	8	0.00633
5	68	0	8	0.00633
14	55	0	8	0.00630
5	45	0	8	0.00629
3	73	0	8	0.00628
7	16	0	8	0.00628
27	37	0	8	0.00626
17	22	0	8	0.00626
3	42	0	8	0.00624
42	55	0	8	0.00622
27	50	0	8	0.00621
3	68	0	8	0.00620
5	13	0	8	0.00617
35	54	0	8	0.00616
13	51	0	8	0.00613
5	39	0	8	0.00610
10	36	0	8	0.00609
39	48	0	8	0.00609
19	25	0	8	0.00609
16	52	0	8	0.00607
7	72	0	8	0.00607
14	66	0	8	0.00607
37	42	0	8	0.00606
20	64	0	8	0.00605
7	67	0	8	0.00604
38	54	0	8	0.00603
18	66	0	8	0.00603
37	62	0	8	0.00601
40	56	0	8	0.00600
57	62	0	8	0.00598
11	35	0	8	0.00598
4	42	0	8	0.00598
33	67	0	8	0.00597
38	50	0	8	0.00597
5	42	0	8	0.00596
2	44	0	8	0.00595
41	53	0	8	0.00594
33	53	0	8	0.00592
17	73	0	8	0.00592
1	16	0	8	0.00592
20	73	0	8	0.00592
49	60	0	8	0.00590
21	56	0	8	0.00587
9	59	0	8	0.00586
29	62	0	8	0.00584
29	37	0	8	0.00582
2	12	0	8	0.00581
31	60	0	8	0.00579
3	39	0	8	0.00579
25	58	0	8	0.00578
8	66	0	8	0.00578
32	56	0	8	0.00577
12	20	0	8	0.00576
10	17	0	8	0.00575
48	60	0	8	0.00574
16	41	0	8	0.00574
20	67	0	8	0.00574
16	59	0	8	0.00573
39	44	0	8	0.00572
36	59	0	8	0.00572
27	66	0	8	0.00572
4	39	0	8	0.00568
16	30	0	8	0.00567
32	37	0	8	0.00567
1	70	0	8	0.00567
16	55	0	8	0.00567
29	54	0	8	0.00563
15	38	0	8	0.00563
19	47	0	8	0.00563
33	40	0	8	0.00562
4	13	0	8	0.00562
24	63	0	8	0.00561
11	19	0	8	0.00559
7	17	0	8	0.00558
14	19	0	8	0.00553
17	71	0	8	0.00552
26	57	0	8	0.00551
56	61	0	8	0.00549
9	36	0	8	0.00547
20	27	0	8	0.00547
28	35	0	8	0.00547
34	54	0	8	0.00546
19	46	0	8	0.00542
32	59	0	8	0.00542
64	69	0	8	0.00540
1	40	0	8	0.00540
6	63	0	8	0.00539
39	51	0	8	0.00533
29	71	0	8	0.00532
4	68	0	8	0.00531
32	63	0	8	0.00528
37	46	0	8	0.00527
23	63	0	8	0.00522
26	36	0	8	0.00522
20	26	0	8	0.00519
14	72	0	8	0.00516
25	62	0	8	0.00516
26	65	0	8	0.00516
13	32	0	8	0.00513
14	49	0	8	0.00513
2	45	0	8	0.00510
36	63	0	8	0.00510
17	52	0	8	0.00509
31	72	0	8	0.00508
35	40	0	8	0.00506
27	34	0	8	0.00505
2	59	0	8	0.00503
22	66	0	8	0.00503
15	28	0	8	0.00503
6	67	0	8	0.00502
29	63	0	8	0.00500
36	47	0	8	0.00497
32	71	0	8	0.00497
36	71	0	8	0.00497
3	13	0	8	0.00497
14	42	0	8	0.00495
40	59	0	8	0.00494
28	73	0	8	0.00491
20	36	0	8	0.00489
31	57	0	8	0.00487
3	63	0	8	0.00486
28	37	0	8	0.00485
13	45	0	8	0.00483
19	63	0	8	0.00481
30	69	0	8	0.00480
24	32	0	8	0.00479
29	55	0	8	0.00478
25	53	0	8	0.00478
25	66	0	8	0.00477
19	44	0	8	0.00477
1	63	0	8	0.00476
25	54	0	8	0.00475
22	34	0	8	0.00475
1	67	0	8	0.00474
13	59	0	8	0.00474
37	49	0	8	0.00474
29	36	0	8	0.00474
26	58	0	8	0.00473
6	16	0	8	0.00473
33	38	0	8	0.00472
31	69	0	8	0.00469
6	73	0	8	0.00468
44	65	0	8	0.00466
14	51	0	8	0.00466
20	71	0	8	0.00466
12	35	0	8	0.00465
24	31	0	8	0.00457
38	49	0	8	0.00455
48	58	0	8	0.00455
29	73	0	8	0.00453
32	43	0	8	0.00451
3	67	0	8	0.00448
8	63	0	8	0.00447
30	59	0	8	0.00447
36	53	0	8	0.00447
21	66	0	8	0.00446
5	17	0	8	0.00446
42	68	0	8	0.00445
25	36	0	8	0.00445
2	69	0	8	0.00444
19	41	0	8	0.00443
21	54	0	8	0.00438
4	72	0	8	0.00437
28	50	0	8	0.00436
29	52	0	8	0.00435
39	69	0	8	0.00434
6	18	0	8	0.00434
34	39	0	8	0.00433
7	36	0	8	0.00432
21	70	0	8	0.00430
10	18	0	8	0.00428
49	56	0	8	0.00428
3	40	0	8	0.00428
39	45	0	8	0.00428
21	50	0	8	0.00425
39	56	0	8	0.00424
30	52	0	8	0.00421
1	14	0	8	0.00420
13	53	0	8	0.00420
22	73	0	8	0.00419
40	69	0	8	0.00419
39	59	0	8	0.00419
19	26	0	8	0.00418
38	47	0	8	0.00418
36	46	0	8	0.00417
1	17	0	8	0.00416
2	65	0	8	0.00416
19	55	0	8	0.00415
15	53	0	8	0.00413
3	14	0	8	0.00413
3	70	0	8	0.00413
13	69	0	8	0.00412
5	40	0	8	0.00411
10	67	0	8	0.00410
23	56	0	8	0.00409
36	51	0	8	0.00408
23	35	0	8	0.00407
23	73	0	8	0.00406
26	70	0	8	0.00406
19	73	0	8	0.00406
13	37	0	8	0.00405
30	62	0	8	0.00403
35	52	0	8	0.00401
53	58	0	8	0.00401
31	73	0	8	0.00399
26	62	0	8	0.00396
18	42	0	8	0.00396
18	44	0	8	0.00394
45	60	0	8	0.00393
36	56	0	8	0.00393
17	33	0	8	0.00392
15	49	0	8	0.00391
41	57	0	8	0.00391
57	64	0	8	0.00391
20	58	0	8	0.00390
21	30	0	8	0.00390
1	41	0	8	0.00389
15	31	0	8	0.00389
11	38	0	8	0.00386
4	40	0	8	0.00386
32	73	0	8	0.00384
20	31	0	8	0.00382
37	69	0	8	0.00382
23	52	0	8	0.00382
45	56	0	8	0.00381
4	67	0	8	0.00380
50	68	0	8	0.00380
20	40	0	8	0.00379
17	59	0	8	0.00378
1	15	0	8	0.00376
4	14	0	8	0.00375
52	59	0	8	0.00373
63	73	0	8	0.00373
31	65	0	8	0.00373
39	53	0	8	0.00372
25	50	0	8	0.00371
37	44	0	8	0.00371
43	63	0	8	0.00371
20	69	0	8	0.00371
10	63	0	8	0.00369
38	46	0	8	0.00368
1	71	0	8	0.00368
23	55	0	8	0.00367
8	67	0	8	0.00367
2	42	0	8	0.00365
17	28	0	8	0.00365
12	38	0	8	0.00364
31	50	0	8	0.00364
27	39	0	8	0.00363
2	64	0	8	0.00363
10	37	0	8	0.00362
5	72	0	8	0.00361
4	73	0	8	0.00361
8	36	0	8	0.00359
30	67	0	8	0.00358
23	50	0	8	0.00358
16	56	0	8	0.00357
4	17	0	8	0.00356
39	55	0	8	0.00356
30	55	0	8	0.00356
18	51	0	8	0.00355
45	58	0	8	0.00354
17	43	0	8	0.00352
30	63	0	8	0.00351
27	70	0	8	0.00350
3	17	0	8	0.00350
32	55	0	8	0.00349
17	55	0	8	0.00348
34	58	0	8	0.00348
21	52	0	8	0.00348
17	31	0	8	0.00348
35	73	0	8	0.00346
57	65	0	8	0.00346
14	71	0	8	0.00344
20	60	0	8	0.00343
9	63	0	8	0.00342
12	32	0	8	0.00342
12	19	0	8	0.00342
6	36	0	8	0.00341
14	53	0	8	0.00341
3	16	0	8	0.00340
33	73	0	8	0.00340
10	72	0	8	0.00336
11	30	0	8	0.00334
15	29	0	8	0.00333
35	71	0	8	0.00332
7	73	0	8	0.00332
17	30	0	8	0.00332
38	48	0	8	0.00331
15	51	0	8	0.00329
16	67	0	8	0.00328
49	55	0	8	0.00328
15	34	0	8	0.00327
16	21	0	8	0.00327
24	61	0	8	0.00327
20	65	0	8	0.00327
2	39	0	8	0.00326
4	63	0	8	0.00326
3	71	0	8	0.00325
28	66	0	8	0.00323
19	66	0	8	0.00320
28	51	0	8	0.00319
36	49	0	8	0.00315
32	53	0	8	0.00314
2	73	0	8	0.00314
7	35	0	8	0.00313
33	63	0	8	0.00311
9	67	0	8	0.00311
21	39	0	8	0.00306
27	43	0	8	0.00305
21	31	0	8	0.00305
20	57	0	8	0.00305
35	49	0	8	0.00303
18	73	0	8	0.00302
26	35	0	8	0.00301
10	66	0	8	0.00301
2	72	0	8	0.00301
31	54	0	8	0.00299
30	72	0	8	0.00296
15	45	0	8	0.00296
42	59	0	8	0.00296
24	59	0	8	0.00295
2	63	0	8	0.00295
7	71	0	8	0.00295
43	69	0	8	0.00294
7	37	0	8	0.00293
5	67	0	8	0.00293
22	47	0	8	0.00292
22	46	0	8	0.00292
2	61	0	8	0.00292
12	18	0	8	0.00291
44	59	0	8	0.00289
6	21	0	8	0.00289
36	41	0	8	0.00289
8	41	0	8	0.00288
30	50	0	8	0.00288
22	55	0	8	0.00288
12	67	0	8	0.00288
55	60	0	8	0.00287
4	71	0	8	0.00287
25	55	0	8	0.00287
54	69	0	8	0.00286
9	32	0	8	0.00285
5	63	0	8	0.00283
2	67	0	8	0.00283
14	48	0	8	0.00283
5	73	0	8	0.00282
31	52	0	8	0.00281
32	66	0	8	0.00280
2	68	0	8	0.00279
19	49	0	8	0.00279
18	49	0	8	0.00278
2	13	0	8	0.00276
31	56	0	8	0.00276
35	42	0	8	0.00273
44	62	0	8	0.00273
1	20	0	8	0.00273
14	45	0	8	0.00270
24	70	0	8	0.00269
30	39	0	8	0.00269
40	67	0	8	0.00268
19	51	0	8	0.00268
8	15	0	8	0.00268
26	52	0	8	0.00268
14	22	0	8	0.00266
17	29	0	8	0.00266
50	59	0	8	0.00266
45	61	0	8	0.00266
1	35	0	8	0.00265
46	68	0	8	0.00265
16	28	0	8	0.00265
5	66	0	8	0.00264
33	51	0	8	0.00264
27	40	0	8	0.00262
11	72	0	8	0.00262
11	20	0	8	0.00262
4	16	0	8	0.00261
15	66	0	8	0.00261
3	15	0	8	0.00261
36	66	0	8	0.00261
38	58	0	8	0.00260
28	70	0	8	0.00260
16	42	0	8	0.00258
46	59	0	8	0.00258
8	37	0	8	0.00257
16	49	0	8	0.00256
26	66	0	8	0.00256
60	65	0	8	0.00256
3	41	0	8	0.00254
6	35	0	8	0.00254
23	66	0	8	0.00254
29	50	0	8	0.00253
8	72	0	8	0.00253
6	27	0	8	0.00253
24	56	0	8	0.00251
19	38	0	8	0.00251
26	55	0	8	0.00250
13	21	0	8	0.00250
47	64	0	8	0.00249
9	33	0	8	0.00248
24	65	0	8	0.00248
65	73	0	8	0.00247
25	49	0	8	0.00247
2	66	0	8	0.00247
15	27	0	8	0.00247
26	53	0	8	0.00246
38	68	0	8	0.00246
7	70	0	8	0.00245
7	41	0	8	0.00244
38	51	0	8	0.00244
31	62	0	8	0.00244
10	32	0	8	0.00244
26	54	0	8	0.00243
6	32	0	8	0.00243
39	72	0	8	0.00243
11	31	0	8	0.00243
12	63	0	8	0.00243
34	50	0	8	0.00240
15	72	0	8	0.00240
4	66	0	8	0.00240
11	22	0	8	0.00240
5	71	0	8	0.00239
17	63	0	8	0.00239
5	16	0	8	0.00236
7	18	0	8	0.00236
22	44	0	8	0.00235
20	54	0	8	0.00235
47	59	0	8	0.00235
17	46	0	8	0.00235
13	33	0	8	0.00234
16	72	0	8	0.00233
9	37	0	8	0.00233
43	67	0	8	0.00231
3	21	0	8	0.00231
35	46	0	8	0.00230
9	22	0	8	0.00230
6	22	0	8	0.00229
38	61	0	8	0.00229
16	29	0	8	0.00227
29	53	0	8	0.00227
31	67	0	8	0.00227
42	65	0	8	0.00226
50	65	0	8	0.00226
27	51	0	8	0.00226
6	71	0	8	0.00226
9	21	0	8	0.00225
31	59	0	8	0.00224
13	67	0	8	0.00224
2	40	0	8	0.00224
22	51	0	8	0.00224
8	18	0	8	0.00223
4	35	0	8	0.00223
17	56	0	8	0.00223
10	41	0	8	0.00223
37	60	0	8	0.00223
9	66	0	8	0.00222
14	73	0	8	0.00222
22	49	0	8	0.00222
65	71	0	8	0.00222
16	45	0	8	0.00222
21	35	0	8	0.00221
16	51	0	8	0.00220
9	19	0	8	0.00220
23	39	0	8	0.00218
1	21	0	8	0.00218
30	73	0	8	0.00217
54	65	0	8	0.00217
40	63	0	8	0.00216
15	48	0	8	0.00216
63	72	0	8	0.00216
9	35	0	8	0.00215
18	55	0	8	0.00215
28	49	0	8	0.00214
31	39	0	8	0.00214
18	53	0	8	0.00214
5	21	0	8	0.00211
2	14	0	8	0.00210
54	64	0	8	0.00210
56	64	0	8	0.00210
6	70	0	8	0.00209
30	53	0	8	0.00209
31	55	0	8	0.00209
19	42	0	8	0.00209
9	41	0	8	0.00208
42	63	0	8	0.00208
3	20	0	8	0.00208
22	53	0	8	0.00208
2	41	0	8	0.00207
13	35	0	8	0.00207
16	34	0	8	0.00207
37	72	0	8	0.00206
51	58	0	8	0.00206
8	73	0	8	0.00205
6	30	0	8	0.00205
6	33	0	8	0.00205
52	68	0	8	0.00204
9	72	0	8	0.00204
25	51	0	8	0.00203
19	70	0	8	0.00203
1	38	0	8	0.00203
16	48	0	8	0.00203
23	70	0	8	0.00203
38	64	0	8	0.00202
42	67	0	8	0.00202
10	73	0	8	0.00202
36	42	0	8	0.00202
27	49	0	8	0.00201
29	66	0	8	0.00201
32	40	0	8	0.00201
1	37	0	8	0.00201
2	17	0	8	0.00200
34	61	0	8	0.00200
33	47	0	8	0.00200
31	49	0	8	0.00200
16	31	0	8	0.00199
19	53	0	8	0.00199
48	61	0	8	0.00199
19	56	0	8	0.00199
13	63	0	8	0.00198
35	62	0	8	0.00197
4	70	0	8	0.00194
11	27	0	8	0.00193
8	35	0	8	0.00193
31	71	0	8	0.00193
3	30	0	8	0.00192
4	20	0	8	0.00190
32	51	0	8	0.00190
4	41	0	8	0.00190
16	73	0	8	0.00188
17	47	0	8	0.00188
36	44	0	8	0.00188
41	61	0	8	0.00188
3	35	0	8	0.00188
25	35	0	8	0.00187
16	35	0	8	0.00186
14	30	0	8	0.00186
6	31	0	8	0.00186
8	20	0	8	0.00185
54	59	0	8	0.00184
14	31	0	8	0.00184
46	63	0	8	0.00183
2	71	0	8	0.00183
51	59	0	8	0.00183
17	51	0	8	0.00183
62	73	0	8	0.00183
7	21	0	8	0.00182
17	39	0	8	0.00181
9	20	0	8	0.00181
7	32	0	8	0.00181
29	38	0	8	0.00181
8	33	0	8	0.00180
31	63	0	8	0.00180
7	33	0	8	0.00179
30	71	0	8	0.00179
8	21	0	8	0.00179
2	16	0	8	0.00178
8	71	0	8	0.00178
21	40	0	8	0.00177
5	35	0	8	0.00177
8	32	0	8	0.00177
34	52	0	8	0.00177
5	31	0	8	0.00176
7	38	0	8	0.00176
28	40	0	8	0.00176
46	65	0	8	0.00175
1	31	0	8	0.00175
10	35	0	8	0.00175
52	65	0	8	0.00175
65	72	0	8	0.00175
36	48	0	8	0.00175
6	41	0	8	0.00174
30	37	0	8	0.00174
32	49	0	8	0.00173
17	70	0	8	0.00173
4	21	0	8	0.00173
52	63	0	8	0.00173
17	35	0	8	0.00173
35	63	0	8	0.00172
34	68	0	8	0.00172
17	49	0	8	0.00172
13	41	0	8	0.00171
37	45	0	8	0.00171
23	51	0	8	0.00170
6	37	0	8	0.00170
22	70	0	8	0.00170
16	63	0	8	0.00169
3	18	0	8	0.00169
6	28	0	8	0.00168
36	73	0	8	0.00168
29	51	0	8	0.00168
50	63	0	8	0.00167
17	27	0	8	0.00166
42	62	0	8	0.00166
58	65	0	8	0.00166
2	70	0	8	0.00166
16	27	0	8	0.00166
6	19	0	8	0.00165
8	30	0	8	0.00164
3	19	0	8	0.00164
33	48	0	8	0.00164
5	30	0	8	0.00164
11	71	0	8	0.00163
24	57	0	8	0.00163
18	48	0	8	0.00162
5	20	0	8	0.00162
3	31	0	8	0.00162
17	44	0	8	0.00162
26	50	0	8	0.00162
4	15	0	8	0.00161
3	37	0	8	0.00161
14	38	0	8	0.00160
18	25	0	8	0.00160
33	49	0	8	0.00160
17	66	0	8	0.00159
23	53	0	8	0.00159
24	62	0	8	0.00158
49	64	0	8	0.00158
15	20	0	8	0.00158
38	57	0	8	0.00158
12	66	0	8	0.00158
1	19	0	8	0.00157
28	48	0	8	0.00157
20	62	0	8	0.00156
1	30	0	8	0.00156
12	34	0	8	0.00155
9	73	0	8	0.00155
38	44	0	8	0.00154
4	30	0	8	0.00154
13	19	0	8	0.00153
18	34	0	8	0.00153
13	73	0	8	0.00153
11	28	0	8	0.00153
14	41	0	8	0.00153
7	31	0	8	0.00152
23	49	0	8	0.00152
7	30	0	8	0.00152
27	38	0	8	0.00152
9	30	0	8	0.00151
5	18	0	8	0.00151
30	66	0	8	0.00151
4	37	0	8	0.00151
19	48	0	8	0.00151
13	31	0	8	0.00151
4	31	0	8	0.00150
1	29	0	8	0.00150
5	15	0	8	0.00149
1	24	0	8	0.00149
31	43	0	8	0.00148
10	33	0	8	0.00148
28	38	0	8	0.00148
15	71	0	8	0.00148
12	31	0	8	0.00147
16	71	0	8	0.00147
12	30	0	8	0.00147
7	19	0	8	0.00147
23	43	0	8	0.00147
9	27	0	8	0.00146
21	43	0	8	0.00145
28	43	0	8	0.00144
8	38	0	8	0.00144
22	42	0	8	0.00144
3	38	0	8	0.00143
10	71	0	8	0.00143
38	52	0	8	0.00143
50	67	0	8	0.00143
49	61	0	8	0.00143
8	19	0	8	0.00143
17	48	0	8	0.00142
6	20	0	8	0.00142
20	50	0	8	0.00141
8	31	0	8	0.00140
17	37	0	8	0.00139
27	47	0	8	0.00139
49	58	0	8	0.00139
24	58	0	8	0.00139
7	20	0	8	0.00138
44	64	0	8	0.00137
12	21	0	8	0.00137
35	51	0	8	0.00137
31	51	0	8	0.00137
5	41	0	8	0.00137
33	39	0	8	0.00136
7	27	0	8	0.00136
2	20	0	8	0.00136
29	70	0	8	0.00135
11	29	0	8	0.00135
37	67	0	8	0.00135
2	35	0	8	0.00134
30	49	0	8	0.00134
48	64	0	8	0.00133
37	59	0	8	0.00133
34	40	0	8	0.00133
12	73	0	8	0.00133
6	23	0	8	0.00133
54	60	0	8	0.00133
1	28	0	8	0.00133
3	28	0	8	0.00133
34	49	0	8	0.00132
26	34	0	8	0.00132
52	67	0	8	0.00131
11	21	0	8	0.00131
27	48	0	8	0.00131
30	40	0	8	0.00130
34	57	0	8	0.00130
33	70	0	8	0.00129
10	19	0	8	0.00129
64	73	0	8	0.00128
30	51	0	8	0.00128
39	71	0	8	0.00128
37	56	0	8	0.00128
11	73	0	8	0.00128
1	23	0	8	0.00128
13	72	0	8	0.00128
37	71	0	8	0.00128
1	34	0	8	0.00127
1	36	0	8	0.00127
9	31	0	8	0.00127
18	41	0	8	0.00127
10	22	0	8	0.00126
24	66	0	8	0.00125
29	49	0	8	0.00125
48	59	0	8	0.00125
3	29	0	8	0.00125
31	42	0	8	0.00124
1	27	0	8	0.00124
21	51	0	8	0.00123
4	18	0	8	0.00123
30	43	0	8	0.00123
16	38	0	8	0.00123
12	72	0	8	0.00123
4	38	0	8	0.00122
23	48	0	8	0.00122
13	30	0	8	0.00121
32	47	0	8	0.00121
15	22	0	8	0.00121
35	47	0	8	0.00121
6	29	0	8	0.00121
54	68	0	8	0.00120
7	28	0	8	0.00120
39	73	0	8	0.00120
18	70	0	8	0.00120
20	59	0	8	0.00120
1	18	0	8	0.00120
16	53	0	8	0.00120
2	21	0	8	0.00119
62	72	0	8	0.00118
27	46	0	8	0.00118
11	23	0	8	0.00118
34	43	0	8	0.00118
23	44	0	8	0.00117
6	38	0	8	0.00117
35	56	0	8	0.00117
3	27	0	8	0.00116
3	23	0	8	0.00115
5	32	0	8	0.00115
9	23	0	8	0.00115
5	36	0	8	0.00115
5	37	0	8	0.00115
31	47	0	8	0.00114
31	48	0	8	0.00114
38	45	0	8	0.00114
16	66	0	8	0.00114
26	51	0	8	0.00114
7	23	0	8	0.00113
7	22	0	8	0.00113
3	25	0	8	0.00113
28	39	0	8	0.00113
45	64	0	8	0.00113
25	39	0	8	0.00113
1	33	0	8	0.00111
3	36	0	8	0.00111
28	47	0	8	0.00111
25	48	0	8	0.00111
7	29	0	8	0.00111
11	34	0	8	0.00111
37	73	0	8	0.00111
2	31	0	8	0.00111
1	25	0	8	0.00111
21	55	0	8	0.00111
4	29	0	8	0.00111
4	19	0	8	0.00110
6	25	0	8	0.00109
31	53	0	8	0.00108
3	24	0	8	0.00108
63	68	0	8	0.00108
25	46	0	8	0.00108
35	48	0	8	0.00108
35	55	0	8	0.00108
20	34	0	8	0.00107
21	49	0	8	0.00107
10	21	0	8	0.00107
34	64	0	8	0.00107
24	52	0	8	0.00106
10	31	0	8	0.00106
45	59	0	8	0.00106
31	40	0	8	0.00106
23	47	0	8	0.00106
10	38	0	8	0.00106
26	37	0	8	0.00106
9	38	0	8	0.00106
5	70	0	8	0.00105
2	38	0	8	0.00105
15	73	0	8	0.00105
34	51	0	8	0.00105
44	68	0	8	0.00105
10	30	0	8	0.00105
4	36	0	8	0.00105
14	29	0	8	0.00105
3	33	0	8	0.00104
9	28	0	8	0.00104
34	55	0	8	0.00104
22	48	0	8	0.00104
59	64	0	8	0.00103
24	55	0	8	0.00103
58	63	0	8	0.00102
44	69	0	8	0.00102
18	38	0	8	0.00102
5	29	0	8	0.00102
55	62	0	8	0.00102
52	62	0	8	0.00101
8	27	0	8	0.00101
5	38	0	8	0.00101
32	46	0	8	0.00100
10	20	0	8	0.00100
25	37	0	8	0.00100
34	62	0	8	0.00100
20	70	0	8	0.00100
14	28	0	8	0.00100
2	30	0	8	0.00099
31	38	0	8	0.00099
4	28	0	8	0.00099
33	46	0	8	0.00099
3	34	0	8	0.00099
5	28	0	8	0.00098
31	66	0	8	0.00098
31	37	0	8	0.00098
38	72	0	8	0.00097
2	15	0	8	0.00097
27	44	0	8	0.00096
8	28	0	8	0.00096
2	29	0	8	0.00096
35	53	0	8	0.00096
24	54	0	8	0.00095
38	60	0	8	0.00095
9	29	0	8	0.00095
1	32	0	8	0.00095
2	28	0	8	0.00095
24	37	0	8	0.00095
24	36	0	8	0.00094
24	50	0	8	0.00094
49	68	0	8	0.00094
47	65	0	8	0.00094
7	34	0	8	0.00094
30	47	0	8	0.00094
17	53	0	8	0.00093
2	37	0	8	0.00093
8	22	0	8	0.00093
4	24	0	8	0.00093
17	23	0	8	0.00092
1	26	0	8	0.00092
15	23	0	8	0.00092
46	62	0	8	0.00091
34	72	0	8	0.00091
26	49	0	8	0.00091
59	67	0	8	0.00090
51	61	0	8	0.00090
34	42	0	8	0.00090
21	53	0	8	0.00089
31	46	0	8	0.00089
23	41	0	8	0.00089
10	27	0	8	0.00089
41	56	0	8	0.00089
21	47	0	8	0.00088
42	69	0	8	0.00088
34	65	0	8	0.00088
5	27	0	8	0.00088
3	32	0	8	0.00088
5	19	0	8	0.00088
33	44	0	8	0.00087
56	62	0	8	0.00087
4	23	0	8	0.00087
8	23	0	8	0.00087
19	45	0	8	0.00087
60	68	0	8	0.00087
55	63	0	8	0.00087
32	39	0	8	0.00087
35	59	0	8	0.00086
13	20	0	8	0.00086
13	66	0	8	0.00086
8	34	0	8	0.00086
14	21	0	8	0.00086
4	25	0	8	0.00086
6	24	0	8	0.00086
21	46	0	8	0.00085
50	62	0	8	0.00085
20	52	0	8	0.00085
18	26	0	8	0.00084
4	34	0	8	0.00084
46	67	0	8	0.00084
40	66	0	8	0.00084
33	41	0	8	0.00084
61	66	0	8	0.00083
29	48	0	8	0.00083
9	71	0	8	0.00082
62	67	0	8	0.00082
32	48	0	8	0.00082
47	68	0	8	0.00082
4	32	0	8	0.00082
38	73	0	8	0.00082
4	33	0	8	0.00081
34	73	0	8	0.00081
32	38	0	8	0.00081
30	42	0	8	0.00081
8	29	0	8	0.00081
38	67	0	8	0.00081
2	19	0	8	0.00081
39	66	0	8	0.00081
38	55	0	8	0.00080
7	24	0	8	0.00080
6	34	0	8	0.00079
41	60	0	8	0.00079
29	39	0	8	0.00079
32	70	0	8	0.00079
41	59	0	8	0.00079
5	24	0	8	0.00079
5	33	0	8	0.00078
5	22	0	8	0.00078
3	22	0	8	0.00078
18	45	0	8	0.00078
23	46	0	8	0.00078
13	71	0	8	0.00078
7	25	0	8	0.00076
9	25	0	8	0.00076
5	25	0	8	0.00076
10	29	0	8	0.00076
25	34	0	8	0.00076
4	27	0	8	0.00075
54	66	0	8	0.00075
30	46	0	8	0.00074
26	48	0	8	0.00074
13	38	0	8	0.00074
40	72	0	8	0.00074
8	70	0	8	0.00074
58	64	0	8	0.00073
27	42	0	8	0.00073
24	53	0	8	0.00072
22	38	0	8	0.00072
32	42	0	8	0.00072
12	71	0	8	0.00072
35	41	0	8	0.00072
5	23	0	8	0.00072
18	24	0	8	0.00072
2	24	0	8	0.00072
35	66	0	8	0.00072
35	45	0	8	0.00071
30	48	0	8	0.00071
10	28	0	8	0.00071
21	37	0	8	0.00071
20	51	0	8	0.00071
12	22	0	8	0.00071
20	49	0	8	0.00071
29	47	0	8	0.00070
23	38	0	8	0.00070
34	41	0	8	0.00070
12	29	0	8	0.00069
51	64	0	8	0.00069
28	46	0	8	0.00069
13	22	0	8	0.00069
33	42	0	8	0.00069
37	66	0	8	0.00068
34	48	0	8	0.00068
29	40	0	8	0.00068
30	70	0	8	0.00068
24	51	0	8	0.00068
29	43	0	8	0.00067
60	67	0	8	0.00067
14	27	0	8	0.00067
12	27	0	8	0.00067
64	72	0	8	0.00067
16	70	0	8	0.00067
50	69	0	8	0.00067
8	25	0	8	0.00067
26	39	0	8	0.00067
20	63	0	8	0.00066
34	69	0	8	0.00066
53	59	0	8	0.00066
2	27	0	8	0.00066
25	43	0	8	0.00066
14	70	0	8	0.00066
54	61	0	8	0.00065
29	46	0	8	0.00065
47	62	0	8	0.00065
14	34	0	8	0.00065
38	53	0	8	0.00065
53	60	0	8	0.00065
5	34	0	8	0.00065
20	55	0	8	0.00064
2	25	0	8	0.00064
38	69	0	8	0.00064
23	42	0	8	0.00064
40	71	0	8	0.00063
2	23	0	8	0.00063
12	28	0	8	0.00063
25	40	0	8	0.00063
37	63	0	8	0.00063
17	42	0	8	0.00062
4	22	0	8	0.00061
56	63	0	8	0.00061
54	62	0	8	0.00061
36	45	0	8	0.00061
13	29	0	8	0.00061
38	71	0	8	0.00061
1	22	0	8	0.00060
41	65	0	8	0.00060
8	24	0	8	0.00060
28	44	0	8	0.00060
20	43	0	8	0.00059
20	39	0	8	0.00058
25	47	0	8	0.00058
16	22	0	8	0.00058
17	45	0	8	0.00058
38	65	0	8	0.00058
17	34	0	8	0.00057
2	34	0	8	0.00057
21	42	0	8	0.00057
21	48	0	8	0.00056
34	56	0	8	0.00056
34	60	0	8	0.00056
28	42	0	8	0.00055
41	68	0	8	0.00055
9	24	0	8	0.00055
51	68	0	8	0.00055
26	47	0	8	0.00054
20	56	0	8	0.00054
34	53	0	8	0.00054
35	44	0	8	0.00054
2	33	0	8	0.00054
28	41	0	8	0.00054
44	73	0	8	0.00053
10	23	0	8	0.00053
26	43	0	8	0.00053
11	25	0	8	0.00053
31	70	0	8	0.00053
41	62	0	8	0.00052
30	41	0	8	0.00051
22	41	0	8	0.00051
21	44	0	8	0.00051
34	47	0	8	0.00051
2	26	0	8	0.00051
41	72	0	8	0.00051
26	40	0	8	0.00050
34	46	0	8	0.00050
34	67	0	8	0.00049
3	26	0	8	0.00049
9	34	0	8	0.00049
24	34	0	8	0.00049
25	42	0	8	0.00049
24	35	0	8	0.00049
36	70	0	8	0.00049
42	73	0	8	0.00048
44	72	0	8	0.00048
27	41	0	8	0.00048
11	70	0	8	0.00048
24	48	0	8	0.00047
10	25	0	8	0.00047
46	69	0	8	0.00047
20	44	0	8	0.00047
45	68	0	8	0.00047
2	36	0	8	0.00047
51	67	0	8	0.00047
47	63	0	8	0.00046
15	70	0	8	0.00046
63	71	0	8	0.00046
62	71	0	8	0.00046
16	24	0	8	0.00046
17	25	0	8	0.00046
15	21	0	8	0.00046
2	18	0	8	0.00046
2	32	0	8	0.00045
34	71	0	8	0.00045
10	70	0	8	0.00045
17	41	0	8	0.00045
55	61	0	8	0.00045
20	66	0	8	0.00045
52	69	0	8	0.00045
20	48	0	8	0.00045
49	59	0	8	0.00044
41	64	0	8	0.00044
23	45	0	8	0.00044
41	69	0	8	0.00043
45	63	0	8	0.00043
13	34	0	8	0.00043
22	45	0	8	0.00043
6	26	0	8	0.00043
54	63	0	8	0.00043
14	20	0	8	0.00042
7	26	0	8	0.00042
26	38	0	8	0.00042
56	65	0	8	0.00042
55	65	0	8	0.00042
24	49	0	8	0.00042
27	45	0	8	0.00042
29	42	0	8	0.00042
57	63	0	8	0.00042
13	28	0	8	0.00041
34	44	0	8	0.00041
38	62	0	8	0.00041
26	44	0	8	0.00041
25	44	0	8	0.00041
10	34	0	8	0.00041
9	70	0	8	0.00041
16	23	0	8	0.00040
24	40	0	8	0.00040
49	67	0	8	0.00040
49	65	0	8	0.00040
41	73	0	8	0.00040
32	44	0	8	0.00040
28	45	0	8	0.00040
14	23	0	8	0.00040
45	62	0	8	0.00040
40	73	0	8	0.00040
35	70	0	8	0.00040
31	45	0	8	0.00040
48	68	0	8	0.00040
43	66	0	8	0.00039
34	59	0	8	0.00039
48	63	0	8	0.00039
51	63	0	8	0.00039
33	45	0	8	0.00038
12	23	0	8	0.00038
44	63	0	8	0.00038
20	35	0	8	0.00038
20	47	0	8	0.00038
9	26	0	8	0.00037
13	27	0	8	0.00037
12	70	0	8	0.00037
30	44	0	8	0.00037
49	63	0	8	0.00036
4	26	0	8	0.00036
42	72	0	8	0.00035
59	73	0	8	0.00035
37	70	0	8	0.00035
62	70	0	8	0.00035
20	53	0	8	0.00034
53	62	0	8	0.00034
26	46	0	8	0.00034
30	45	0	8	0.00034
24	44	0	8	0.00034
44	71	0	8	0.00034
32	45	0	8	0.00034
24	47	0	8	0.00033
20	46	0	8	0.00033
34	63	0	8	0.00033
47	69	0	8	0.00032
57	68	0	8	0.00032
38	59	0	8	0.00032
51	62	0	8	0.00031
31	44	0	8	0.00031
48	65	0	8	0.00031
43	72	0	8	0.00030
25	45	0	8	0.00030
31	41	0	8	0.00030
58	68	0	8	0.00030
29	44	0	8	0.00030
13	70	0	8	0.00030
32	41	0	8	0.00029
41	71	0	8	0.00029
5	26	0	8	0.00029
64	71	0	8	0.00029
11	24	0	8	0.00029
38	56	0	8	0.00029
54	67	0	8	0.00028
39	70	0	8	0.00028
29	45	0	8	0.00028
58	69	0	8	0.00028
45	67	0	8	0.00028
48	62	0	8	0.00028
44	67	0	8	0.00027
59	65	0	8	0.00026
17	38	0	8	0.00026
24	43	0	8	0.00026
8	26	0	8	0.00026
34	45	0	8	0.00026
55	73	0	8	0.00026
10	24	0	8	0.00026
55	64	0	8	0.00026
48	67	0	8	0.00026
26	42	0	8	0.00026
2	22	0	8	0.00026
13	23	0	8	0.00026
45	65	0	8	0.00026
45	73	0	8	0.00026
29	41	0	8	0.00025
50	66	0	8	0.00025
62	69	0	8	0.00025
53	64	0	8	0.00025
58	66	0	8	0.00025
53	61	0	8	0.00025
53	67	0	8	0.00025
16	25	0	8	0.00025
42	71	0	8	0.00025
38	63	0	8	0.00025
46	73	0	8	0.00024
25	38	0	8	0.00024
53	68	0	8	0.00024
60	73	0	8	0.00024
43	73	0	8	0.00024
17	26	0	8	0.00024
10	26	0	8	0.00023
50	73	0	8	0.00023
20	41	0	8	0.00023
44	66	0	8	0.00023
46	72	0	8	0.00023
51	65	0	8	0.00023
40	70	0	8	0.00023
56	73	0	8	0.00022
26	45	0	8	0.00022
43	71	0	8	0.00022
58	73	0	8	0.00021
25	41	0	8	0.00021
61	68	0	8	0.00021
52	66	0	8	0.00020
54	73	0	8	0.00020
48	69	0	8	0.00020
49	62	0	8	0.00020
56	67	0	8	0.00019
61	67	0	8	0.00019
45	69	0	8	0.00019
24	46	0	8	0.00019
24	39	0	8	0.00019
17	24	0	8	0.00019
11	26	0	8	0.00018
51	73	0	8	0.00018
59	72	0	8	0.00018
49	69	0	8	0.00018
47	67	0	8	0.00018
26	41	0	8	0.00017
24	45	0	8	0.00017
41	67	0	8	0.00017
12	25	0	8	0.00017
49	73	0	8	0.00017
12	24	0	8	0.00017
50	72	0	8	0.00017
55	69	0	8	0.00017
64	70	0	8	0.00017
48	73	0	8	0.00016
20	38	0	8	0.00016
44	70	0	8	0.00016
34	66	0	8	0.00016
56	72	0	8	0.00016
21	45	0	8	0.00016
21	38	0	8	0.00016
56	68	0	8	0.00016
20	42	0	8	0.00016
24	42	0	8	0.00016
41	63	0	8	0.00015
16	26	0	8	0.00015
42	66	0	8	0.00015
15	24	0	8	0.00015
45	72	0	8	0.00015
21	41	0	8	0.00015
51	69	0	8	0.00015
50	71	0	8	0.00015
53	63	0	8	0.00015
55	72	0	8	0.00015
46	71	0	8	0.00015
24	41	0	8	0.00015
63	69	0	8	0.00015
20	45	0	8	0.00014
61	69	0	8	0.00014
61	73	0	8	0.00014
52	73	0	8	0.00013
57	69	0	8	0.00013
24	38	0	8	0.00013
55	66	0	8	0.00013
38	66	0	8	0.00013
38	70	0	8	0.00012
14	24	0	8	0.00012
60	72	0	8	0.00012
58	67	0	8	0.00012
51	71	0	8	0.00012
60	69	0	8	0.00012
15	25	0	8	0.00012
21	34	0	8	0.00011
59	68	0	8	0.00011
55	67	0	8	0.00011
49	72	0	8	0.00011
52	72	0	8	0.00011
53	69	0	8	0.00010
42	70	0	8	0.00010
58	72	0	8	0.00010
59	66	0	8	0.00010
55	68	0	8	0.00010
34	70	0	8	0.00010
END