1 3 0 8  0.824501633644104
1 4 0 8  0.8453629016876221
1 5 0 8  0.9251134395599365
1 6 0 8  0.27917206287384033
1 7 0 8  0.08014290034770966
1 8 0 8  0.03983127698302269
1 9 0 8  0.05050145834684372
1 10 0 8  0.032622091472148895
1 11 0 8  0.019880203530192375
1 12 0 8  0.009336603805422783
1 13 0 8  0.010440804995596409
1 14 0 8  0.013349885120987892
1 15 0 8  0.00840640626847744
1 16 0 8  0.007118826732039452
1 17 0 8  0.010293444618582726
1 18 0 8  0.0065515730530023575
1 19 0 8  0.004844729322940111
1 20 0 8  0.005079868249595165
1 21 0 8  0.004567663185298443
1 22 0 8  0.004016534890979528
1 23 0 8  0.00405412632972002
1 24 0 8  0.003937301225960255
1 25 0 8  0.0038865304086357355
1 26 0 8  0.0039021088741719723
1 27 0 8  0.004001478664577007
1 28 0 8  0.004139713477343321
1 29 0 8  0.004193808417767286
1 30 0 8  0.004372178576886654
1 31 0 8  0.004669739864766598
1 32 0 8  0.004615521524101496
1 33 0 8  0.00431431457400322
1 34 0 8  0.004397697281092405
1 35 0 8  0.0049554756842553616
1 36 0 8  0.004367797169834375
1 37 0 8  0.0043428209610283375
1 38 0 8  0.004795050248503685
1 39 0 8  0.005425726994872093
1 40 0 8  0.005215184297412634
1 41 0 8  0.0053270068019628525
1 42 0 8  0.00658801943063736
1 43 0 8  0.007693979889154434
1 44 0 8  0.008289193734526634
1 45 0 8  0.013914337381720543
1 46 0 8  0.020637165755033493
1 47 0 8  0.03423287346959114
1 48 0 8  0.042153842747211456
1 49 0 8  0.1115109920501709
1 50 0 8  0.13024598360061646
1 51 0 8  0.14909003674983978
1 52 0 8  0.11627300828695297
1 53 0 8  0.12705501914024353
1 54 0 8  0.09961873292922974
1 55 0 8  0.033251143991947174
1 56 0 8  0.026264455169439316
1 57 0 8  0.012187762185931206
1 58 0 8  0.010147271677851677
1 59 0 8  0.0049880919978022575
1 60 0 8  0.006564554758369923
1 61 0 8  0.004740397911518812
1 62 0 8  0.004745264071971178
1 63 0 8  0.004626349546015263
1 64 0 8  0.005360047332942486
1 65 0 8  0.005700214300304651
1 66 0 8  0.004950758069753647
1 67 0 8  0.005818185396492481
1 68 0 8  0.006992950104176998
1 69 0 8  0.007325213868170977
1 70 0 8  0.0054651591926813126
1 71 0 8  0.007888480089604855
1 72 0 8  0.008017163723707199
1 73 0 8  0.006947242189198732
2 4 0 8  0.7972477674484253
2 5 0 8  0.8453145027160645
2 6 0 8  0.9233317971229553
2 7 0 8  0.060638103634119034
2 8 0 8  0.03578325733542442
2 9 0 8  0.0190450269728899
2 10 0 8  0.01625140756368637
2 11 0 8  0.015751903876662254
2 12 0 8  0.0077737607061862946
2 13 0 8  0.005957652814686298
2 14 0 8  0.007387042976915836
2 15 0 8  0.006146240048110485
2 16 0 8  0.005753465928137302
2 17 0 8  0.007529846392571926
2 18 0 8  0.0051944926381111145
2 19 0 8  0.004666070453822613
2 20 0 8  0.004843050613999367
2 21 0 8  0.004306618124246597
2 22 0 8  0.0040711816400289536
2 23 0 8  0.004097905941307545
2 24 0 8  0.003961099311709404
2 25 0 8  0.0040526920929551125
2 26 0 8  0.0039000343531370163
2 27 0 8  0.003954033367335796
2 28 0 8  0.004000755958259106
2 29 0 8  0.003933642990887165
2 30 0 8  0.0041385795921087265
2 31 0 8  0.004236891865730286
2 32 0 8  0.004180056508630514
2 33 0 8  0.004250551573932171
2 34 0 8  0.004206577781587839
2 35 0 8  0.004533170722424984
2 36 0 8  0.004153524525463581
2 37 0 8  0.004386267624795437
2 38 0 8  0.004772961605340242
2 39 0 8  0.005093325860798359
2 40 0 8  0.005335590802133083
2 41 0 8  0.0056084878742694855
2 42 0 8  0.007105900906026363
2 43 0 8  0.008988820016384125
2 44 0 8  0.009938029572367668
2 45 0 8  0.015200193040072918
2 46 0 8  0.023929443210363388
2 47 0 8  0.03542732447385788
2 48 0 8  0.050503358244895935
2 49 0 8  0.10565593838691711
2 50 0 8  0.183974027633667
2 51 0 8  0.21250338852405548
2 52 0 8  0.19672900438308716
2 53 0 8  0.17266014218330383
2 54 0 8  0.09791382402181625
2 55 0 8  0.020970111712813377
2 56 0 8  0.020466752350330353
2 57 0 8  0.012811927124857903
2 58 0 8  0.00878068432211876
2 59 0 8  0.004584755748510361
2 60 0 8  0.005481594707816839
2 61 0 8  0.0048402100801467896
2 62 0 8  0.004749244078993797
2 63 0 8  0.004410119261592627
2 64 0 8  0.005790673196315765
2 65 0 8  0.005816065240651369
2 66 0 8  0.0044463700614869595
2 67 0 8  0.005310659296810627
2 68 0 8  0.007932137697935104
2 69 0 8  0.007138940971344709
2 70 0 8  0.0056832837872207165
2 71 0 8  0.007471690885722637
2 72 0 8  0.007677705027163029
2 73 0 8  0.006586806382983923
3 5 0 8  0.6966597437858582
3 6 0 8  0.8474472761154175
3 7 0 8  0.9060447216033936
3 8 0 8  0.027923915535211563
3 9 0 8  0.03461886942386627
3 10 0 8  0.023060841485857964
3 11 0 8  0.023954302072525024
3 12 0 8  0.014515690505504608
3 13 0 8  0.011367829516530037
3 14 0 8  0.014530286192893982
3 15 0 8  0.01159235555678606
3 16 0 8  0.00880034826695919
3 17 0 8  0.010823170654475689
3 18 0 8  0.0072861770167946815
3 19 0 8  0.004850791767239571
3 20 0 8  0.004903385415673256
3 21 0 8  0.00466759130358696
3 22 0 8  0.0043234024196863174
3 23 0 8  0.004336551763117313
3 24 0 8  0.004100756254047155
3 25 0 8  0.00407516211271286
3 26 0 8  0.0040325867012143135
3 27 0 8  0.004008411429822445
3 28 0 8  0.004049287177622318
3 29 0 8  0.0043030912056565285
3 30 0 8  0.004162251949310303
3 31 0 8  0.0042801545932888985
3 32 0 8  0.004194555804133415
3 33 0 8  0.004460480529814959
3 34 0 8  0.004414074122905731
3 35 0 8  0.004362777806818485
3 36 0 8  0.004236062988638878
3 37 0 8  0.004634177777916193
3 38 0 8  0.00482152821496129
3 39 0 8  0.005711815319955349
3 40 0 8  0.005663509480655193
3 41 0 8  0.0057177459821105
3 42 0 8  0.0069678667932748795
3 43 0 8  0.010210853070020676
3 44 0 8  0.010070182383060455
3 45 0 8  0.013821376487612724
3 46 0 8  0.01815035566687584
3 47 0 8  0.030653582885861397
3 48 0 8  0.04399129003286362
3 49 0 8  0.09109704196453094
3 50 0 8  0.15408006310462952
3 51 0 8  0.21971693634986877
3 52 0 8  0.23291827738285065
3 53 0 8  0.2726883888244629
3 54 0 8  0.17066839337348938
3 55 0 8  0.022889506071805954
3 56 0 8  0.03287069499492645
3 57 0 8  0.053396448493003845
3 58 0 8  0.01059926301240921
3 59 0 8  0.005098341964185238
3 60 0 8  0.00841289758682251
3 61 0 8  0.005957974120974541
3 62 0 8  0.005017267540097237
3 63 0 8  0.004786104895174503
3 64 0 8  0.007546735927462578
3 65 0 8  0.007241096347570419
3 66 0 8  0.005316480062901974
3 67 0 8  0.006154044531285763
3 68 0 8  0.008713232353329659
3 69 0 8  0.008308161981403828
3 70 0 8  0.005929787643253803
3 71 0 8  0.008179586380720139
3 72 0 8  0.006938399747014046
3 73 0 8  0.006066611036658287
4 6 0 8  0.510909914970398
4 7 0 8  0.7642765045166016
4 8 0 8  0.8500745892524719
4 9 0 8  0.043563224375247955
4 10 0 8  0.02242114394903183
4 11 0 8  0.014197640120983124
4 12 0 8  0.009937717579305172
4 13 0 8  0.011761858128011227
4 14 0 8  0.011404974386096
4 15 0 8  0.007772953249514103
4 16 0 8  0.00790247693657875
4 17 0 8  0.007756466045975685
4 18 0 8  0.0050230566412210464
4 19 0 8  0.004384642466902733
4 20 0 8  0.004387391731142998
4 21 0 8  0.004141040146350861
4 22 0 8  0.003960208036005497
4 23 0 8  0.00409730663523078
4 24 0 8  0.003858722746372223
4 25 0 8  0.0038482279051095247
4 26 0 8  0.0037464736960828304
4 27 0 8  0.004000158980488777
4 28 0 8  0.004115327727049589
4 29 0 8  0.0041059209033846855
4 30 0 8  0.004091862589120865
4 31 0 8  0.004112175665795803
4 32 0 8  0.004114885348826647
4 33 0 8  0.004148032516241074
4 34 0 8  0.004124474246054888
4 35 0 8  0.0041109127923846245
4 36 0 8  0.004147557076066732
4 37 0 8  0.004272449761629105
4 38 0 8  0.004591405391693115
4 39 0 8  0.005324899218976498
4 40 0 8  0.005425162147730589
4 41 0 8  0.005289753898978233
4 42 0 8  0.006835247855633497
4 43 0 8  0.009429913014173508
4 44 0 8  0.009231755509972572
4 45 0 8  0.013343960978090763
4 46 0 8  0.016777263954281807
4 47 0 8  0.02537369914352894
4 48 0 8  0.04334638640284538
4 49 0 8  0.08093374222517014
4 50 0 8  0.11784657835960388
4 51 0 8  0.21524281799793243
4 52 0 8  0.20015868544578552
4 53 0 8  0.20193064212799072
4 54 0 8  0.11219780892133713
4 55 0 8  0.01680094189941883
4 56 0 8  0.02111414261162281
4 57 0 8  0.028635423630475998
4 58 0 8  0.00806882232427597
4 59 0 8  0.004560351371765137
4 60 0 8  0.005908560007810593
4 61 0 8  0.004743299447000027
4 62 0 8  0.004516471177339554
4 63 0 8  0.004126348998397589
4 64 0 8  0.005510440096259117
4 65 0 8  0.006126439198851585
4 66 0 8  0.005467155948281288
4 67 0 8  0.006182286888360977
4 68 0 8  0.008239243179559708
4 69 0 8  0.008973414078354836
4 70 0 8  0.006050161551684141
4 71 0 8  0.006918464321643114
4 72 0 8  0.0070075420662760735
4 73 0 8  0.005356115289032459
5 7 0 8  0.5006608963012695
5 8 0 8  0.7505329847335815
5 9 0 8  0.8910893797874451
5 10 0 8  0.05939123034477234
5 11 0 8  0.02441886067390442
5 12 0 8  0.008843851275742054
5 13 0 8  0.012747992761433125
5 14 0 8  0.01164932083338499
5 15 0 8  0.006237232591956854
5 16 0 8  0.005687004886567593
5 17 0 8  0.006954411044716835
5 18 0 8  0.004542584531009197
5 19 0 8  0.0041369423270225525
5 20 0 8  0.004175502806901932
5 21 0 8  0.004114367067813873
5 22 0 8  0.003988212440162897
5 23 0 8  0.003985150717198849
5 24 0 8  0.003853332716971636
5 25 0 8  0.003952566534280777
5 26 0 8  0.003793199546635151
5 27 0 8  0.00395229971036315
5 28 0 8  0.004080051556229591
5 29 0 8  0.004097381606698036
5 30 0 8  0.004202582873404026
5 31 0 8  0.004131809808313847
5 32 0 8  0.004222532734274864
5 33 0 8  0.004408163484185934
5 34 0 8  0.0041379909962415695
5 35 0 8  0.00448311772197485
5 36 0 8  0.00498180091381073
5 37 0 8  0.004803147166967392
5 38 0 8  0.005227869376540184
5 39 0 8  0.013873396441340446
5 40 0 8  0.009138948284089565
5 41 0 8  0.007385569158941507
5 42 0 8  0.019292887300252914
5 43 0 8  0.029595989733934402
5 44 0 8  0.016817573457956314
5 45 0 8  0.023456348106265068
5 46 0 8  0.03837353736162186
5 47 0 8  0.048515964299440384
5 48 0 8  0.06105319410562515
5 49 0 8  0.11462299525737762
5 50 0 8  0.1971738189458847
5 51 0 8  0.25863057374954224
5 52 0 8  0.26144325733184814
5 53 0 8  0.2292114794254303
5 54 0 8  0.15511789917945862
5 55 0 8  0.012479225173592567
5 56 0 8  0.01782435178756714
5 57 0 8  0.07070910930633545
5 58 0 8  0.01167738065123558
5 59 0 8  0.004867095034569502
5 60 0 8  0.006566403899341822
5 61 0 8  0.00575319305062294
5 62 0 8  0.004842106252908707
5 63 0 8  0.004390316549688578
5 64 0 8  0.005760687403380871
5 65 0 8  0.007330850698053837
5 66 0 8  0.006076970603317022
5 67 0 8  0.007163934409618378
5 68 0 8  0.0096211526542902
5 69 0 8  0.01002921350300312
5 70 0 8  0.0059019820764660835
5 71 0 8  0.00787442922592163
5 72 0 8  0.007617423310875893
5 73 0 8  0.006158735603094101
6 8 0 8  0.5061302185058594
6 9 0 8  0.7902443408966064
6 10 0 8  0.9565764665603638
6 11 0 8  0.2836010158061981
6 12 0 8  0.04633113741874695
6 13 0 8  0.04295213520526886
6 14 0 8  0.1322096586227417
6 15 0 8  0.029249753803014755
6 16 0 8  0.010881016030907631
6 17 0 8  0.011114377528429031
6 18 0 8  0.007379136048257351
6 19 0 8  0.004152773413807154
6 20 0 8  0.0040076542645692825
6 21 0 8  0.003952880389988422
6 22 0 8  0.003780874889343977
6 23 0 8  0.0038894983008503914
6 24 0 8  0.003757028141990304
6 25 0 8  0.0038031372241675854
6 26 0 8  0.0037650978192687035
6 27 0 8  0.004065133165568113
6 28 0 8  0.004144392907619476
6 29 0 8  0.003980536945164204
6 30 0 8  0.00423277635127306
6 31 0 8  0.004135679919272661
6 32 0 8  0.004373549018055201
6 33 0 8  0.004311122000217438
6 34 0 8  0.004277432337403297
6 35 0 8  0.004601289518177509
6 36 0 8  0.006666659377515316
6 37 0 8  0.005264991894364357
6 38 0 8  0.005992038641124964
6 39 0 8  0.012171342968940735
6 40 0 8  0.012350331991910934
6 41 0 8  0.00877559743821621
6 42 0 8  0.022027160972356796
6 43 0 8  0.09094153344631195
6 44 0 8  0.030160168185830116
6 45 0 8  0.03910636901855469
6 46 0 8  0.051696423441171646
6 47 0 8  0.0766516849398613
6 48 0 8  0.08307491987943649
6 49 0 8  0.1305377036333084
6 50 0 8  0.2610243558883667
6 51 0 8  0.2528403103351593
6 52 0 8  0.3642914891242981
6 53 0 8  0.39774268865585327
6 54 0 8  0.45154833793640137
6 55 0 8  0.014120182022452354
6 56 0 8  0.10333800315856934
6 57 0 8  0.5184422731399536
6 58 0 8  0.05869395285844803
6 59 0 8  0.00586885679513216
6 60 0 8  0.027690038084983826
6 61 0 8  0.0240483321249485
6 62 0 8  0.0057593341916799545
6 63 0 8  0.004446153994649649
6 64 0 8  0.01179508026689291
6 65 0 8  0.012121939100325108
6 66 0 8  0.007987325079739094
6 67 0 8  0.009950916282832623
6 68 0 8  0.016736231744289398
6 69 0 8  0.015862375497817993
6 70 0 8  0.006617309991270304
6 71 0 8  0.009296771138906479
6 72 0 8  0.008791547268629074
6 73 0 8  0.0068848393857479095
7 9 0 8  0.5968658328056335
7 10 0 8  0.9123730659484863
7 11 0 8  0.9826152920722961
7 12 0 8  0.09011903405189514
7 13 0 8  0.025659842416644096
7 14 0 8  0.02984708920121193
7 15 0 8  0.010078515857458115
7 16 0 8  0.0058427052572369576
7 17 0 8  0.005557697266340256
7 18 0 8  0.00455261766910553
7 19 0 8  0.003816635115072131
7 20 0 8  0.003984637092798948
7 21 0 8  0.003732606302946806
7 22 0 8  0.003672781866043806
7 23 0 8  0.003815974574536085
7 24 0 8  0.003630740102380514
7 25 0 8  0.003775867633521557
7 26 0 8  0.0037280679680407047
7 27 0 8  0.003920949064195156
7 28 0 8  0.004089872352778912
7 29 0 8  0.003967395983636379
7 30 0 8  0.004271683748811483
7 31 0 8  0.0040862406603991985
7 32 0 8  0.004100862890481949
7 33 0 8  0.004185832105576992
7 34 0 8  0.0037693572230637074
7 35 0 8  0.0042019980028271675
7 36 0 8  0.004897910635918379
7 37 0 8  0.0046616289764642715
7 38 0 8  0.005318881943821907
7 39 0 8  0.008045598864555359
7 40 0 8  0.009147600270807743
7 41 0 8  0.007768166717141867
7 42 0 8  0.01266622357070446
7 43 0 8  0.020662449300289154
7 44 0 8  0.01563001051545143
7 45 0 8  0.018492544069886208
7 46 0 8  0.02097746729850769
7 47 0 8  0.031207837164402008
7 48 0 8  0.04654181748628616
7 49 0 8  0.052496373653411865
7 50 0 8  0.0815451368689537
7 51 0 8  0.06966271996498108
7 52 0 8  0.13527517020702362
7 53 0 8  0.13474178314208984
7 54 0 8  0.131752148270607
7 55 0 8  0.00854695774614811
7 56 0 8  0.07269836962223053
7 57 0 8  0.42523908615112305
7 58 0 8  0.017596015706658363
7 59 0 8  0.006422010716050863
7 60 0 8  0.08955861628055573
7 61 0 8  0.06635941565036774
7 62 0 8  0.006503737531602383
7 63 0 8  0.005338967777788639
7 64 0 8  0.016452927142381668
7 65 0 8  0.012577788904309273
7 66 0 8  0.007144751958549023
7 67 0 8  0.011058896780014038
7 68 0 8  0.018457142636179924
7 69 0 8  0.015749510377645493
7 70 0 8  0.007072100881487131
7 71 0 8  0.011936457827687263
7 72 0 8  0.00957911740988493
7 73 0 8  0.006742971017956734
8 10 0 8  0.650705099105835
8 11 0 8  0.975193202495575
8 12 0 8  0.9937833547592163
8 13 0 8  0.04651060700416565
8 14 0 8  0.01880723424255848
8 15 0 8  0.007711624260991812
8 16 0 8  0.006275570020079613
8 17 0 8  0.0054420907981693745
8 18 0 8  0.004149195738136768
8 19 0 8  0.0038339777383953333
8 20 0 8  0.0039533101953566074
8 21 0 8  0.0037575894966721535
8 22 0 8  0.0036727427504956722
8 23 0 8  0.0037307068705558777
8 24 0 8  0.0035556063521653414
8 25 0 8  0.0036424174904823303
8 26 0 8  0.0036078705452382565
8 27 0 8  0.003883935045450926
8 28 0 8  0.003923237323760986
8 29 0 8  0.003842748701572418
8 30 0 8  0.004405645653605461
8 31 0 8  0.004009057767689228
8 32 0 8  0.004700897261500359
8 33 0 8  0.004943256266415119
8 34 0 8  0.004250610247254372
8 35 0 8  0.017424536868929863
8 36 0 8  0.012568535283207893
8 37 0 8  0.006834703963249922
8 38 0 8  0.012051371857523918
8 39 0 8  0.05855417996644974
8 40 0 8  0.024110468104481697
8 41 0 8  0.011687563732266426
8 42 0 8  0.03554588183760643
8 43 0 8  0.060106437653303146
8 44 0 8  0.024134665727615356
8 45 0 8  0.02969485893845558
8 46 0 8  0.04092731699347496
8 47 0 8  0.04603072628378868
8 48 0 8  0.046073611825704575
8 49 0 8  0.04660680890083313
8 50 0 8  0.058030787855386734
8 51 0 8  0.036857686936855316
8 52 0 8  0.037116870284080505
8 53 0 8  0.017671233043074608
8 54 0 8  0.01901344023644924
8 55 0 8  0.0059788404032588005
8 56 0 8  0.006799950264394283
8 57 0 8  0.07395650446414948
8 58 0 8  0.008116442710161209
8 59 0 8  0.00469869002699852
8 60 0 8  0.009914370253682137
8 61 0 8  0.021090228110551834
8 62 0 8  0.005678365007042885
8 63 0 8  0.004571210592985153
8 64 0 8  0.0077736880630254745
8 65 0 8  0.010899984277784824
8 66 0 8  0.006561913527548313
8 67 0 8  0.008225232362747192
8 68 0 8  0.015711471438407898
8 69 0 8  0.01239731628447771
8 70 0 8  0.006597024854272604
8 71 0 8  0.008590441197156906
8 72 0 8  0.006917270831763744
8 73 0 8  0.005404789000749588
9 11 0 8  0.9118716716766357
9 12 0 8  0.9945515394210815
9 13 0 8  0.9967303276062012
9 14 0 8  0.06268058717250824
9 15 0 8  0.011310838162899017
9 16 0 8  0.006142472382634878
9 17 0 8  0.009181713685393333
9 18 0 8  0.006487973500043154
9 19 0 8  0.004043554421514273
9 20 0 8  0.003998717293143272
9 21 0 8  0.0038945567794144154
9 22 0 8  0.0038027516566216946
9 23 0 8  0.003732132725417614
9 24 0 8  0.003467910923063755
9 25 0 8  0.003662300296127796
9 26 0 8  0.0036276616156101227
9 27 0 8  0.004001489840447903
9 28 0 8  0.0040222276002168655
9 29 0 8  0.0038068266585469246
9 30 0 8  0.004677330143749714
9 31 0 8  0.004275279585272074
9 32 0 8  0.006176844239234924
9 33 0 8  0.005894014146178961
9 34 0 8  0.004485655575990677
9 35 0 8  0.011890064924955368
9 36 0 8  0.025287220254540443
9 37 0 8  0.010122179053723812
9 38 0 8  0.013173029758036137
9 39 0 8  0.09536979347467422
9 40 0 8  0.07080920040607452
9 41 0 8  0.016839466989040375
9 42 0 8  0.1210484504699707
9 43 0 8  0.41294950246810913
9 44 0 8  0.14506903290748596
9 45 0 8  0.07152041792869568
9 46 0 8  0.11390310525894165
9 47 0 8  0.0957069918513298
9 48 0 8  0.08599480241537094
9 49 0 8  0.08265990018844604
9 50 0 8  0.1557704508304596
9 51 0 8  0.057241786271333694
9 52 0 8  0.12872298061847687
9 53 0 8  0.04249782860279083
9 54 0 8  0.27442824840545654
9 55 0 8  0.007340976968407631
9 56 0 8  0.019909365102648735
9 57 0 8  0.4300635755062103
9 58 0 8  0.08382263779640198
9 59 0 8  0.00556318461894989
9 60 0 8  0.02927149459719658
9 61 0 8  0.14561372995376587
9 62 0 8  0.005954851862043142
9 63 0 8  0.005191619507968426
9 64 0 8  0.014417875558137894
9 65 0 8  0.0160769522190094
9 66 0 8  0.006880960427224636
9 67 0 8  0.009706497192382812
9 68 0 8  0.026927435770630836
9 69 0 8  0.01605680026113987
9 70 0 8  0.006676462013274431
9 71 0 8  0.009136594831943512
9 72 0 8  0.006780197843909264
9 73 0 8  0.005235903896391392
10 12 0 8  0.991226077079773
10 13 0 8  0.9969960451126099
10 14 0 8  0.9973180890083313
10 15 0 8  0.011375876143574715
10 16 0 8  0.0049794940277934074
10 17 0 8  0.00482234638184309
10 18 0 8  0.004386596381664276
10 19 0 8  0.003968624863773584
10 20 0 8  0.003780012484639883
10 21 0 8  0.003857620060443878
10 22 0 8  0.0037088794633746147
10 23 0 8  0.0036727883853018284
10 24 0 8  0.003503253683447838
10 25 0 8  0.0037661665119230747
10 26 0 8  0.0036757197231054306
10 27 0 8  0.003904588520526886
10 28 0 8  0.003939011134207249
10 29 0 8  0.0038134620990604162
10 30 0 8  0.004327434115111828
10 31 0 8  0.004043221939355135
10 32 0 8  0.004542967304587364
10 33 0 8  0.004505538381636143
10 34 0 8  0.003964842297136784
10 35 0 8  0.005067554302513599
10 36 0 8  0.009812239557504654
10 37 0 8  0.007713287137448788
10 38 0 8  0.007856074720621109
10 39 0 8  0.017177637666463852
10 40 0 8  0.01706014946103096
10 41 0 8  0.007825445383787155
10 42 0 8  0.009937440045177937
10 43 0 8  0.1237284243106842
10 44 0 8  0.03248627111315727
10 45 0 8  0.021584808826446533
10 46 0 8  0.02824542112648487
10 47 0 8  0.030276335775852203
10 48 0 8  0.030867597088217735
10 49 0 8  0.04263060539960861
10 50 0 8  0.0923462063074112
10 51 0 8  0.03063928708434105
10 52 0 8  0.1955992579460144
10 53 0 8  0.07669509947299957
10 54 0 8  0.42803052067756653
10 55 0 8  0.014612025581300259
10 56 0 8  0.09819964319467545
10 57 0 8  0.7351581454277039
10 58 0 8  0.43563735485076904
10 59 0 8  0.01673886366188526
10 60 0 8  0.38585036993026733
10 61 0 8  0.6486133337020874
10 62 0 8  0.02702181786298752
10 63 0 8  0.009560124017298222
10 64 0 8  0.10120725631713867
10 65 0 8  0.03555530682206154
10 66 0 8  0.006304580718278885
10 67 0 8  0.009186464361846447
10 68 0 8  0.027538377791643143
10 69 0 8  0.014065521769225597
10 70 0 8  0.006187121383845806
10 71 0 8  0.012114101089537144
10 72 0 8  0.00788855366408825
10 73 0 8  0.005959879141300917
11 13 0 8  0.9952646493911743
11 14 0 8  0.997441291809082
11 15 0 8  0.9980247616767883
11 16 0 8  0.00890840869396925
11 17 0 8  0.006078979000449181
11 18 0 8  0.011479418724775314
11 19 0 8  0.004438422620296478
11 20 0 8  0.00410682987421751
11 21 0 8  0.003800036385655403
11 22 0 8  0.003910132683813572
11 23 0 8  0.003686707466840744
11 24 0 8  0.0034775955136865377
11 25 0 8  0.003653207328170538
11 26 0 8  0.003523176768794656
11 27 0 8  0.004092319402843714
11 28 0 8  0.0038470812141895294
11 29 0 8  0.003844066523015499
11 30 0 8  0.004615447483956814
11 31 0 8  0.004291265271604061
11 32 0 8  0.010205885395407677
11 33 0 8  0.007777763530611992
11 34 0 8  0.0053049614652991295
11 35 0 8  0.022731205448508263
11 36 0 8  0.03064560890197754
11 37 0 8  0.011922623962163925
11 38 0 8  0.012814966961741447
11 39 0 8  0.035608794540166855
11 40 0 8  0.02709837816655636
11 41 0 8  0.008534995838999748
11 42 0 8  0.015415342524647713
11 43 0 8  0.0427231565117836
11 44 0 8  0.009857870638370514
11 45 0 8  0.01184862107038498
11 46 0 8  0.011947598308324814
11 47 0 8  0.010833881795406342
11 48 0 8  0.016314469277858734
11 49 0 8  0.015327109023928642
11 50 0 8  0.04115721210837364
11 51 0 8  0.01646340638399124
11 52 0 8  0.06090698391199112
11 53 0 8  0.01142460759729147
11 54 0 8  0.033905573189258575
11 55 0 8  0.006230110302567482
11 56 0 8  0.011062407866120338
11 57 0 8  0.333285927772522
11 58 0 8  0.06550349295139313
11 59 0 8  0.005665612407028675
11 60 0 8  0.18634171783924103
11 61 0 8  0.48889458179473877
11 62 0 8  0.023049119859933853
11 63 0 8  0.007897639647126198
11 64 0 8  0.24237622320652008
11 65 0 8  0.10523563623428345
11 66 0 8  0.007174762897193432
11 67 0 8  0.009556934237480164
11 68 0 8  0.039538558572530746
11 69 0 8  0.015659872442483902
11 70 0 8  0.005207753740251064
11 71 0 8  0.009115373715758324
11 72 0 8  0.005819270852953196
11 73 0 8  0.005295115523040295
12 14 0 8  0.9977444410324097
12 15 0 8  0.9966938495635986
12 16 0 8  0.9975982904434204
12 17 0 8  0.0066246045753359795
12 18 0 8  0.005065077915787697
12 19 0 8  0.004465543199330568
12 20 0 8  0.00448605976998806
12 21 0 8  0.003931407816708088
12 22 0 8  0.0037517824675887823
12 23 0 8  0.003621322801336646
12 24 0 8  0.003457887563854456
12 25 0 8  0.0037756972014904022
12 26 0 8  0.0034454120323061943
12 27 0 8  0.004176509566605091
12 28 0 8  0.004071224480867386
12 29 0 8  0.004068715963512659
12 30 0 8  0.006601697765290737
12 31 0 8  0.006572527810931206
12 32 0 8  0.06239282339811325
12 33 0 8  0.022323187440633774
12 34 0 8  0.010818855836987495
12 35 0 8  0.1780495047569275
12 36 0 8  0.19074034690856934
12 37 0 8  0.02709495648741722
12 38 0 8  0.03452938422560692
12 39 0 8  0.3752686381340027
12 40 0 8  0.22977477312088013
12 41 0 8  0.017325367778539658
12 42 0 8  0.11327658593654633
12 43 0 8  0.5209569334983826
12 44 0 8  0.12829992175102234
12 45 0 8  0.05095629394054413
12 46 0 8  0.04857449233531952
12 47 0 8  0.023355349898338318
12 48 0 8  0.018832357600331306
12 49 0 8  0.014614347368478775
12 50 0 8  0.03127764165401459
12 51 0 8  0.007681678980588913
12 52 0 8  0.011379532516002655
12 53 0 8  0.00535162165760994
12 54 0 8  0.013652040623128414
12 55 0 8  0.004523897543549538
12 56 0 8  0.005052896216511726
12 57 0 8  0.05116266757249832
12 58 0 8  0.015864407643675804
12 59 0 8  0.005262521095573902
12 60 0 8  0.012026699259877205
12 61 0 8  0.33832839131355286
12 62 0 8  0.007215739227831364
12 63 0 8  0.005066233687102795
12 64 0 8  0.023600080981850624
12 65 0 8  0.014456379227340221
12 66 0 8  0.005103037692606449
12 67 0 8  0.00495449174195528
12 68 0 8  0.008023628033697605
12 69 0 8  0.004786080680787563
12 70 0 8  0.00392751581966877
12 71 0 8  0.004836633801460266
12 72 0 8  0.004354764707386494
12 73 0 8  0.003964616451412439
13 15 0 8  0.9976402521133423
13 16 0 8  0.9968816041946411
13 17 0 8  0.9981774687767029
13 18 0 8  0.008650180883705616
13 19 0 8  0.004338777624070644
13 20 0 8  0.003930727019906044
13 21 0 8  0.004127655643969774
13 22 0 8  0.004196573980152607
13 23 0 8  0.0037700762040913105
13 24 0 8  0.0034333569929003716
13 25 0 8  0.0037132175639271736
13 26 0 8  0.003610423766076565
13 27 0 8  0.004958724603056908
13 28 0 8  0.004509754478931427
13 29 0 8  0.0044409651309251785
13 30 0 8  0.006375742144882679
13 31 0 8  0.006280950736254454
13 32 0 8  0.017690181732177734
13 33 0 8  0.012415255419909954
13 34 0 8  0.006684133782982826
13 35 0 8  0.020941222086548805
13 36 0 8  0.0540442019701004
13 37 0 8  0.011469521559774876
13 38 0 8  0.010304806753993034
13 39 0 8  0.07905200123786926
13 40 0 8  0.1802828311920166
13 41 0 8  0.01016424223780632
13 42 0 8  0.018346834927797318
13 43 0 8  0.4189581871032715
13 44 0 8  0.10534632205963135
13 45 0 8  0.03492070734500885
13 46 0 8  0.028760747984051704
13 47 0 8  0.027724534273147583
13 48 0 8  0.02242063544690609
13 49 0 8  0.031692489981651306
13 50 0 8  0.07803905010223389
13 51 0 8  0.01869339309632778
13 52 0 8  0.06928461790084839
13 53 0 8  0.009046017192304134
13 54 0 8  0.25059521198272705
13 55 0 8  0.008280426263809204
13 56 0 8  0.011057544499635696
13 57 0 8  0.5297375917434692
13 58 0 8  0.5642687678337097
13 59 0 8  0.01398865133523941
13 60 0 8  0.14259923994541168
13 61 0 8  0.683158814907074
13 62 0 8  0.07620662450790405
13 63 0 8  0.008644949644804
13 64 0 8  0.21026983857154846
13 65 0 8  0.21323218941688538
13 66 0 8  0.005769139155745506
13 67 0 8  0.008810608647763729
13 68 0 8  0.059487175196409225
13 69 0 8  0.013890370726585388
13 70 0 8  0.004519823472946882
13 71 0 8  0.008288648910820484
13 72 0 8  0.00902583822607994
13 73 0 8  0.00611340906471014
14 16 0 8  0.9975910782814026
14 17 0 8  0.9960733652114868
14 18 0 8  0.9978514909744263
14 19 0 8  0.0050117988139390945
14 20 0 8  0.00349410786293447
14 21 0 8  0.003996984101831913
14 22 0 8  0.0043749138712882996
14 23 0 8  0.0038826316595077515
14 24 0 8  0.0035599246621131897
14 25 0 8  0.003863672260195017
14 26 0 8  0.0037478837184607983
14 27 0 8  0.004963754676282406
14 28 0 8  0.00412425771355629
14 29 0 8  0.004425620194524527
14 30 0 8  0.005194353871047497
14 31 0 8  0.004939640872180462
14 32 0 8  0.019268278032541275
14 33 0 8  0.012080438435077667
14 34 0 8  0.007503330707550049
14 35 0 8  0.016690693795681
14 36 0 8  0.031157145276665688
14 37 0 8  0.007710175588726997
14 38 0 8  0.005821445025503635
14 39 0 8  0.010532182641327381
14 40 0 8  0.014354641549289227
14 41 0 8  0.005035245791077614
14 42 0 8  0.005522311665117741
14 43 0 8  0.020975902676582336
14 44 0 8  0.004929686430841684
14 45 0 8  0.005570800043642521
14 46 0 8  0.005437466315925121
14 47 0 8  0.005242086015641689
14 48 0 8  0.006966987159103155
14 49 0 8  0.007455808576196432
14 50 0 8  0.02616986259818077
14 51 0 8  0.007590568624436855
14 52 0 8  0.06080378592014313
14 53 0 8  0.0067935846745967865
14 54 0 8  0.12205900251865387
14 55 0 8  0.007311807945370674
14 56 0 8  0.012368321418762207
14 57 0 8  0.4461604952812195
14 58 0 8  0.3707766830921173
14 59 0 8  0.11734744906425476
14 60 0 8  0.36595022678375244
14 61 0 8  0.7767373323440552
14 62 0 8  0.3710629940032959
14 63 0 8  0.02738383412361145
14 64 0 8  0.7580699324607849
14 65 0 8  0.6311784982681274
14 66 0 8  0.009291903115808964
14 67 0 8  0.019927609711885452
14 68 0 8  0.22167091071605682
14 69 0 8  0.023625236004590988
14 70 0 8  0.005579931195825338
14 71 0 8  0.010572792030870914
14 72 0 8  0.010377207770943642
14 73 0 8  0.008078575134277344
15 17 0 8  0.9981900453567505
15 18 0 8  0.9969270825386047
15 19 0 8  0.9987137317657471
15 20 0 8  0.004329993389546871
15 21 0 8  0.003605371806770563
15 22 0 8  0.004333124030381441
15 23 0 8  0.004259360022842884
15 24 0 8  0.0036161828320473433
15 25 0 8  0.0034354154486209154
15 26 0 8  0.00328025477938354
15 27 0 8  0.005678408779203892
15 28 0 8  0.004295852035284042
15 29 0 8  0.005305541679263115
15 30 0 8  0.022166956216096878
15 31 0 8  0.015368609689176083
15 32 0 8  0.23374342918395996
15 33 0 8  0.059765830636024475
15 34 0 8  0.018453095108270645
15 35 0 8  0.20934776961803436
15 36 0 8  0.2404584437608719
15 37 0 8  0.018178533762693405
15 38 0 8  0.014415256679058075
15 39 0 8  0.21006745100021362
15 40 0 8  0.10432687401771545
15 41 0 8  0.00680186040699482
15 42 0 8  0.011388437822461128
15 43 0 8  0.16180971264839172
15 44 0 8  0.00794687308371067
15 45 0 8  0.007759616244584322
15 46 0 8  0.005860354285687208
15 47 0 8  0.005434206686913967
15 48 0 8  0.0068944948725402355
15 49 0 8  0.005951328668743372
15 50 0 8  0.024134565144777298
15 51 0 8  0.007635214366018772
15 52 0 8  0.05577603727579117
15 53 0 8  0.007024467922747135
15 54 0 8  0.026093509048223495
15 55 0 8  0.005162777379155159
15 56 0 8  0.00945211946964264
15 57 0 8  0.050144486129283905
15 58 0 8  0.01783880963921547
15 59 0 8  0.005262060556560755
15 60 0 8  0.021452482789754868
15 61 0 8  0.4510619044303894
15 62 0 8  0.035321589559316635
15 63 0 8  0.005587236490100622
15 64 0 8  0.17828324437141418
15 65 0 8  0.17616699635982513
15 66 0 8  0.005487971939146519
15 67 0 8  0.00592897180467844
15 68 0 8  0.0412275567650795
15 69 0 8  0.00809350423514843
15 70 0 8  0.0042342254891991615
15 71 0 8  0.00514606200158596
15 72 0 8  0.005270789377391338
15 73 0 8  0.004927163012325764
16 18 0 8  0.9974281787872314
16 19 0 8  0.9947041273117065
16 20 0 8  0.9985402822494507
16 21 0 8  0.004460591822862625
16 22 0 8  0.003657936118543148
16 23 0 8  0.0039725471287965775
16 24 0 8  0.0047149378806352615
16 25 0 8  0.0038722921162843704
16 26 0 8  0.004051219206303358
16 27 0 8  0.012778026983141899
16 28 0 8  0.007003340870141983
16 29 0 8  0.009761587716639042
16 30 0 8  0.033675651997327805
16 31 0 8  0.025834986940026283
16 32 0 8  0.30449411273002625
16 33 0 8  0.11128324270248413
16 34 0 8  0.01475938968360424
16 35 0 8  0.15491963922977448
16 36 0 8  0.5178674459457397
16 37 0 8  0.06740941852331161
16 38 0 8  0.01391943171620369
16 39 0 8  0.45042282342910767
16 40 0 8  0.4031999111175537
16 41 0 8  0.014726988039910793
16 42 0 8  0.03268148750066757
16 43 0 8  0.3676142692565918
16 44 0 8  0.04128779470920563
16 45 0 8  0.01522629614919424
16 46 0 8  0.012691332027316093
16 47 0 8  0.008232508786022663
16 48 0 8  0.006685805041342974
16 49 0 8  0.0065450542606413364
16 50 0 8  0.015652399510145187
16 51 0 8  0.005235319957137108
16 52 0 8  0.010270882397890091
16 53 0 8  0.004374868702143431
16 54 0 8  0.013310983777046204
16 55 0 8  0.0041525037959218025
16 56 0 8  0.00471101701259613
16 57 0 8  0.016116010025143623
16 58 0 8  0.05140049010515213
16 59 0 8  0.004663274623453617
16 60 0 8  0.005866267718374729
16 61 0 8  0.22182071208953857
16 62 0 8  0.010935597121715546
16 63 0 8  0.004866103641688824
16 64 0 8  0.03353571146726608
16 65 0 8  0.0728762075304985
16 66 0 8  0.005316602997481823
16 67 0 8  0.0053878286853432655
16 68 0 8  0.046969521790742874
16 69 0 8  0.005898390430957079
16 70 0 8  0.003914397209882736
16 71 0 8  0.0058011990040540695
16 72 0 8  0.007391586434096098
16 73 0 8  0.0063444143161177635
17 19 0 8  0.997023344039917
17 20 0 8  0.9957903027534485
17 21 0 8  0.9983316659927368
17 22 0 8  0.005515719763934612
17 23 0 8  0.0041110459715127945
17 24 0 8  0.005243991501629353
17 25 0 8  0.004660123493522406
17 26 0 8  0.0049480171874165535
17 27 0 8  0.011261356063187122
17 28 0 8  0.006926930043846369
17 29 0 8  0.009824395179748535
17 30 0 8  0.01269503217190504
17 31 0 8  0.009815468452870846
17 32 0 8  0.02893967181444168
17 33 0 8  0.01613692007958889
17 34 0 8  0.007423847913742065
17 35 0 8  0.011462951079010963
17 36 0 8  0.03586420789361
17 37 0 8  0.009080165065824986
17 38 0 8  0.005190795287489891
17 39 0 8  0.010632369667291641
17 40 0 8  0.047054752707481384
17 41 0 8  0.005112031474709511
17 42 0 8  0.004937106743454933
17 43 0 8  0.017401929944753647
17 44 0 8  0.007852502167224884
17 45 0 8  0.006752754095941782
17 46 0 8  0.006910860538482666
17 47 0 8  0.006743256933987141
17 48 0 8  0.006734376307576895
17 49 0 8  0.007040709722787142
17 50 0 8  0.014539356343448162
17 51 0 8  0.006504264660179615
17 52 0 8  0.02061346173286438
17 53 0 8  0.006409657187759876
17 54 0 8  0.04058210551738739
17 55 0 8  0.012596651911735535
17 56 0 8  0.009782201610505581
17 57 0 8  0.0859762504696846
17 58 0 8  0.3718724250793457
17 59 0 8  0.018147747963666916
17 60 0 8  0.03693496808409691
17 61 0 8  0.5760574340820312
17 62 0 8  0.44377362728118896
17 63 0 8  0.01720183715224266
17 64 0 8  0.34733182191848755
17 65 0 8  0.5816088914871216
17 66 0 8  0.03475559875369072
17 67 0 8  0.09169597923755646
17 68 0 8  0.43188393115997314
17 69 0 8  0.17156322300434113
17 70 0 8  0.012790286913514137
17 71 0 8  0.12082234770059586
17 72 0 8  0.17501264810562134
17 73 0 8  0.10025263577699661
18 20 0 8  0.9889316558837891
18 21 0 8  0.9841015934944153
18 22 0 8  0.9977881908416748
18 23 0 8  0.00851423665881157
18 24 0 8  0.004364086780697107
18 25 0 8  0.0037210131995379925
18 26 0 8  0.004245005082339048
18 27 0 8  0.011232525110244751
18 28 0 8  0.009108957834541798
18 29 0 8  0.008167978376150131
18 30 0 8  0.03438633680343628
18 31 0 8  0.011423321440815926
18 32 0 8  0.15094947814941406
18 33 0 8  0.03608512878417969
18 34 0 8  0.007674140855669975
18 35 0 8  0.02209099382162094
18 36 0 8  0.06445997953414917
18 37 0 8  0.005577347241342068
18 38 0 8  0.005808891728520393
18 39 0 8  0.01043243519961834
18 40 0 8  0.006829722318798304
18 41 0 8  0.0041188206523656845
18 42 0 8  0.004254518076777458
18 43 0 8  0.008550325408577919
18 44 0 8  0.003492939518764615
18 45 0 8  0.004068808164447546
18 46 0 8  0.003909302409738302
18 47 0 8  0.003930655308067799
18 48 0 8  0.004349628463387489
18 49 0 8  0.0043978579342365265
18 50 0 8  0.00880480743944645
18 51 0 8  0.0057430388405919075
18 52 0 8  0.04724758863449097
18 53 0 8  0.008044207468628883
18 54 0 8  0.026567155495285988
18 55 0 8  0.006701601669192314
18 56 0 8  0.030728455632925034
18 57 0 8  0.06364448368549347
18 58 0 8  0.031807299703359604
18 59 0 8  0.007083830889314413
18 60 0 8  0.11796313524246216
18 61 0 8  0.4679899215698242
18 62 0 8  0.20111536979675293
18 63 0 8  0.03492463380098343
18 64 0 8  0.6189607977867126
18 65 0 8  0.560667872428894
18 66 0 8  0.020091712474822998
18 67 0 8  0.03755282238125801
18 68 0 8  0.552799642086029
18 69 0 8  0.07386661320924759
18 70 0 8  0.005388003773987293
18 71 0 8  0.02469407021999359
18 72 0 8  0.0408780463039875
18 73 0 8  0.01806299015879631
19 21 0 8  0.961207926273346
19 22 0 8  0.9850468635559082
19 23 0 8  0.9967871904373169
19 24 0 8  0.016618894413113594
19 25 0 8  0.007154515478760004
19 26 0 8  0.007186348084360361
19 27 0 8  0.06615283340215683
19 28 0 8  0.11356991529464722
19 29 0 8  0.06886186450719833
19 30 0 8  0.29066234827041626
19 31 0 8  0.14558260142803192
19 32 0 8  0.6105601787567139
19 33 0 8  0.27257513999938965
19 34 0 8  0.029754552990198135
19 35 0 8  0.30225110054016113
19 36 0 8  0.46602004766464233
19 37 0 8  0.02716393768787384
19 38 0 8  0.011676980182528496
19 39 0 8  0.21527186036109924
19 40 0 8  0.07333218306303024
19 41 0 8  0.005872548557817936
19 42 0 8  0.007364380173385143
19 43 0 8  0.06957422941923141
19 44 0 8  0.006192575208842754
19 45 0 8  0.005122324451804161
19 46 0 8  0.004741976037621498
19 47 0 8  0.004280029330402613
19 48 0 8  0.004770948551595211
19 49 0 8  0.0047319382429122925
19 50 0 8  0.009535730816423893
19 51 0 8  0.006284219212830067
19 52 0 8  0.02404673956334591
19 53 0 8  0.009483848698437214
19 54 0 8  0.01632821187376976
19 55 0 8  0.0064818281680345535
19 56 0 8  0.0097280815243721
19 57 0 8  0.03171887621283531
19 58 0 8  0.0066622416488826275
19 59 0 8  0.003963215742260218
19 60 0 8  0.012469959445297718
19 61 0 8  0.020907361060380936
19 62 0 8  0.01386741641908884
19 63 0 8  0.004649813286960125
19 64 0 8  0.036006443202495575
19 65 0 8  0.013484294526278973
19 66 0 8  0.005093386396765709
19 67 0 8  0.00567120686173439
19 68 0 8  0.02493245340883732
19 69 0 8  0.006504623219370842
19 70 0 8  0.004168638959527016
19 71 0 8  0.007142422720789909
19 72 0 8  0.00752861425280571
19 73 0 8  0.008151737973093987
20 22 0 8  0.8960481286048889
20 23 0 8  0.926560640335083
20 24 0 8  0.9954568147659302
20 25 0 8  0.026264119893312454
20 26 0 8  0.021463753655552864
20 27 0 8  0.04609759524464607
20 28 0 8  0.03889133781194687
20 29 0 8  0.04436419904232025
20 30 0 8  0.10253183543682098
20 31 0 8  0.0402299202978611
20 32 0 8  0.23846298456192017
20 33 0 8  0.15313535928726196
20 34 0 8  0.014104338362812996
20 35 0 8  0.02445744350552559
20 36 0 8  0.1611085832118988
20 37 0 8  0.019746430218219757
20 38 0 8  0.005150764249265194
20 39 0 8  0.03159789741039276
20 40 0 8  0.05961163341999054
20 41 0 8  0.004801373463124037
20 42 0 8  0.004219509661197662
20 43 0 8  0.0079276692122221
20 44 0 8  0.005004410166293383
20 45 0 8  0.004558407235890627
20 46 0 8  0.0044020083732903
20 47 0 8  0.0045785121619701385
20 48 0 8  0.003986378200352192
20 49 0 8  0.004130010027438402
20 50 0 8  0.004807130433619022
20 51 0 8  0.004489276558160782
20 52 0 8  0.005512524861842394
20 53 0 8  0.005064826924353838
20 54 0 8  0.005847824737429619
20 55 0 8  0.005052477587014437
20 56 0 8  0.005198946222662926
20 57 0 8  0.00474882498383522
20 58 0 8  0.004662726074457169
20 59 0 8  0.004091855138540268
20 60 0 8  0.004313508979976177
20 61 0 8  0.004870738368481398
20 62 0 8  0.0066468073055148125
20 63 0 8  0.005034084431827068
20 64 0 8  0.008725417777895927
20 65 0 8  0.020354317501187325
20 66 0 8  0.005845966748893261
20 67 0 8  0.009587195701897144
20 68 0 8  0.07291802018880844
20 69 0 8  0.02332451194524765
20 70 0 8  0.004704797174781561
20 71 0 8  0.05086794123053551
20 72 0 8  0.09568905830383301
20 73 0 8  0.03903881460428238
21 23 0 8  0.727379322052002
21 24 0 8  0.8446241617202759
21 25 0 8  0.9932270050048828
21 26 0 8  0.07367297261953354
21 27 0 8  0.07712669670581818
21 28 0 8  0.025946423411369324
21 29 0 8  0.019161760807037354
21 30 0 8  0.03227223455905914
21 31 0 8  0.016368206590414047
21 32 0 8  0.031045999377965927
21 33 0 8  0.012478380464017391
21 34 0 8  0.005839928984642029
21 35 0 8  0.007724461145699024
21 36 0 8  0.0088519137352705
21 37 0 8  0.004225807264447212
21 38 0 8  0.004458370618522167
21 39 0 8  0.005834878422319889
21 40 0 8  0.004406373482197523
21 41 0 8  0.003751956159248948
21 42 0 8  0.004098382778465748
21 43 0 8  0.004175935406237841
21 44 0 8  0.0035766293294727802
21 45 0 8  0.003701080335304141
21 46 0 8  0.0038513224571943283
21 47 0 8  0.00400158204138279
21 48 0 8  0.004003264009952545
21 49 0 8  0.004345158115029335
21 50 0 8  0.0054637654684484005
21 51 0 8  0.005021011456847191
21 52 0 8  0.008123482577502728
21 53 0 8  0.006684976164251566
21 54 0 8  0.006803699303418398
21 55 0 8  0.00614405469968915
21 56 0 8  0.013338228687644005
21 57 0 8  0.008615237660706043
21 58 0 8  0.00639080535620451
21 59 0 8  0.006691755726933479
21 60 0 8  0.06767591834068298
21 61 0 8  0.012020234949886799
21 62 0 8  0.017292656004428864
21 63 0 8  0.03312487155199051
21 64 0 8  0.14634935557842255
21 65 0 8  0.13091139495372772
21 66 0 8  0.010140725411474705
21 67 0 8  0.11472029238939285
21 68 0 8  0.5115811824798584
21 69 0 8  0.1816663146018982
21 70 0 8  0.020174633711576462
21 71 0 8  0.24801000952720642
21 72 0 8  0.23950806260108948
21 73 0 8  0.1512678861618042
22 24 0 8  0.618757426738739
22 25 0 8  0.8264285326004028
22 26 0 8  0.9935184717178345
22 27 0 8  0.45278894901275635
22 28 0 8  0.41172176599502563
22 29 0 8  0.10289217531681061
22 30 0 8  0.37881070375442505
22 31 0 8  0.06805720180273056
22 32 0 8  0.33006182312965393
22 33 0 8  0.07818809151649475
22 34 0 8  0.00831449031829834
22 35 0 8  0.049411557614803314
22 36 0 8  0.08112743496894836
22 37 0 8  0.0055897533893585205
22 38 0 8  0.006379761733114719
22 39 0 8  0.013498290441930294
22 40 0 8  0.006225614808499813
22 41 0 8  0.004298575688153505
22 42 0 8  0.004620415158569813
22 43 0 8  0.007708842866122723
22 44 0 8  0.00433062668889761
22 45 0 8  0.004475058056414127
22 46 0 8  0.0045469109900295734
22 47 0 8  0.004255739040672779
22 48 0 8  0.004920018836855888
22 49 0 8  0.00460401177406311
22 50 0 8  0.011344952508807182
22 51 0 8  0.0064084636978805065
22 52 0 8  0.026907412335276604
22 53 0 8  0.014445417560636997
22 54 0 8  0.015229824930429459
22 55 0 8  0.008738111704587936
22 56 0 8  0.04191252589225769
22 57 0 8  0.0657307431101799
22 58 0 8  0.006615630351006985
22 59 0 8  0.00857290904968977
22 60 0 8  0.09732178598642349
22 61 0 8  0.022615913301706314
22 62 0 8  0.009965985082089901
22 63 0 8  0.02028229832649231
22 64 0 8  0.11069179326295853
22 65 0 8  0.028213728219270706
22 66 0 8  0.006855173036456108
22 67 0 8  0.04116911068558693
22 68 0 8  0.15643250942230225
22 69 0 8  0.020694373175501823
22 70 0 8  0.006460588425397873
22 71 0 8  0.05310257524251938
22 72 0 8  0.036412566900253296
22 73 0 8  0.0370992086827755
23 25 0 8  0.6023476123809814
23 26 0 8  0.6980443000793457
23 27 0 8  0.9903558492660522
23 28 0 8  0.6200146675109863
23 29 0 8  0.3835638165473938
23 30 0 8  0.5042220950126648
23 31 0 8  0.1550527811050415
23 32 0 8  0.44130879640579224
23 33 0 8  0.19913125038146973
23 34 0 8  0.014490572735667229
23 35 0 8  0.09219282865524292
23 36 0 8  0.16384366154670715
23 37 0 8  0.009278181940317154
23 38 0 8  0.006477345246821642
23 39 0 8  0.017525993287563324
23 40 0 8  0.010721420869231224
23 41 0 8  0.0054303682409226894
23 42 0 8  0.0046453336253762245
23 43 0 8  0.0064389873296022415
23 44 0 8  0.00506344810128212
23 45 0 8  0.004767891485244036
23 46 0 8  0.004944322165101767
23 47 0 8  0.005018017254769802
23 48 0 8  0.004780599847435951
23 49 0 8  0.004674616735428572
23 50 0 8  0.007054890505969524
23 51 0 8  0.005441679619252682
23 52 0 8  0.011880319565534592
23 53 0 8  0.008788477629423141
23 54 0 8  0.008535927161574364
23 55 0 8  0.0049971360713243484
23 56 0 8  0.012644406408071518
23 57 0 8  0.008232138119637966
23 58 0 8  0.004707879852503538
23 59 0 8  0.00458205072209239
23 60 0 8  0.013203179463744164
23 61 0 8  0.005049675703048706
23 62 0 8  0.005092507228255272
23 63 0 8  0.005655494052916765
23 64 0 8  0.01046830229461193
23 65 0 8  0.0051727211102843285
23 66 0 8  0.0046461219899356365
23 67 0 8  0.006759165320545435
23 68 0 8  0.0075693558901548386
23 69 0 8  0.005499887280166149
23 70 0 8  0.004388915840536356
23 71 0 8  0.010583540424704552
23 72 0 8  0.007371298503130674
23 73 0 8  0.0140097476541996
24 26 0 8  0.6034786701202393
24 27 0 8  0.7923926711082458
24 28 0 8  0.9866422414779663
24 29 0 8  0.11360637098550797
24 30 0 8  0.12696392834186554
24 31 0 8  0.025616098195314407
24 32 0 8  0.02706250175833702
24 33 0 8  0.016663460060954094
24 34 0 8  0.005046944133937359
24 35 0 8  0.006519654765725136
24 36 0 8  0.0058110905811190605
24 37 0 8  0.004608566872775555
24 38 0 8  0.004894675686955452
24 39 0 8  0.00494367815554142
24 40 0 8  0.0041809831745922565
24 41 0 8  0.004108430352061987
24 42 0 8  0.00404569786041975
24 43 0 8  0.004136997740715742
24 44 0 8  0.0043206168338656425
24 45 0 8  0.004277513362467289
24 46 0 8  0.004889565519988537
24 47 0 8  0.004563952796161175
24 48 0 8  0.004572810605168343
24 49 0 8  0.004442228469997644
24 50 0 8  0.005093441344797611
24 51 0 8  0.0047662509605288506
24 52 0 8  0.005294633097946644
24 53 0 8  0.005828940309584141
24 54 0 8  0.00539764016866684
24 55 0 8  0.004448032006621361
24 56 0 8  0.00835353136062622
24 57 0 8  0.0052369204349815845
24 58 0 8  0.004291686229407787
24 59 0 8  0.0048741791397333145
24 60 0 8  0.007177680730819702
24 61 0 8  0.004295706283301115
24 62 0 8  0.004907479975372553
24 63 0 8  0.006846287287771702
24 64 0 8  0.005709060467779636
24 65 0 8  0.004266431555151939
24 66 0 8  0.0043198103085160255
24 67 0 8  0.009698730893433094
24 68 0 8  0.009307099506258965
24 69 0 8  0.006444270722568035
24 70 0 8  0.005436411127448082
24 71 0 8  0.038894351571798325
24 72 0 8  0.030008086934685707
24 73 0 8  0.03633153811097145
25 27 0 8  0.6065348982810974
25 28 0 8  0.7852888107299805
25 29 0 8  0.9822491407394409
25 30 0 8  0.06666448712348938
25 31 0 8  0.015782073140144348
25 32 0 8  0.015395591035485268
25 33 0 8  0.00809936597943306
25 34 0 8  0.005403453484177589
25 35 0 8  0.008268292993307114
25 36 0 8  0.0055699776858091354
25 37 0 8  0.0042775897309184074
25 38 0 8  0.005099844187498093
25 39 0 8  0.0055971452966332436
25 40 0 8  0.004296527709811926
25 41 0 8  0.004215531051158905
25 42 0 8  0.004440713208168745
25 43 0 8  0.004599965643137693
25 44 0 8  0.005254046060144901
25 45 0 8  0.0049665626138448715
25 46 0 8  0.005666650831699371
25 47 0 8  0.005597293376922607
25 48 0 8  0.004990333691239357
25 49 0 8  0.00473441369831562
25 50 0 8  0.00525143975391984
25 51 0 8  0.00505436398088932
25 52 0 8  0.006912760436534882
25 53 0 8  0.006533595733344555
25 54 0 8  0.006231228820979595
25 55 0 8  0.005200099665671587
25 56 0 8  0.01341256033629179
25 57 0 8  0.00589439831674099
25 58 0 8  0.004782211501151323
25 59 0 8  0.007612112909555435
25 60 0 8  0.018531855195760727
25 61 0 8  0.005107903387397528
25 62 0 8  0.0049903211183846
25 63 0 8  0.011359388008713722
25 64 0 8  0.009676691144704819
25 65 0 8  0.004701781552284956
25 66 0 8  0.004414257127791643
25 67 0 8  0.024041667580604553
25 68 0 8  0.031508732587099075
25 69 0 8  0.007639658637344837
25 70 0 8  0.006606610491871834
25 71 0 8  0.057848140597343445
25 72 0 8  0.04094923660159111
25 73 0 8  0.0549355149269104
26 28 0 8  0.6012586951255798
26 29 0 8  0.7227799892425537
26 30 0 8  0.9819985032081604
26 31 0 8  0.029465345665812492
26 32 0 8  0.03649788349866867
26 33 0 8  0.007664850912988186
26 34 0 8  0.005996494088321924
26 35 0 8  0.022930623963475227
26 36 0 8  0.006462812423706055
26 37 0 8  0.004727892577648163
26 38 0 8  0.008066423237323761
26 39 0 8  0.009728693403303623
26 40 0 8  0.005149423144757748
26 41 0 8  0.00537501135841012
26 42 0 8  0.005003916099667549
26 43 0 8  0.00619786512106657
26 44 0 8  0.010127360001206398
26 45 0 8  0.009542718529701233
26 46 0 8  0.011196278035640717
26 47 0 8  0.01099410466849804
26 48 0 8  0.008165035396814346
26 49 0 8  0.0053430479019880295
26 50 0 8  0.005859345197677612
26 51 0 8  0.004474930465221405
26 52 0 8  0.007128712721168995
26 53 0 8  0.0060609327629208565
26 54 0 8  0.005910470616072416
26 55 0 8  0.004685800522565842
26 56 0 8  0.01182824932038784
26 57 0 8  0.006499546114355326
26 58 0 8  0.004673556424677372
26 59 0 8  0.006557958200573921
26 60 0 8  0.012529738247394562
26 61 0 8  0.005403981544077396
26 62 0 8  0.006862100213766098
26 63 0 8  0.008162802085280418
26 64 0 8  0.008742153644561768
26 65 0 8  0.004728582687675953
26 66 0 8  0.0048237270675599575
26 67 0 8  0.014861327596008778
26 68 0 8  0.007356833200901747
26 69 0 8  0.005167693365365267
26 70 0 8  0.005414948333054781
26 71 0 8  0.01207774318754673
26 72 0 8  0.008385255001485348
26 73 0 8  0.01881410926580429
27 29 0 8  0.5990382432937622
27 30 0 8  0.7015808820724487
27 31 0 8  0.9694809913635254
27 32 0 8  0.23674410581588745
27 33 0 8  0.06663431227207184
27 34 0 8  0.009821362793445587
27 35 0 8  0.060053400695323944
27 36 0 8  0.020713597536087036
27 37 0 8  0.005391998216509819
27 38 0 8  0.009118416346609592
27 39 0 8  0.01023266464471817
27 40 0 8  0.005322384648025036
27 41 0 8  0.005012065637856722
27 42 0 8  0.0048702554777264595
27 43 0 8  0.005742106586694717
27 44 0 8  0.006327725946903229
27 45 0 8  0.0059990547597408295
27 46 0 8  0.006856982596218586
27 47 0 8  0.007641918957233429
27 48 0 8  0.0068421862088143826
27 49 0 8  0.005546413827687502
27 50 0 8  0.008602173998951912
27 51 0 8  0.005931097082793713
27 52 0 8  0.01681174337863922
27 53 0 8  0.013617133721709251
27 54 0 8  0.013359425589442253
27 55 0 8  0.006913667544722557
27 56 0 8  0.021393129602074623
27 57 0 8  0.025042064487934113
27 58 0 8  0.007146897725760937
27 59 0 8  0.013094080612063408
27 60 0 8  0.033572204411029816
27 61 0 8  0.0160643570125103
27 62 0 8  0.0072132982313632965
27 63 0 8  0.010284237563610077
27 64 0 8  0.03455065190792084
27 65 0 8  0.010748494416475296
27 66 0 8  0.005445537623018026
27 67 0 8  0.025433629751205444
27 68 0 8  0.03769882023334503
27 69 0 8  0.010595448315143585
27 70 0 8  0.005705050192773342
27 71 0 8  0.016448870301246643
27 72 0 8  0.013263235799968243
27 73 0 8  0.023714840412139893
28 30 0 8  0.5988355278968811
28 31 0 8  0.6578405499458313
28 32 0 8  0.9416847229003906
28 33 0 8  0.0798804759979248
28 34 0 8  0.032546766102313995
28 35 0 8  0.05244188383221626
28 36 0 8  0.013369503431022167
28 37 0 8  0.00672725448384881
28 38 0 8  0.011889412999153137
28 39 0 8  0.008162646554410458
28 40 0 8  0.005602608434855938
28 41 0 8  0.00536625599488616
28 42 0 8  0.0050523774698376656
28 43 0 8  0.007554457988590002
28 44 0 8  0.0061754267662763596
28 45 0 8  0.006456042639911175
28 46 0 8  0.0070086270570755005
28 47 0 8  0.007671108469367027
28 48 0 8  0.00600807461887598
28 49 0 8  0.005465392954647541
28 50 0 8  0.006346730515360832
28 51 0 8  0.005521953571587801
28 52 0 8  0.009218527935445309
28 53 0 8  0.008939522318542004
28 54 0 8  0.010065756738185883
28 55 0 8  0.005852449685335159
28 56 0 8  0.01060265302658081
28 57 0 8  0.014302500523626804
28 58 0 8  0.006850257515907288
28 59 0 8  0.008257288485765457
28 60 0 8  0.016448723152279854
28 61 0 8  0.01085243932902813
28 62 0 8  0.005938183516263962
28 63 0 8  0.008422484621405602
28 64 0 8  0.02113349363207817
28 65 0 8  0.008170737884938717
28 66 0 8  0.005386621691286564
28 67 0 8  0.018769076094031334
28 68 0 8  0.018879296258091927
28 69 0 8  0.007122097071260214
28 70 0 8  0.00481586717069149
28 71 0 8  0.013198690488934517
28 72 0 8  0.011174330487847328
28 73 0 8  0.014985371381044388
29 31 0 8  0.5994635820388794
29 32 0 8  0.7045598030090332
29 33 0 8  0.9772859811782837
29 34 0 8  0.13058161735534668
29 35 0 8  0.2409149557352066
29 36 0 8  0.011513748206198215
29 37 0 8  0.012083844281733036
29 38 0 8  0.04642515629529953
29 39 0 8  0.014597278088331223
29 40 0 8  0.008956363424658775
29 41 0 8  0.007186926901340485
29 42 0 8  0.0080897631123662
29 43 0 8  0.017124779522418976
29 44 0 8  0.025242771953344345
29 45 0 8  0.01773720048367977
29 46 0 8  0.02665223926305771
29 47 0 8  0.027058007195591927
29 48 0 8  0.008837766014039516
29 49 0 8  0.006676413584500551
29 50 0 8  0.008716550655663013
29 51 0 8  0.0054689692333340645
29 52 0 8  0.005368356592953205
29 53 0 8  0.0057965172454714775
29 54 0 8  0.007313396316021681
29 55 0 8  0.004926162306219339
29 56 0 8  0.005537473596632481
29 57 0 8  0.008154371753334999
29 58 0 8  0.006589198485016823
29 59 0 8  0.005736890248954296
29 60 0 8  0.00848761573433876
29 61 0 8  0.008054789155721664
29 62 0 8  0.0061502475291490555
29 63 0 8  0.006190260872244835
29 64 0 8  0.01127381157130003
29 65 0 8  0.007159367203712463
29 66 0 8  0.004883378744125366
29 67 0 8  0.01427572499960661
29 68 0 8  0.011521879583597183
29 69 0 8  0.005563786253333092
29 70 0 8  0.004713630303740501
29 71 0 8  0.010109921917319298
29 72 0 8  0.007555524818599224
29 73 0 8  0.009910829365253448
30 32 0 8  0.6044707298278809
30 33 0 8  0.8345978260040283
30 34 0 8  0.9747840166091919
30 35 0 8  0.5735028386116028
30 36 0 8  0.13065552711486816
30 37 0 8  0.012194214388728142
30 38 0 8  0.08572100847959518
30 39 0 8  0.016898591071367264
30 40 0 8  0.01097379345446825
30 41 0 8  0.005387909710407257
30 42 0 8  0.006705703213810921
30 43 0 8  0.01879471354186535
30 44 0 8  0.01752435602247715
30 45 0 8  0.010602300055325031
30 46 0 8  0.022236501798033714
30 47 0 8  0.019596273079514503
30 48 0 8  0.009361034259200096
30 49 0 8  0.008000903762876987
30 50 0 8  0.015117357484996319
30 51 0 8  0.006806187331676483
30 52 0 8  0.008432403206825256
30 53 0 8  0.008643158711493015
30 54 0 8  0.013572059571743011
30 55 0 8  0.006179919932037592
30 56 0 8  0.007916154339909554
30 57 0 8  0.01906435564160347
30 58 0 8  0.009341930039227009
30 59 0 8  0.007419053930789232
30 60 0 8  0.01428535208106041
30 61 0 8  0.014170179143548012
30 62 0 8  0.006012514233589172
30 63 0 8  0.008197318762540817
30 64 0 8  0.025057293474674225
30 65 0 8  0.012876708060503006
30 66 0 8  0.00675557367503643
30 67 0 8  0.02498530223965645
30 68 0 8  0.03682643175125122
30 69 0 8  0.01068916916847229
30 70 0 8  0.006278598681092262
30 71 0 8  0.016266461461782455
30 72 0 8  0.01068163476884365
30 73 0 8  0.010105045512318611
31 33 0 8  0.6539141535758972
31 34 0 8  0.9184958934783936
31 35 0 8  0.9790735244750977
31 36 0 8  0.022235702723264694
31 37 0 8  0.005317077040672302
31 38 0 8  0.007064326666295528
31 39 0 8  0.005098691210150719
31 40 0 8  0.0044928425922989845
31 41 0 8  0.004187938291579485
31 42 0 8  0.0042372033931314945
31 43 0 8  0.005228747148066759
31 44 0 8  0.004808785393834114
31 45 0 8  0.00470901932567358
31 46 0 8  0.005735384300351143
31 47 0 8  0.005882832687348127
31 48 0 8  0.004968331195414066
31 49 0 8  0.005300870630890131
31 50 0 8  0.005199731327593327
31 51 0 8  0.004874557722359896
31 52 0 8  0.005143790505826473
31 53 0 8  0.0056920405477285385
31 54 0 8  0.006112026982009411
31 55 0 8  0.004525175783783197
31 56 0 8  0.005256992764770985
31 57 0 8  0.00917961448431015
31 58 0 8  0.005535949487239122
31 59 0 8  0.004938839934766293
31 60 0 8  0.011033305898308754
31 61 0 8  0.01014464907348156
31 62 0 8  0.005166049115359783
31 63 0 8  0.009664504788815975
31 64 0 8  0.019992424175143242
31 65 0 8  0.0071298712864518166
31 66 0 8  0.005353058688342571
31 67 0 8  0.02545998804271221
31 68 0 8  0.015403373166918755
31 69 0 8  0.006313543301075697
31 70 0 8  0.004877958446741104
31 71 0 8  0.012564495205879211
31 72 0 8  0.009315121918916702
31 73 0 8  0.010179910808801651
32 34 0 8  0.6891105771064758
32 35 0 8  0.9230937957763672
32 36 0 8  0.993439257144928
32 37 0 8  0.008808712475001812
32 38 0 8  0.00456385500729084
32 39 0 8  0.005106608849018812
32 40 0 8  0.006659800186753273
32 41 0 8  0.0047656940296292305
32 42 0 8  0.006112070754170418
32 43 0 8  0.07991549372673035
32 44 0 8  0.01021397951990366
32 45 0 8  0.005668971687555313
32 46 0 8  0.009557824581861496
32 47 0 8  0.01202755980193615
32 48 0 8  0.006080717779695988
32 49 0 8  0.005951156839728355
32 50 0 8  0.015294782817363739
32 51 0 8  0.007300196681171656
32 52 0 8  0.015447492711246014
32 53 0 8  0.014292942360043526
32 54 0 8  0.027889050543308258
32 55 0 8  0.006134659983217716
32 56 0 8  0.015138259157538414
32 57 0 8  0.05942518264055252
32 58 0 8  0.012706764973700047
32 59 0 8  0.005947308614850044
32 60 0 8  0.04609674587845802
32 61 0 8  0.05326910316944122
32 62 0 8  0.00837082602083683
32 63 0 8  0.025896068662405014
32 64 0 8  0.12663112580776215
32 65 0 8  0.04995160922408104
32 66 0 8  0.006099279038608074
32 67 0 8  0.061414677649736404
32 68 0 8  0.09236547350883484
32 69 0 8  0.01779048517346382
32 70 0 8  0.004845230840146542
32 71 0 8  0.011602718383073807
32 72 0 8  0.008985849097371101
32 73 0 8  0.007068901788443327
33 35 0 8  0.7748769521713257
33 36 0 8  0.926962673664093
33 37 0 8  0.9959700107574463
33 38 0 8  0.007922308519482613
33 39 0 8  0.004816262051463127
33 40 0 8  0.048525407910346985
33 41 0 8  0.008756356313824654
33 42 0 8  0.011635322123765945
33 43 0 8  0.20073655247688293
33 44 0 8  0.07706589996814728
33 45 0 8  0.022643854841589928
33 46 0 8  0.03618793189525604
33 47 0 8  0.026213543489575386
33 48 0 8  0.011804444715380669
33 49 0 8  0.009617033414542675
33 50 0 8  0.031205717474222183
33 51 0 8  0.012813987210392952
33 52 0 8  0.024338696151971817
33 53 0 8  0.01579071395099163
33 54 0 8  0.04244234412908554
33 55 0 8  0.008561807684600353
33 56 0 8  0.0072670551016926765
33 57 0 8  0.0339897982776165
33 58 0 8  0.01638789102435112
33 59 0 8  0.005228733643889427
33 60 0 8  0.011509694159030914
33 61 0 8  0.028590401634573936
33 62 0 8  0.006971158552914858
33 63 0 8  0.007460765540599823
33 64 0 8  0.039701737463474274
33 65 0 8  0.03279825299978256
33 66 0 8  0.006709902547299862
33 67 0 8  0.018919318914413452
33 68 0 8  0.052351485937833786
33 69 0 8  0.021060146391391754
33 70 0 8  0.005261387676000595
33 71 0 8  0.008603721857070923
33 72 0 8  0.009074578061699867
33 73 0 8  0.006478316616266966
34 36 0 8  0.7354488968849182
34 37 0 8  0.7750709056854248
34 38 0 8  0.9757190942764282
34 39 0 8  0.01881759613752365
34 40 0 8  0.00835401937365532
34 41 0 8  0.005146925337612629
34 42 0 8  0.006941366009414196
34 43 0 8  0.014333514496684074
34 44 0 8  0.015590543858706951
34 45 0 8  0.007122356444597244
34 46 0 8  0.014446431770920753
34 47 0 8  0.010252420790493488
34 48 0 8  0.006058911792933941
34 49 0 8  0.005109055899083614
34 50 0 8  0.010285593569278717
34 51 0 8  0.005418512038886547
34 52 0 8  0.007063708268105984
34 53 0 8  0.005449228920042515
34 54 0 8  0.009347008541226387
34 55 0 8  0.005486388690769672
34 56 0 8  0.0057753389701247215
34 57 0 8  0.007714114151895046
34 58 0 8  0.006417751777917147
34 59 0 8  0.00464328657835722
34 60 0 8  0.01471952348947525
34 61 0 8  0.007405622862279415
34 62 0 8  0.004713011905550957
34 63 0 8  0.007390752900391817
34 64 0 8  0.018126655369997025
34 65 0 8  0.006234806962311268
34 66 0 8  0.0038712485693395138
34 67 0 8  0.011946601793169975
34 68 0 8  0.007969992235302925
34 69 0 8  0.005278946831822395
34 70 0 8  0.003826459404081106
34 71 0 8  0.004705105442553759
34 72 0 8  0.004833526909351349
34 73 0 8  0.0048724268563091755
35 37 0 8  0.7200403213500977
35 38 0 8  0.6811640858650208
35 39 0 8  0.9890859127044678
35 40 0 8  0.028728118166327477
35 41 0 8  0.011511865071952343
35 42 0 8  0.015560561791062355
35 43 0 8  0.03352304548025131
35 44 0 8  0.006353599019348621
35 45 0 8  0.005030528642237186
35 46 0 8  0.00574227049946785
35 47 0 8  0.004311040975153446
35 48 0 8  0.00484146224334836
35 49 0 8  0.0063036116771399975
35 50 0 8  0.010468896478414536
35 51 0 8  0.007457452826201916
35 52 0 8  0.010424450039863586
35 53 0 8  0.010803567245602608
35 54 0 8  0.010509112849831581
35 55 0 8  0.00574998464435339
35 56 0 8  0.015820909291505814
35 57 0 8  0.03740725293755531
35 58 0 8  0.006552839186042547
35 59 0 8  0.005502504296600819
35 60 0 8  0.05815960094332695
35 61 0 8  0.021598273888230324
35 62 0 8  0.005239724647253752
35 63 0 8  0.019651729613542557
35 64 0 8  0.09187358617782593
35 65 0 8  0.008064748719334602
35 66 0 8  0.004696595016866922
35 67 0 8  0.0296988133341074
35 68 0 8  0.015991881489753723
35 69 0 8  0.005999286659061909
35 70 0 8  0.004169630352407694
35 71 0 8  0.007438885048031807
35 72 0 8  0.007262891158461571
35 73 0 8  0.0065526594407856464
36 38 0 8  0.6184188723564148
36 39 0 8  0.7027351260185242
36 40 0 8  0.9899169206619263
36 41 0 8  0.05030393227934837
36 42 0 8  0.07291929423809052
36 43 0 8  0.3060355484485626
36 44 0 8  0.032323796302080154
36 45 0 8  0.009574312716722488
36 46 0 8  0.022141654044389725
36 47 0 8  0.0118503263220191
36 48 0 8  0.01124836876988411
36 49 0 8  0.011044549755752087
36 50 0 8  0.056756842881441116
36 51 0 8  0.01892123743891716
36 52 0 8  0.040118467062711716
36 53 0 8  0.025948908179998398
36 54 0 8  0.061863549053668976
36 55 0 8  0.008237022906541824
36 56 0 8  0.0173473060131073
36 57 0 8  0.09067274630069733
36 58 0 8  0.022283295169472694
36 59 0 8  0.0068473126739263535
36 60 0 8  0.10257625579833984
36 61 0 8  0.07001744210720062
36 62 0 8  0.008814364671707153
36 63 0 8  0.022945089265704155
36 64 0 8  0.15605060756206512
36 65 0 8  0.04408827796578407
36 66 0 8  0.005382835865020752
36 67 0 8  0.021413052454590797
36 68 0 8  0.043765611946582794
36 69 0 8  0.015534414909780025
36 70 0 8  0.004627130925655365
36 71 0 8  0.005446528550237417
36 72 0 8  0.006227322854101658
36 73 0 8  0.004532471299171448
37 39 0 8  0.6013293862342834
37 40 0 8  0.768659234046936
37 41 0 8  0.9784026145935059
37 42 0 8  0.07507612556219101
37 43 0 8  0.17531055212020874
37 44 0 8  0.07023834437131882
37 45 0 8  0.034721892327070236
37 46 0 8  0.03997284173965454
37 47 0 8  0.029756272211670876
37 48 0 8  0.01728994771838188
37 49 0 8  0.018315095454454422
37 50 0 8  0.05859074369072914
37 51 0 8  0.025132104754447937
37 52 0 8  0.029744233936071396
37 53 0 8  0.021618228405714035
37 54 0 8  0.032198481261730194
37 55 0 8  0.009698014706373215
37 56 0 8  0.007787666283547878
37 57 0 8  0.015807466581463814
37 58 0 8  0.015777168795466423
37 59 0 8  0.005747005809098482
37 60 0 8  0.021890144795179367
37 61 0 8  0.012573350220918655
37 62 0 8  0.00645565427839756
37 63 0 8  0.0073231481947004795
37 64 0 8  0.013357102870941162
37 65 0 8  0.006079892627894878
37 66 0 8  0.004147978499531746
37 67 0 8  0.005275679752230644
37 68 0 8  0.006540206260979176
37 69 0 8  0.006870719604194164
37 70 0 8  0.0044578369706869125
37 71 0 8  0.005472137592732906
37 72 0 8  0.007999559864401817
37 73 0 8  0.005899196024984121
38 40 0 8  0.5994433164596558
38 41 0 8  0.6120750904083252
38 42 0 8  0.9177895784378052
38 43 0 8  0.07521963119506836
38 44 0 8  0.014006552286446095
38 45 0 8  0.006710524205118418
38 46 0 8  0.01292313914746046
38 47 0 8  0.010321281850337982
38 48 0 8  0.012605797499418259
38 49 0 8  0.014506369829177856
38 50 0 8  0.020265914499759674
38 51 0 8  0.015690326690673828
38 52 0 8  0.01299993321299553
38 53 0 8  0.014809242449700832
38 54 0 8  0.013343194499611855
38 55 0 8  0.0075845299288630486
38 56 0 8  0.012355877086520195
38 57 0 8  0.017897116020321846
38 58 0 8  0.010197477415204048
38 59 0 8  0.006807168945670128
38 60 0 8  0.037209734320640564
38 61 0 8  0.010382579639554024
38 62 0 8  0.004824810661375523
38 63 0 8  0.007075740024447441
38 64 0 8  0.008064715191721916
38 65 0 8  0.004403857048600912
38 66 0 8  0.004127674736082554
38 67 0 8  0.0048682913184165955
38 68 0 8  0.005658985581248999
38 69 0 8  0.005312874913215637
38 70 0 8  0.004044810310006142
38 71 0 8  0.004337441176176071
38 72 0 8  0.005684885196387768
38 73 0 8  0.004760900512337685
39 41 0 8  0.5989858508110046
39 42 0 8  0.6056270599365234
39 43 0 8  0.972227931022644
39 44 0 8  0.029051078483462334
39 45 0 8  0.012019029818475246
39 46 0 8  0.017808416858315468
39 47 0 8  0.013937587849795818
39 48 0 8  0.016856994479894638
39 49 0 8  0.022206434980034828
39 50 0 8  0.032071974128484726
39 51 0 8  0.020720815286040306
39 52 0 8  0.019320201128721237
39 53 0 8  0.020700182765722275
39 54 0 8  0.021689828485250473
39 55 0 8  0.010027771815657616
39 56 0 8  0.02090984582901001
39 57 0 8  0.037011533975601196
39 58 0 8  0.018885649740695953
39 59 0 8  0.026882683858275414
39 60 0 8  0.12456925213336945
39 61 0 8  0.03999479115009308
39 62 0 8  0.009492391720414162
39 63 0 8  0.06223740428686142
39 64 0 8  0.07196164131164551
39 65 0 8  0.006470425054430962
39 66 0 8  0.0043829805217683315
39 67 0 8  0.015074227005243301
39 68 0 8  0.007343661971390247
39 69 0 8  0.006298262160271406
39 70 0 8  0.004269550088793039
39 71 0 8  0.00438260193914175
39 72 0 8  0.005225620232522488
39 73 0 8  0.005331162363290787
40 42 0 8  0.5976221561431885
40 43 0 8  0.6173795461654663
40 44 0 8  0.9384689331054688
40 45 0 8  0.03653836250305176
40 46 0 8  0.04859614372253418
40 47 0 8  0.03979262709617615
40 48 0 8  0.03639673441648483
40 49 0 8  0.03400079160928726
40 50 0 8  0.07096840441226959
40 51 0 8  0.03416493907570839
40 52 0 8  0.038590721786022186
40 53 0 8  0.0308730136603117
40 54 0 8  0.05002116039395332
40 55 0 8  0.019116001203656197
40 56 0 8  0.030444584786891937
40 57 0 8  0.0513162687420845
40 58 0 8  0.0404341034591198
40 59 0 8  0.030075255781412125
40 60 0 8  0.09914295375347137
40 61 0 8  0.03441045805811882
40 62 0 8  0.007315326947718859
40 63 0 8  0.023690523579716682
40 64 0 8  0.03420432284474373
40 65 0 8  0.006002193316817284
40 66 0 8  0.004689016379415989
40 67 0 8  0.00717859948053956
40 68 0 8  0.00877993181347847
40 69 0 8  0.0076810214668512344
40 70 0 8  0.004818251356482506
40 71 0 8  0.005068671889603138
40 72 0 8  0.007947536185383797
40 73 0 8  0.0066495612263679504
41 43 0 8  0.5957172513008118
41 44 0 8  0.610991358757019
41 45 0 8  0.9752708673477173
41 46 0 8  0.1351216435432434
41 47 0 8  0.08949320763349533
41 48 0 8  0.042028822004795074
41 49 0 8  0.03342871367931366
41 50 0 8  0.044455889612436295
41 51 0 8  0.021861204877495766
41 52 0 8  0.017402514815330505
41 53 0 8  0.018413692712783813
41 54 0 8  0.02066422812640667
41 55 0 8  0.015140486881136894
41 56 0 8  0.024552974849939346
41 57 0 8  0.02396657131612301
41 58 0 8  0.019108889624476433
41 59 0 8  0.018165942281484604
41 60 0 8  0.02800188772380352
41 61 0 8  0.006841650698333979
41 62 0 8  0.0038359288591891527
41 63 0 8  0.005615516100078821
41 64 0 8  0.004591930191963911
41 65 0 8  0.0037881205789744854
41 66 0 8  0.003934475593268871
41 67 0 8  0.0038484781980514526
41 68 0 8  0.004073886200785637
41 69 0 8  0.0045395768247544765
41 70 0 8  0.0037738154642283916
41 71 0 8  0.004357917699962854
41 72 0 8  0.005484155844897032
41 73 0 8  0.005156402941793203
42 44 0 8  0.5868562459945679
42 45 0 8  0.6077941656112671
42 46 0 8  0.8694207668304443
42 47 0 8  0.12190009653568268
42 48 0 8  0.062460653483867645
42 49 0 8  0.05302443727850914
42 50 0 8  0.0654667317867279
42 51 0 8  0.02809295803308487
42 52 0 8  0.02783564105629921
42 53 0 8  0.030468598008155823
42 54 0 8  0.03892301395535469
42 55 0 8  0.026799170300364494
42 56 0 8  0.07065696269273758
42 57 0 8  0.04785953462123871
42 58 0 8  0.022634200751781464
42 59 0 8  0.03087632916867733
42 60 0 8  0.03699257969856262
42 61 0 8  0.00852011889219284
42 62 0 8  0.00446977186948061
42 63 0 8  0.007305815815925598
42 64 0 8  0.006529511883854866
42 65 0 8  0.003877701237797737
42 66 0 8  0.00370000465773046
42 67 0 8  0.004021866712719202
42 68 0 8  0.004498894792050123
42 69 0 8  0.004249966703355312
42 70 0 8  0.003768427297472954
42 71 0 8  0.004176730755716562
42 72 0 8  0.004544278606772423
42 73 0 8  0.004756124224513769
43 45 0 8  0.5767889022827148
43 46 0 8  0.6162297129631042
43 47 0 8  0.8259952664375305
43 48 0 8  0.07218977808952332
43 49 0 8  0.06370961666107178
43 50 0 8  0.10690224170684814
43 51 0 8  0.04124178737401962
43 52 0 8  0.06251440942287445
43 53 0 8  0.06262186169624329
43 54 0 8  0.12480753660202026
43 55 0 8  0.055387645959854126
43 56 0 8  0.07164063304662704
43 57 0 8  0.13554590940475464
43 58 0 8  0.03653349727392197
43 59 0 8  0.025215456262230873
43 60 0 8  0.04643736034631729
43 61 0 8  0.016940457746386528
43 62 0 8  0.004816473927348852
43 63 0 8  0.006521623581647873
43 64 0 8  0.015387588180601597
43 65 0 8  0.005852613598108292
43 66 0 8  0.004539416171610355
43 67 0 8  0.005067580379545689
43 68 0 8  0.010589409619569778
43 69 0 8  0.007255971431732178
43 70 0 8  0.004461909644305706
43 71 0 8  0.004864972550421953
43 72 0 8  0.005725735332816839
43 73 0 8  0.006014050915837288
44 46 0 8  0.5904341340065002
44 47 0 8  0.6142386198043823
44 48 0 8  0.8751752972602844
44 49 0 8  0.079145148396492
44 50 0 8  0.0823248028755188
44 51 0 8  0.0363478921353817
44 52 0 8  0.04526124522089958
44 53 0 8  0.052066221833229065
44 54 0 8  0.0987163633108139
44 55 0 8  0.06338278204202652
44 56 0 8  0.04297862946987152
44 57 0 8  0.01889551803469658
44 58 0 8  0.010007344186306
44 59 0 8  0.0065103936940431595
44 60 0 8  0.006934838369488716
44 61 0 8  0.00450189458206296
44 62 0 8  0.00391847500577569
44 63 0 8  0.0036405555438250303
44 64 0 8  0.0036317971535027027
44 65 0 8  0.003652602666988969
44 66 0 8  0.004001921508461237
44 67 0 8  0.003497492056339979
44 68 0 8  0.0039358180947601795
44 69 0 8  0.004270586185157299
44 70 0 8  0.0036821765825152397
44 71 0 8  0.004896253347396851
44 72 0 8  0.005629062652587891
44 73 0 8  0.005793183110654354
45 47 0 8  0.5947479605674744
45 48 0 8  0.6063802242279053
45 49 0 8  0.8692633509635925
45 50 0 8  0.08846515417098999
45 51 0 8  0.033000629395246506
45 52 0 8  0.03205215185880661
45 53 0 8  0.05168455094099045
45 54 0 8  0.0567772313952446
45 55 0 8  0.04883584380149841
45 56 0 8  0.027467995882034302
45 57 0 8  0.011690228246152401
45 58 0 8  0.005700729321688414
45 59 0 8  0.004784799180924892
45 60 0 8  0.005492106080055237
45 61 0 8  0.0046376571990549564
45 62 0 8  0.003988581709563732
45 63 0 8  0.0037053225096315145
45 64 0 8  0.0039062416180968285
45 65 0 8  0.003890390507876873
45 66 0 8  0.003819543868303299
45 67 0 8  0.0038306773640215397
45 68 0 8  0.004459790885448456
45 69 0 8  0.00448979064822197
45 70 0 8  0.0038960452657192945
45 71 0 8  0.004129484295845032
45 72 0 8  0.00415710499510169
45 73 0 8  0.0048144799657166
46 48 0 8  0.5837889909744263
46 49 0 8  0.6019328832626343
46 50 0 8  0.9105018377304077
46 51 0 8  0.06874901056289673
46 52 0 8  0.07611013948917389
46 53 0 8  0.09049378335475922
46 54 0 8  0.07507185637950897
46 55 0 8  0.04047343134880066
46 56 0 8  0.023728027939796448
46 57 0 8  0.015417391434311867
46 58 0 8  0.005343258380889893
46 59 0 8  0.00422309897840023
46 60 0 8  0.005742358043789864
46 61 0 8  0.004326925612986088
46 62 0 8  0.0036949669010937214
46 63 0 8  0.0037346379831433296
46 64 0 8  0.004099237732589245
46 65 0 8  0.003962771967053413
46 66 0 8  0.004005490802228451
46 67 0 8  0.0038906801491975784
46 68 0 8  0.004646871238946915
46 69 0 8  0.004385050386190414
46 70 0 8  0.0037991963326931
46 71 0 8  0.00446249358355999
46 72 0 8  0.004802062176167965
46 73 0 8  0.004408384207636118
47 49 0 8  0.5849112272262573
47 50 0 8  0.6004384160041809
47 51 0 8  0.9475306272506714
47 52 0 8  0.21948085725307465
47 53 0 8  0.17462417483329773
47 54 0 8  0.13484224677085876
47 55 0 8  0.04947690665721893
47 56 0 8  0.02948124334216118
47 57 0 8  0.028673868626356125
47 58 0 8  0.006463201716542244
47 59 0 8  0.004619635175913572
47 60 0 8  0.006271693855524063
47 61 0 8  0.004755818285048008
47 62 0 8  0.004003268666565418
47 63 0 8  0.0037456261925399303
47 64 0 8  0.003998998552560806
47 65 0 8  0.003959092311561108
47 66 0 8  0.0037670000456273556
47 67 0 8  0.0037073050625622272
47 68 0 8  0.004092328250408173
47 69 0 8  0.004095172509551048
47 70 0 8  0.0036530746147036552
47 71 0 8  0.0038604415021836758
47 72 0 8  0.003779888618737459
47 73 0 8  0.003814020659774542
48 50 0 8  0.5848639607429504
48 51 0 8  0.6001433730125427
48 52 0 8  0.923446774482727
48 53 0 8  0.13854798674583435
48 54 0 8  0.11126101762056351
48 55 0 8  0.03418364003300667
48 56 0 8  0.023638378828763962
48 57 0 8  0.02469087764620781
48 58 0 8  0.005106628872454166
48 59 0 8  0.004437655210494995
48 60 0 8  0.005679826717823744
48 61 0 8  0.004547669552266598
48 62 0 8  0.003990675322711468
48 63 0 8  0.0036591761745512486
48 64 0 8  0.0041059087961912155
48 65 0 8  0.003990679048001766
48 66 0 8  0.0037140212953090668
48 67 0 8  0.0039059650152921677
48 68 0 8  0.004107343964278698
48 69 0 8  0.004190479405224323
48 70 0 8  0.0038419081829488277
48 71 0 8  0.0039044192526489496
48 72 0 8  0.003951238933950663
48 73 0 8  0.0037869038060307503
49 51 0 8  0.5898361206054688
49 52 0 8  0.6002651453018188
49 53 0 8  0.8814237117767334
49 54 0 8  0.10573673248291016
49 55 0 8  0.010790582746267319
49 56 0 8  0.009799213148653507
49 57 0 8  0.035304926335811615
49 58 0 8  0.005024027545005083
49 59 0 8  0.004198690876364708
49 60 0 8  0.005307712126523256
49 61 0 8  0.004480976611375809
49 62 0 8  0.0038474274333566427
49 63 0 8  0.0037800860591232777
49 64 0 8  0.003908783197402954
49 65 0 8  0.0037081725895404816
49 66 0 8  0.0038415209855884314
49 67 0 8  0.003817087970674038
49 68 0 8  0.004006236791610718
49 69 0 8  0.0038282377645373344
49 70 0 8  0.0037544891238212585
49 71 0 8  0.003885925281792879
49 72 0 8  0.003871933091431856
49 73 0 8  0.0036532471422106028
50 52 0 8  0.5880006551742554
50 53 0 8  0.5996317267417908
50 54 0 8  0.8589736223220825
50 55 0 8  0.02184787392616272
50 56 0 8  0.01498403400182724
50 57 0 8  0.03726690262556076
50 58 0 8  0.005604906938970089
50 59 0 8  0.00452521163970232
50 60 0 8  0.008431104011833668
50 61 0 8  0.00505514070391655
50 62 0 8  0.004026853479444981
50 63 0 8  0.003824429353699088
50 64 0 8  0.004914411343634129
50 65 0 8  0.004280570894479752
50 66 0 8  0.003789220005273819
50 67 0 8  0.003859987948089838
50 68 0 8  0.005050774663686752
50 69 0 8  0.004275069572031498
50 70 0 8  0.003670673817396164
50 71 0 8  0.004011914599686861
50 72 0 8  0.00390715803951025
50 73 0 8  0.003764323890209198
51 53 0 8  0.5776805281639099
51 54 0 8  0.600683867931366
51 55 0 8  0.8669941425323486
51 56 0 8  0.027561182156205177
51 57 0 8  0.018305812031030655
51 58 0 8  0.004940691404044628
51 59 0 8  0.0045251864939928055
51 60 0 8  0.004950007423758507
51 61 0 8  0.0038716839626431465
51 62 0 8  0.0039017547387629747
51 63 0 8  0.0038860850036144257
51 64 0 8  0.003681968664750457
51 65 0 8  0.0037901639007031918
51 66 0 8  0.003758327104151249
51 67 0 8  0.0036890720948576927
51 68 0 8  0.004072713665664196
51 69 0 8  0.004084710497409105
51 70 0 8  0.003769763745367527
51 71 0 8  0.004141446202993393
51 72 0 8  0.0040003457106649876
51 73 0 8  0.0038915814366191626
52 54 0 8  0.5601040124893188
52 55 0 8  0.6035159826278687
52 56 0 8  0.8803409934043884
52 57 0 8  0.37672996520996094
52 58 0 8  0.011017684824764729
52 59 0 8  0.006264617200940847
52 60 0 8  0.10892839729785919
52 61 0 8  0.006212575826793909
52 62 0 8  0.004376952536404133
52 63 0 8  0.003948761150240898
52 64 0 8  0.006095193792134523
52 65 0 8  0.005329817067831755
52 66 0 8  0.0037970636039972305
52 67 0 8  0.00384490261785686
52 68 0 8  0.005166329443454742
52 69 0 8  0.00410534767434001
52 70 0 8  0.0037754354998469353
52 71 0 8  0.003961024805903435
52 72 0 8  0.0037586698308587074
52 73 0 8  0.0035263542085886
53 55 0 8  0.5598687529563904
53 56 0 8  0.6263982653617859
53 57 0 8  0.886145830154419
53 58 0 8  0.01620396412909031
53 59 0 8  0.004415626637637615
53 60 0 8  0.005651623941957951
53 61 0 8  0.004286236595362425
53 62 0 8  0.004099058918654919
53 63 0 8  0.0034601532388478518
53 64 0 8  0.003513676580041647
53 65 0 8  0.003927700221538544
53 66 0 8  0.003677705070003867
53 67 0 8  0.0038151885382831097
53 68 0 8  0.003896211739629507
53 69 0 8  0.0037862379103899
53 70 0 8  0.003670183941721916
53 71 0 8  0.0039154780097305775
53 72 0 8  0.003803796600550413
53 73 0 8  0.0035233735106885433
54 56 0 8  0.601510226726532
54 57 0 8  0.7668647766113281
54 58 0 8  0.9569990634918213
54 59 0 8  0.016899725422263145
54 60 0 8  0.00628533074632287
54 61 0 8  0.006106706336140633
54 62 0 8  0.005216371733695269
54 63 0 8  0.004235055297613144
54 64 0 8  0.0056776078417897224
54 65 0 8  0.006995765492320061
54 66 0 8  0.004265264607965946
54 67 0 8  0.004025320056825876
54 68 0 8  0.004801669158041477
54 69 0 8  0.004313950426876545
54 70 0 8  0.0038465114776045084
54 71 0 8  0.004092445131391287
54 72 0 8  0.0038546891883015633
54 73 0 8  0.003594506997615099
55 57 0 8  0.7425456047058105
55 58 0 8  0.8845140933990479
55 59 0 8  0.9821919202804565
55 60 0 8  0.051203154027462006
55 61 0 8  0.004712787922471762
55 62 0 8  0.004681388381868601
55 63 0 8  0.004856564104557037
55 64 0 8  0.004918147809803486
55 65 0 8  0.004724069498479366
55 66 0 8  0.003933976404368877
55 67 0 8  0.004294656217098236
55 68 0 8  0.0037993283476680517
55 69 0 8  0.0038544246926903725
55 70 0 8  0.003653037128970027
55 71 0 8  0.003957656212151051
55 72 0 8  0.0036303321830928326
55 73 0 8  0.003456608857959509
56 58 0 8  0.8890949487686157
56 59 0 8  0.9059721827507019
56 60 0 8  0.9894653558731079
56 61 0 8  0.017413269728422165
56 62 0 8  0.004730207845568657
56 63 0 8  0.0040756771340966225
56 64 0 8  0.006594135891646147
56 65 0 8  0.0051002781838178635
56 66 0 8  0.00400321651250124
56 67 0 8  0.003599038813263178
56 68 0 8  0.004127711523324251
56 69 0 8  0.004046992398798466
56 70 0 8  0.0035158584360033274
56 71 0 8  0.0038326559588313103
56 72 0 8  0.0036925743333995342
56 73 0 8  0.0033871610648930073
57 59 0 8  0.9016685485839844
57 60 0 8  0.9677027463912964
57 61 0 8  0.9955043792724609
57 62 0 8  0.017684752121567726
57 63 0 8  0.004522222094237804
57 64 0 8  0.00732136145234108
57 65 0 8  0.008171763271093369
57 66 0 8  0.004134095273911953
57 67 0 8  0.0041440920904278755
57 68 0 8  0.0041495636105537415
57 69 0 8  0.004120193887501955
57 70 0 8  0.0035837404429912567
57 71 0 8  0.0038758444134145975
57 72 0 8  0.003628094680607319
57 73 0 8  0.0033326088450849056
58 60 0 8  0.9861390590667725
58 61 0 8  0.9949220418930054
58 62 0 8  0.9974015951156616
58 63 0 8  0.00851095374673605
58 64 0 8  0.005208971910178661
58 65 0 8  0.005871196277439594
58 66 0 8  0.005038377828896046
58 67 0 8  0.004224345088005066
58 68 0 8  0.004216521978378296
58 69 0 8  0.004148698411881924
58 70 0 8  0.0040576565079391
58 71 0 8  0.004256959538906813
58 72 0 8  0.0038618810940533876
58 73 0 8  0.003564656712114811
59 61 0 8  0.9980010390281677
59 62 0 8  0.9980435371398926
59 63 0 8  0.9984255433082581
59 64 0 8  0.008351440541446209
59 65 0 8  0.004017609171569347
59 66 0 8  0.004060505423694849
59 67 0 8  0.003450774122029543
59 68 0 8  0.00411321222782135
59 69 0 8  0.00413630623370409
59 70 0 8  0.0035998241510242224
59 71 0 8  0.0041063092648983
59 72 0 8  0.0037199901416897774
59 73 0 8  0.003454590681940317
60 62 0 8  0.9983541369438171
60 63 0 8  0.9982335567474365
60 64 0 8  0.9976260662078857
60 65 0 8  0.010181009769439697
60 66 0 8  0.00395030016079545
60 67 0 8  0.004261236637830734
60 68 0 8  0.004414857365190983
60 69 0 8  0.0041932761669158936
60 70 0 8  0.0034711859188973904
60 71 0 8  0.0038700378499925137
60 72 0 8  0.0037292344495654106
60 73 0 8  0.0034229974262416363
61 63 0 8  0.9983617067337036
61 64 0 8  0.9977176785469055
61 65 0 8  0.9970477819442749
61 66 0 8  0.0050445254892110825
61 67 0 8  0.0037713581696152687
61 68 0 8  0.004357672296464443
61 69 0 8  0.005055791698396206
61 70 0 8  0.004212507046759129
61 71 0 8  0.004211555700749159
61 72 0 8  0.0035852030850946903
61 73 0 8  0.0034003357868641615
62 64 0 8  0.998206377029419
62 65 0 8  0.9942994117736816
62 66 0 8  0.9979071617126465
62 67 0 8  0.004388335160911083
62 68 0 8  0.0038317879661917686
62 69 0 8  0.004433353431522846
62 70 0 8  0.004435067996382713
62 71 0 8  0.004673908464610577
62 72 0 8  0.004563373513519764
62 73 0 8  0.003971455618739128
63 65 0 8  0.9953064918518066
63 66 0 8  0.9918315410614014
63 67 0 8  0.9967018365859985
63 68 0 8  0.004263566341251135
63 69 0 8  0.0040153274312615395
63 70 0 8  0.003619351889938116
63 71 0 8  0.004221640527248383
63 72 0 8  0.004251956008374691
63 73 0 8  0.005082876421511173
64 66 0 8  0.9473196268081665
64 67 0 8  0.9803330302238464
64 68 0 8  0.9966047406196594
64 69 0 8  0.006377252750098705
64 70 0 8  0.003866549115628004
64 71 0 8  0.0042835017666220665
64 72 0 8  0.005322176963090897
64 73 0 8  0.009071202017366886
65 67 0 8  0.8985311388969421
65 68 0 8  0.922083854675293
65 69 0 8  0.9954683780670166
65 70 0 8  0.008321837522089481
65 71 0 8  0.0054490878246724606
65 72 0 8  0.00652033556252718
65 73 0 8  0.013239393010735512
66 68 0 8  0.8940715789794922
66 69 0 8  0.8881416320800781
66 70 0 8  0.9909801483154297
66 71 0 8  0.03228052705526352
66 72 0 8  0.0265341829508543
66 73 0 8  0.019822577014565468
67 69 0 8  0.8741220235824585
67 70 0 8  0.8606753945350647
67 71 0 8  0.9893729090690613
67 72 0 8  0.09152469038963318
67 73 0 8  0.07822367548942566
68 70 0 8  0.8462073802947998
68 71 0 8  0.8768684267997742
68 72 0 8  0.9859879016876221
68 73 0 8  0.08008844405412674
69 71 0 8  0.7845049500465393
69 72 0 8  0.8419777154922485
69 73 0 8  0.9363715052604675
70 72 0 8  0.6686487793922424
70 73 0 8  0.782081127166748
71 73 0 8  0.5855035185813904
