1   M C 152.3  -95.1  133.6  115.8  175.9  3.6  4.6 0.995 0.001 0.003
2   D C 119.4  -89.8  126.1  112.3 -129.4  2.7  8.1 0.994 0.001 0.005
3   S C  85.0  -68.5  -23.1   96.6 -147.3  3.6  8.4 0.942 0.051 0.007
4   N C 121.7  -71.7  -26.6   95.3   55.7  1.3 12.0 0.939 0.054 0.007
5   T C  91.0  -74.1  -29.5   97.0   57.6  2.0 12.9 0.705 0.155 0.140
6   V C  60.8  -72.1  -34.5   97.4   60.5  8.7 10.3 0.446 0.333 0.222
7   S H  53.0  -66.8  -38.3   94.6   56.7  7.9 14.3 0.344 0.356 0.301
8   S H  65.9  -66.4  -37.9   93.4   53.6  3.5 17.0 0.292 0.359 0.350
9   F E 112.4  -66.7  -38.5   93.3   52.6  3.5 17.6 0.240 0.291 0.469
10  Q E  85.2  -67.2  -38.5   93.8   52.0  5.9 17.2 0.241 0.213 0.546
11  V E  39.7  -66.0  -40.5   94.0   52.6 13.9 16.4 0.217 0.381 0.402
12  D H  71.1  -66.2  -38.3   94.0   52.7  7.7 18.9 0.280 0.432 0.288
13  C H  64.2  -67.2  -38.8   93.8   51.7  4.9 19.5 0.261 0.606 0.133
14  F H  65.6  -67.0  -39.8   94.2   50.8  9.5 18.5 0.117 0.758 0.125
15  L H  49.2  -65.6  -40.3   94.1   51.4 12.7 17.8 0.058 0.872 0.070
16  W H 124.4  -66.0  -38.9   93.7   51.9  6.2 19.1 0.038 0.893 0.069
17  H H  89.9  -66.7  -39.3   93.2   50.6  4.7 20.6 0.031 0.890 0.078
18  V H  32.9  -66.9  -40.0   93.8   50.6 13.5 16.7 0.036 0.896 0.068
19  R H  89.4  -65.8  -38.4   93.7   52.1 11.5 17.6 0.054 0.906 0.040
20  K H 116.0  -66.6  -37.2   93.0   51.1  3.6 19.0 0.073 0.896 0.031
21  Q H  92.4  -68.5  -36.8   93.2   49.9  4.4 19.2 0.120 0.857 0.023
22  V H  33.8  -70.8  -35.5   94.9   49.1 14.0 13.4 0.165 0.810 0.025
23  V H  59.7  -68.5  -35.0   95.3   54.0 11.2 14.2 0.324 0.660 0.016
24  D C 106.8  -74.9  -19.2   95.2   52.1  2.1 15.3 0.539 0.457 0.004
25  Q C 109.2  -84.1   -5.2   99.4   56.2  4.7 12.3 0.732 0.263 0.005
26  E C 143.4   50.5   26.6   98.6 -108.2  2.9 15.7 0.863 0.128 0.010
27  L C  73.7  -84.0   -9.9   99.6  128.3 11.1 11.4 0.848 0.130 0.023
28  G C  38.1   22.7  -34.3  107.3   40.1  8.9 14.7 0.854 0.093 0.053
29  D C  80.9  -86.0   79.9  107.7   74.0  6.8 16.2 0.834 0.146 0.020
30  A H  60.7  -65.3  -32.7   96.5 -157.4  7.9 14.4 0.305 0.694 0.001
31  P H  78.4  -67.2  -37.2   93.9   52.4  3.9 18.1 0.224 0.774 0.002
32  F H  43.3  -67.0  -39.7   94.0   51.2 13.7 15.4 0.084 0.914 0.002
33  L H  59.0  -64.1  -39.9   93.2   52.8 12.0 16.7 0.035 0.964 0.001
34  D H  87.4  -65.8  -38.9   92.9   51.6  2.7 19.5 0.044 0.955 0.001
35  R H 108.0  -67.0  -38.8   92.8   50.1  4.5 19.2 0.056 0.944 0.000
36  L H  28.5  -65.7  -41.2   93.8   51.2 16.3 15.1 0.045 0.954 0.000
37  R H 108.6  -65.3  -38.9   93.8   52.0  8.2 18.2 0.098 0.902 0.000
38  R H 129.7  -66.5  -38.4   92.9   50.8  2.7 19.8 0.131 0.869 0.000
39  D H  52.0  -68.3  -37.4   93.9   50.6  9.3 17.4 0.146 0.853 0.000
40  Q H  62.7  -64.9  -39.5   93.6   52.8 13.4 15.8 0.092 0.907 0.000
41  K H 123.0  -65.7  -37.9   92.8   52.2  2.9 18.2 0.097 0.902 0.001
42  S H  64.2  -68.2  -35.9   92.7   50.3  3.4 18.2 0.145 0.853 0.001
43  L H  44.3  -71.3  -33.0   95.1   51.6 13.6 12.9 0.145 0.854 0.001
44  R H 121.1  -66.2  -35.1   94.4   55.3  7.4 15.6 0.198 0.800 0.002
45  G H  50.3  -56.8  -14.7   99.0   41.2  3.2 17.2 0.311 0.688 0.001
46  R H 112.3  -82.1  -12.2  101.6   63.9  7.8 12.9 0.295 0.702 0.003
47  G H  31.8  -61.8  -80.0  108.4   89.7 11.3 13.9 0.291 0.707 0.002
48  S H  80.2  -71.0  -24.4   96.4   38.1  3.1 15.4 0.318 0.680 0.002
49  T H  86.3  -77.5  -24.2   97.3   52.3  3.9 14.5 0.422 0.569 0.009
50  L C  67.9  -88.5   -2.1   99.6   52.3 11.4 11.0 0.719 0.263 0.018
51  G C  52.7   74.9   17.8  100.2 -108.6  3.4 17.8 0.977 0.008 0.015
52  L C  36.7  -96.0  137.5  119.4  161.2 18.8  9.7 0.957 0.003 0.040
53  N C  92.7  -83.5  120.0  109.7 -122.5  3.6 22.3 0.978 0.014 0.007
54  I H  48.2  -60.8  -35.6   91.0 -147.2 19.7 11.7 0.092 0.908 0.000
55  E H 121.3  -63.9  -37.9   92.1   57.0  3.2 19.6 0.023 0.977 0.000
56  A H  54.9  -66.9  -38.9   92.9   50.5  4.0 20.4 0.013 0.987 0.000
57  A H  14.5  -65.9  -41.3   93.7   51.0 17.7 15.0 0.011 0.989 0.000
58  T H  36.3  -64.0  -40.2   93.2   52.6 15.1 18.2 0.018 0.982 0.000
59  H H 111.1  -65.0  -39.4   92.2   51.1  3.2 23.5 0.013 0.987 0.000
60  V H  46.8  -66.7  -40.4   93.3   50.1  8.9 21.3 0.005 0.995 0.000
61  G H   7.0  -64.1  -42.7   93.8   50.5 20.8 16.9 0.007 0.993 0.000
62  K H  91.6  -64.6  -39.7   93.3   52.0  9.6 21.3 0.006 0.994 0.000
63  Q H  93.4  -65.7  -39.6   92.2   49.6  3.3 23.4 0.008 0.992 0.000
64  I H  24.1  -65.9  -42.3   93.2   49.4 14.6 18.0 0.005 0.995 0.000
65  V H  23.7  -64.6  -41.2   93.4   50.4 17.9 16.5 0.006 0.994 0.000
66  E H 101.4  -66.4  -38.4   93.4   51.2  4.9 19.4 0.010 0.990 0.000
67  K H 109.0  -67.9  -37.4   92.8   49.9  3.9 18.2 0.031 0.969 0.000
68  I H  43.4  -69.9  -37.4   94.4   48.9 13.0 13.3 0.116 0.884 0.001
69  L H  80.0  -73.3  -30.0   96.1   50.0  9.1 12.9 0.358 0.640 0.002
70  K C 148.5  -76.1  -22.1   96.8   52.6  1.8 12.2 0.586 0.410 0.005
71  E C 133.0  -85.7   -1.4  101.5   53.7  3.1  9.4 0.828 0.164 0.008
72  E C 144.1  -85.7   38.3  105.4   78.4  3.3  7.7 0.970 0.024 0.006
73  D C 133.4  -81.3   64.3  104.6  -27.2  1.2  7.9 0.998 0.002 0.000
