1 0.395322066
2 0.393938278
3 0.394892265
4 0.393537615
5 0.393929325
6 0.392769245
7 0.392497581
8 0.392480368
9 0.393463317
10 0.394156351
11 0.395661519
12 0.396914726
13 0.396961950
14 0.396652567
15 0.398083820
16 0.399842858
17 0.400115395
18 0.400566799
19 0.399972537
20 0.399928357
21 0.400591931
22 0.401795393
23 0.403808766
24 0.403689718
25 0.405345248
26 0.406255312
27 0.405839835
28 0.406177377
29 0.407662039
30 0.407933768
31 0.409883458
32 0.409631308
33 0.410292037
34 0.410553627
35 0.410111844
36 0.411258733
37 0.411750746
38 0.413625181
39 0.413132715
40 0.414392231
41 0.414042555
42 0.414393739
43 0.415304574
44 0.414676599
45 0.415678648
46 0.415760373
47 0.416088045
48 0.416053158
49 0.416790144
50 0.417734344
51 0.418183282
52 0.419218433
53 0.419326163
54 0.419282769
55 0.418835559
56 0.418766773
57 0.418949081
58 0.420110040
59 0.421284872
60 0.420337686
61 0.422132372
62 0.423297619
63 0.424132775
64 0.424305563
65 0.422846192
66 0.425656693
67 0.426803073
68 0.424981639
69 0.426954894
70 0.429980363
71 0.429776877
72 0.429536445
73 0.428906329
74 0.430501771
75 0.431999632
76 0.430875595
77 0.429991041
78 0.429084324
79 0.428433490
80 0.429740651
81 0.429401763
82 0.429710343
83 0.430385948
84 0.429067876
85 0.430626687
86 0.431960053
87 0.432446029
88 0.431587347
89 0.431274907
90 0.431913010
91 0.433287826
92 0.432966654
93 0.432259619
94 0.432143573
95 0.432826064
96 0.433404850
97 0.433551359
98 0.433314606
99 0.434145049
100 0.433865178
101 0.435167492
102 0.434330918
103 0.436065619
104 0.436356021
105 0.435576912
106 0.437840743
107 0.436340327
108 0.436518806
109 0.436707413
110 0.435691977
111 0.436675919
112 0.436289459
113 0.436821300
114 0.436385026
115 0.437493400
116 0.438516737
117 0.438329860
118 0.437790562
119 0.438448940
120 0.438015335
121 0.438146147
122 0.439083275
123 0.437377253
124 0.438255107
125 0.438186533
126 0.439286762
127 0.439277606
128 0.439534129
129 0.439510108
130 0.438808486
131 0.439329788
132 0.437207902
133 0.438189369
134 0.439055784
135 0.439223712
136 0.439069954
137 0.438517212
138 0.439603855
139 0.439855396
140 0.439919291
141 0.441149157
142 0.439739413
143 0.440690233
144 0.440787586
145 0.441353620
146 0.439837072
147 0.441334091
148 0.441843453
149 0.440538123
150 0.440667639
151 0.441180849
152 0.442219770
153 0.441616785
154 0.441081932
155 0.441479806
156 0.441225212
157 0.441992275
158 0.440811891
159 0.441213171
160 0.442300230
161 0.442632881
162 0.442428345
163 0.443504866
164 0.442458383
165 0.441526985
166 0.442258176
167 0.441932144
168 0.443212216
169 0.442916191
170 0.441998777
171 0.443108920
172 0.443275012
173 0.443526853
174 0.443867342
175 0.443899652
176 0.444269298
177 0.444107912
178 0.444203547
179 0.444537871
180 0.445260874
181 0.444927828
182 0.444569557
183 0.444755543
184 0.444595577
185 0.444397296
186 0.444392925
187 0.444309321
188 0.444499621
189 0.443806180
190 0.444768668
191 0.443144292
192 0.445124223
193 0.444255889
194 0.443418659
195 0.444241202
196 0.444307805
197 0.445021044
198 0.444280499
199 0.444854340
200 0.444025389
201 0.443990830
202 0.444649900
203 0.444392177
204 0.444563290
205 0.444919954
206 0.444739027
207 0.443637680
208 0.444597976
209 0.444197173
210 0.444641310
211 0.444212222
212 0.444703423
213 0.444135025
214 0.443600512
215 0.443748409
216 0.443691569
217 0.444991841
218 0.444845747
219 0.442774376
220 0.442882987
221 0.443139739
222 0.443549475
223 0.443855608
224 0.444393000
225 0.443226129
226 0.443283494
227 0.443900340
228 0.443184994
229 0.444078594
230 0.444444774
231 0.444604898
232 0.444154344
233 0.443829166
234 0.444846757
235 0.444651872
236 0.444579794
237 0.445605130
238 0.445204921
239 0.444124783
240 0.443798992
241 0.445177492
242 0.445604469
243 0.444434331
244 0.444403313
245 0.444886469
246 0.443772953
247 0.444872984
248 0.443501382
249 0.443982266
250 0.445831142
251 0.444485104
252 0.444840890
253 0.442912032
254 0.443325424
255 0.445363420
256 0.444566893
257 0.445051235
258 0.445481670
259 0.445903394
260 0.444936284
261 0.444824872
262 0.445178018
263 0.444295554
264 0.445384833
265 0.445422304
266 0.445796135
267 0.445066760
268 0.445628748
269 0.445146393
270 0.444738503
271 0.445610044
272 0.445046295
273 0.445467878
274 0.445419852
275 0.445079026
276 0.444558289
277 0.445320366
278 0.446573985
279 0.446272738
280 0.446033526
281 0.445838984
282 0.446817650
283 0.446240892
284 0.445951993
285 0.446797319
286 0.447114975
287 0.445682067
288 0.446299845
289 0.445621624
290 0.446011909
291 0.447191665
292 0.446253049
293 0.445288717
294 0.445318166
295 0.445777938
296 0.445778685
297 0.445770026
298 0.445580098
299 0.445572828
300 0.446328903
301 0.446175006
302 0.447386760
303 0.447449726
304 0.446242810
305 0.446335416
306 0.444954044
307 0.445655616
308 0.445267416
309 0.445943296
310 0.445847153
311 0.445987138
312 0.446291326
313 0.445797084
314 0.446489893
315 0.446590250
316 0.446433594
317 0.446604600
318 0.446572730
319 0.445829622
320 0.446177168
321 0.445957990
322 0.446753471
323 0.447979969
324 0.447698270
325 0.446558198
326 0.446616043
327 0.446707827
328 0.445067916
329 0.447249396
330 0.447372886
331 0.446800644
332 0.446398002
333 0.446396446
334 0.446482934
335 0.447860056
336 0.447106157
337 0.445824556
338 0.445440814
339 0.446005551
340 0.445491274
341 0.445603826
342 0.445462286
343 0.445033421
344 0.446028423
345 0.444688681
346 0.446215150
347 0.445720617
348 0.445182854
349 0.445079500
350 0.443620067
351 0.444612742
352 0.444800306
353 0.445041807
354 0.445386200
355 0.444391816
356 0.444767833
357 0.445056416
358 0.445702299
359 0.446349514
360 0.445862586
361 0.445113535
362 0.445670091
363 0.444218343
364 0.444808317
365 0.445910296
366 0.445237091
367 0.444184920
368 0.444994508
369 0.446228603
370 0.446503849
371 0.446062758
372 0.445856989
373 0.446048460
374 0.446226811
375 0.446216614
376 0.446471452
377 0.446279352
378 0.445704347
379 0.446309047
380 0.446185125
381 0.445132287
382 0.446631721
383 0.447406114
384 0.445964429
385 0.446215192
386 0.446041582
387 0.445351035
388 0.445275905
389 0.445531006
390 0.444827357
391 0.446274415
392 0.445452721
393 0.446329358
394 0.445594126
395 0.444871043
396 0.446740842
397 0.446179336
398 0.447093363
399 0.446958905
400 0.446962312
401 0.447589212
402 0.446559977
403 0.447254962
404 0.446409310
405 0.446366432
406 0.445636326
407 0.446171301
408 0.446378740
409 0.444697331
410 0.444474382
411 0.445338931
412 0.444975795
413 0.445628019
414 0.445561948
415 0.445430312
416 0.444432850
417 0.443230324
418 0.444010568
419 0.445370118
420 0.445805088
421 0.445682489
422 0.446011271
423 0.445689811
424 0.445647679
425 0.445766980
426 0.446376148
427 0.446097113
428 0.447074385
429 0.445550997
430 0.447446692
431 0.446892188
432 0.445970935
433 0.446401820
434 0.446398759
435 0.446618223
436 0.447046090
437 0.446720333
438 0.445659245
439 0.445900012
440 0.445515003
441 0.446393002
442 0.446523570
443 0.445810693
444 0.444953520
445 0.445629077
446 0.444649548
447 0.445772740
448 0.445607884
449 0.444242893
450 0.444998666
451 0.446418592
452 0.446589363
453 0.446213802
454 0.446459484
455 0.445815809
456 0.445606341
457 0.446305531
458 0.445624944
459 0.445610353
460 0.446650987
461 0.446178434
462 0.446001930
463 0.446347451
464 0.445717484
465 0.447003435
466 0.446000883
467 0.446827820
468 0.446009272
469 0.445051845
470 0.445999580
471 0.446136216
472 0.445765652
473 0.445309090
474 0.446325810
475 0.445563956
476 0.446544844
477 0.445985003
478 0.445718512
479 0.445631105
480 0.445327884
481 0.446331901
482 0.447323170
483 0.446401773
484 0.446390490
485 0.446252828
486 0.446224277
487 0.447528414
488 0.447878935
489 0.447347470
490 0.446401305
491 0.446781841
492 0.445758025
493 0.446462087
494 0.446619645
495 0.447583797
496 0.446107624
497 0.446869445
498 0.446748542
499 0.446991085
500 0.448153259
501 0.446640981
502 0.446530307
503 0.446816611
504 0.447255432
505 0.445775434
506 0.445059791
507 0.445704927
508 0.446445215
509 0.446631659
510 0.446259536
511 0.445906046
512 0.445285878
513 0.446030539
514 0.445857619
515 0.446000538
516 0.445967172
517 0.444623602
518 0.445489231
519 0.445375888
520 0.444357962
521 0.444103393
522 0.444276761
523 0.443940178
524 0.444058936
525 0.444739092
526 0.443901565
527 0.443596100
528 0.443594826
529 0.444079539
530 0.443953217
531 0.442924175
532 0.444578506
533 0.444447638
534 0.443055508
535 0.442392092
536 0.442981053
537 0.441520108
538 0.441776619
539 0.441647502
540 0.440319409
541 0.441017668
542 0.439795953
543 0.440147790
544 0.440386196
545 0.440076923
546 0.439281574
547 0.438581451
548 0.438497745
549 0.440045694
550 0.438212140
551 0.438844068
552 0.438669257
553 0.438493846
554 0.437440826
555 0.438943508
556 0.437311875
557 0.438255985
558 0.437375297
559 0.437003751
560 0.436787858
561 0.435962650
562 0.435659780
563 0.435078688
564 0.435152051
565 0.435006951
566 0.435146700
567 0.434230110
568 0.435723463
569 0.435166861
570 0.434651636
571 0.433733224
572 0.434622894
573 0.433381304
574 0.433571167
575 0.433277427
576 0.431616454
577 0.431053035
578 0.430708242
579 0.430873362
580 0.431356786
581 0.431639050
582 0.430962895
583 0.429490976
584 0.428644991
585 0.428436156
586 0.428909609
587 0.430443029
588 0.429108695
589 0.428882205
590 0.428508723
591 0.428009726
592 0.428459274
593 0.426644140
594 0.427164062
595 0.426084420
596 0.425366158
597 0.426577058
598 0.426263014
599 0.424676184
600 0.424509611
601 0.424128436
602 0.425074325
603 0.423947880
604 0.423918236
605 0.424029866
606 0.422254102
607 0.422906245
608 0.422203179
609 0.421756649
610 0.421661917
611 0.421710570
612 0.421732966
613 0.421081360
614 0.420569869
615 0.419892683
616 0.420468582
617 0.419725281
618 0.418470244
619 0.418552795
620 0.417797467
621 0.418047269
622 0.416930832
623 0.417065151
624 0.417205863
625 0.417166508
626 0.416616925
627 0.415280276
628 0.415888803
629 0.416426231
630 0.414469528
631 0.415613915
632 0.413447319
633 0.413268089
634 0.411250463
635 0.411641312
636 0.411479795
637 0.412165129
638 0.411058301
639 0.411773017
640 0.410399886
641 0.409992188
642 0.410802990
643 0.410034738
644 0.409843631
645 0.410151676
646 0.409367043
647 0.408745243
648 0.409005876
649 0.407408021
650 0.405800200
651 0.407491294
652 0.406049803
653 0.405396005
654 0.406268731
655 0.406212077
656 0.405578086
657 0.404654417
658 0.404479985
659 0.404123268
660 0.402890425
661 0.404345189
662 0.402775014
663 0.402057309
664 0.400777203
665 0.402013954
666 0.402258975
667 0.401428285
668 0.401120999
669 0.400470279
670 0.400743601
671 0.401213767
672 0.400040399
673 0.400651207
674 0.400372618
675 0.400549300
676 0.399987792
677 0.399717036
678 0.400902965
679 0.400249840
680 0.398952551
681 0.397328376
682 0.397765896
683 0.396872970
684 0.397009703
685 0.396913809
686 0.394777851
687 0.395902583
688 0.395084021
689 0.396638717
690 0.395228233
691 0.395273398
692 0.393643520
693 0.394094175
694 0.393917344
695 0.392571355
696 0.394051988
697 0.392062230
698 0.392581817
699 0.390506798
700 0.391064775
701 0.390621167
702 0.390883114
703 0.390214190
704 0.389032704
705 0.389194304
706 0.387615491
707 0.386528726
708 0.387558032
709 0.388374524
710 0.386481616
711 0.387328499
712 0.387646100
713 0.387316907
714 0.386791252
715 0.386228901
716 0.386473985
717 0.385717119
718 0.385098727
719 0.385741899
720 0.384722179
721 0.383682717
722 0.382301587
723 0.383315815
724 0.381620883
725 0.381847017
726 0.381936181
727 0.380956838
728 0.379909224
729 0.379657517
730 0.380349473
731 0.379305717
732 0.379209189
733 0.378906119
734 0.378243142
735 0.377699634
736 0.377278221
737 0.378272790
738 0.378052441
739 0.376509230
740 0.376467052
741 0.377366766
742 0.377551970
743 0.375592226
744 0.375944894
745 0.375539877
746 0.373559384
747 0.374605973
748 0.374524556
749 0.374078195
750 0.373597412
751 0.373518260
752 0.373852778
753 0.374384319
754 0.374220781
755 0.373796038
756 0.374125181
757 0.374567324
758 0.373124295
759 0.373541268
760 0.373621478
761 0.374447283
762 0.374416912
763 0.374373670
764 0.374006124
765 0.374322970
766 0.373938908
767 0.374358163
768 0.375084844
769 0.374861155
770 0.373976310
771 0.373411489
772 0.373535489
773 0.372646739
774 0.373010227
775 0.373987975
776 0.374179131
777 0.372967095
778 0.373580646
779 0.373071970
780 0.373674379
781 0.374252469
782 0.375042895
783 0.374988153
784 0.372738205
785 0.372706839
786 0.373203354
787 0.373561788
788 0.372757621
789 0.372752942
790 0.372493134
791 0.373232625
792 0.373854218
793 0.374212418
794 0.372186427
795 0.372745897
796 0.372633312
797 0.372747286
798 0.373157272
799 0.373626780
800 0.373500366
801 0.372484588
802 0.373562447
803 0.372168840
804 0.373086982
805 0.371634017
806 0.371557831
807 0.372036010
808 0.371249031
809 0.371984020
810 0.371677997
811 0.372143745
812 0.371672763
813 0.373218367
814 0.373582977
815 0.372736718
816 0.373425935
817 0.373051974
818 0.373204775
819 0.372162553
820 0.371740636
821 0.372069253
822 0.372089821
823 0.372789195
824 0.371470488
825 0.370863047
826 0.371850349
827 0.371068287
828 0.371593266
829 0.371483890
830 0.370736105
831 0.371812536
832 0.371377845
833 0.372590619
834 0.371989600
835 0.373072918
836 0.371716587
837 0.371543505
838 0.371983165
839 0.372445921
840 0.371790374
841 0.371205966
842 0.371741772
843 0.372359016
844 0.372981298
845 0.370927127
846 0.372809394
847 0.373171118
848 0.371820957
849 0.373192136
850 0.373262168
851 0.371944031
852 0.372354069
853 0.374139823
854 0.373208560
855 0.372892945
856 0.373360194
857 0.373532772
858 0.372644572
859 0.373257013
860 0.372911656
861 0.372823774
862 0.371982696
863 0.372434434
864 0.371440208
865 0.371915188
866 0.371540003
867 0.371982903
868 0.371971965
869 0.372299528
870 0.371706043
871 0.371343202
872 0.372870949
873 0.371763355
874 0.371660962
875 0.370701954
876 0.371930626
877 0.371189339
878 0.371827374
879 0.370979227
880 0.372086002
881 0.370643094
882 0.371610455
883 0.370829345
884 0.371661255
885 0.372174847
886 0.372608454
887 0.372403764
888 0.373039201
889 0.372502101
890 0.372327499
891 0.371334192
892 0.372397942
893 0.371461133
894 0.371498791
895 0.371278519
896 0.371761910
897 0.370546820
898 0.370802299
899 0.371298752
900 0.371346381
901 0.370866149
902 0.370904857
903 0.372073182
904 0.370817390
905 0.370776893
906 0.371782126
907 0.370828196
908 0.370487037
909 0.370348042
910 0.372235689
911 0.371517695
912 0.372089077
913 0.371759717
914 0.372228172
915 0.373293487
916 0.371615950
917 0.372363820
918 0.371731160
919 0.372535262
920 0.371127875
921 0.371165296
922 0.371246504
923 0.371640854
924 0.372875504
925 0.372639055
926 0.371942597
927 0.371064656
928 0.371666523
929 0.371591548
930 0.370930983
931 0.372768376
932 0.371509351
933 0.370760627
934 0.370892331
935 0.371243731
936 0.371593931
937 0.371594666
938 0.370883312
939 0.370755228
940 0.370425542
941 0.372229177
942 0.371434521
943 0.370827604
944 0.371758510
945 0.371905109
946 0.371662103
947 0.372129123
948 0.371411998
949 0.370878457
950 0.372302801
951 0.372490726
952 0.373639377
953 0.373035067
954 0.371848769
955 0.370341337
956 0.370551118
957 0.372158077
958 0.371068652
959 0.370806211
960 0.370065616
961 0.371175099
962 0.371017588
963 0.371104605
964 0.371714834
965 0.373163327
966 0.372398531
967 0.371864564
968 0.371585876
969 0.371924627
970 0.372214808
971 0.371709783
972 0.372477953
973 0.371300539
974 0.372571906
975 0.372175397
976 0.372896961
977 0.373343039
978 0.372340943
979 0.371153634
980 0.371989395
981 0.373605432
982 0.372923283
983 0.372246305
984 0.372035366
985 0.371944748
986 0.373119073
987 0.372876720
988 0.372778976
989 0.373030575
990 0.371414828
991 0.371621998
992 0.373021591
993 0.371381039
994 0.372787611
995 0.371905859
996 0.372139846
997 0.372107626
998 0.372536707
999 0.372203112
1000 0.372617210
1001 0.111754200
1002 0.108375503
1003 0.271745385
1004 0.311043717
1005 0.309235739
1006 0.305455324
1007 0.300868486
1008 0.296315320
1009 0.293314557
1010 0.292291370
1011 0.291762847
1012 0.289729962
1013 0.288059810
1014 0.285755123
1015 0.283531721
1016 0.282603374
1017 0.282180404
1018 0.281425912
1019 0.282006902
1020 0.281510784
1021 0.278884269
1022 0.278315426
1023 0.277625778
1024 0.277602918
1025 0.276723798
1026 0.276431602
1027 0.276425465
1028 0.275816659
1029 0.275630722
1030 0.274148189
1031 0.274189052
1032 0.272887100
1033 0.275019438
1034 0.274131893
1035 0.273251043
1036 0.273248810
1037 0.272938218
1038 0.271974729
1039 0.272337233
1040 0.272872522
1041 0.271352372
1042 0.271162839
1043 0.270949336
1044 0.272927634
1045 0.271143220
1046 0.269259415
1047 0.270357002
1048 0.269369780
1049 0.269034762
1050 0.269785775
1051 0.269098780
1052 0.270366724
1053 0.271208120
1054 0.270003794
1055 0.270365617
1056 0.269448556
1057 0.269450022
1058 0.270104443
1059 0.269220642
1060 0.269845220
1061 0.269126954
1062 0.269799127
1063 0.269310148
1064 0.268806440
1065 0.268529589
1066 0.268776341
1067 0.267813672
1068 0.268513415
1069 0.269141818
1070 0.267693077
1071 0.266789044
1072 0.267860113
1073 0.268025071
1074 0.267483575
1075 0.267745215
1076 0.268535050
1077 0.267563487
1078 0.267604350
1079 0.268440353
1080 0.268711068
1081 0.267282841
1082 0.267374018
1083 0.267529133
1084 0.266911588
1085 0.266725013
1086 0.267456826
1087 0.267156100
1088 0.268089525
1089 0.268046037
1090 0.267497726
1091 0.267044428
1092 0.267701983
1093 0.267707317
1094 0.267427821
1095 0.266921929
1096 0.267165071
1097 0.268386342
1098 0.267059608
1099 0.266876478
1100 0.266477482
1101 0.265644510
1102 0.266021933
1103 0.267559121
1104 0.265028080
1105 0.265322520
1106 0.265589939
1107 0.266230655
1108 0.264564746
1109 0.265429722
1110 0.266003995
1111 0.266960496
1112 0.266266871
1113 0.266909445
1114 0.265613628
1115 0.265050055
1116 0.264319483
1117 0.266265348
1118 0.266042133
1119 0.265428111
1120 0.265410228
1121 0.265605400
1122 0.265026354
1123 0.266431203
1124 0.264583632
1125 0.264516139
1126 0.263905526
1127 0.265744913
1128 0.266026686
1129 0.264904723
1130 0.265626940
1131 0.264293453
1132 0.265812539
1133 0.264126748
1134 0.263167282
1135 0.265386011
1136 0.265192820
1137 0.265580655
1138 0.265462096
1139 0.265113421
1140 0.265890000
1141 0.265721733
1142 0.266487621
1143 0.264738234
1144 0.265677088
1145 0.266094262
1146 0.265916130
1147 0.265254914
1148 0.265000112
1149 0.265126608
1150 0.265372964
1151 0.265249926
1152 0.264838309
1153 0.265610637
1154 0.264947804
1155 0.265922134
1156 0.264986651
1157 0.263602945
1158 0.265265716
1159 0.263467499
1160 0.264448954
1161 0.264339682
1162 0.263790237
1163 0.263424505
1164 0.264129382
1165 0.265565769
1166 0.265851279
1167 0.264972485
1168 0.264550922
1169 0.264333711
1170 0.264843310
1171 0.263659510
1172 0.265149149
1173 0.264425220
1174 0.263579463
1175 0.264285973
1176 0.264656210
1177 0.265513359
1178 0.262951736
1179 0.264252233
1180 0.263970918
1181 0.265016065
1182 0.263693847
1183 0.263741608
1184 0.264563630
1185 0.263588795
1186 0.264553758
1187 0.264013173
1188 0.264751840
1189 0.264710385
1190 0.264190807
1191 0.264384868
1192 0.263791471
1193 0.265826719
1194 0.264201823
1195 0.262998902
1196 0.263658953
1197 0.263250768
1198 0.264400151
1199 0.265832366
1200 0.264838470
1201 0.264073522
1202 0.264450193
1203 0.264220479
1204 0.263302227
1205 0.264486580
1206 0.263437654
1207 0.263779380
1208 0.263902532
1209 0.263630648
1210 0.262966618
1211 0.263576037
1212 0.264788598
1213 0.264074550
1214 0.264458144
1215 0.264441309
1216 0.264145708
1217 0.264635730
1218 0.263912114
1219 0.264232571
1220 0.263587472
1221 0.264572776
1222 0.263497735
1223 0.264047902
1224 0.265212483
1225 0.266377565
1226 0.265190081
1227 0.265019311
1228 0.264565422
1229 0.264350790
1230 0.264677152
1231 0.264929651
1232 0.264740983
1233 0.263359815
1234 0.264429090
1235 0.265021499
1236 0.265018022
1237 0.264809660
1238 0.265634015
1239 0.264797830
1240 0.264794496
1241 0.264334401
1242 0.264306353
1243 0.265483398
1244 0.264204916
1245 0.263934194
1246 0.265553313
1247 0.265479510
1248 0.264896134
1249 0.266168317
1250 0.264902380
1251 0.264934177
1252 0.263551053
1253 0.264146813
1254 0.264592674
1255 0.265596479
1256 0.264025558
1257 0.264878480
1258 0.264640452
1259 0.265593389
1260 0.266097842
1261 0.264986219
1262 0.264722508
1263 0.265231039
1264 0.264657637
1265 0.264267780
1266 0.265240980
1267 0.265029753
1268 0.264536834
1269 0.265034131
1270 0.264935074
1271 0.264963744
1272 0.265900876
1273 0.265923799
1274 0.265729135
1275 0.266283572
1276 0.265883534
1277 0.265826435
1278 0.266154437
1279 0.266040749
1280 0.265769079
1281 0.265907011
1282 0.266251691
1283 0.266701241
1284 0.266570588
1285 0.265452237
1286 0.265602139
1287 0.265942489
1288 0.265347921
1289 0.266581809
1290 0.266551472
1291 0.266451628
1292 0.266169887
1293 0.265458135
1294 0.265526102
1295 0.266320641
1296 0.265898998
1297 0.265922854
1298 0.266182813
1299 0.267017382
1300 0.266620846
1301 0.265954393
1302 0.265853670
1303 0.266878164
1304 0.265940666
1305 0.265767621
1306 0.265885993
1307 0.267260325
1308 0.266851838
1309 0.266089577
1310 0.266454704
1311 0.266373258
1312 0.265895880
1313 0.265683813
1314 0.265946123
1315 0.266520153
1316 0.266647140
1317 0.266278770
1318 0.266022078
1319 0.265800787
1320 0.265602750
1321 0.265244876
1322 0.265527865
1323 0.266471217
1324 0.265493414
1325 0.266118086
1326 0.266663090
1327 0.265996299
1328 0.266403030
1329 0.266302977
1330 0.266969084
1331 0.265876030
1332 0.266075701
1333 0.266495064
1334 0.266859031
1335 0.266901049
1336 0.266729909
1337 0.267823168
1338 0.267343161
1339 0.267072454
1340 0.268295190
1341 0.266837534
1342 0.267491760
1343 0.267353202
1344 0.266581267
1345 0.267135029
1346 0.268568084
1347 0.267785317
1348 0.267427725
1349 0.268958084
1350 0.268584072
1351 0.267048356
1352 0.266934508
1353 0.267733127
1354 0.268450211
1355 0.267663210
1356 0.267824152
1357 0.267272848
1358 0.267562072
1359 0.268115956
1360 0.266205798
1361 0.267087423
1362 0.267221710
1363 0.267644180
1364 0.266868832
1365 0.266883907
1366 0.267143301
1367 0.266429701
1368 0.267657552
1369 0.268499042
1370 0.267396668
1371 0.267319538
1372 0.267782515
1373 0.267529766
1374 0.267814898
1375 0.267674143
1376 0.268122212
1377 0.267126559
1378 0.268039151
1379 0.268519468
1380 0.268647057
1381 0.268340069
1382 0.268674638
1383 0.268339573
1384 0.268839050
1385 0.269648977
1386 0.269856745
1387 0.268844905
1388 0.269026829
1389 0.268682171
1390 0.267500552
1391 0.267956063
1392 0.267859555
1393 0.268249752
1394 0.269255777
1395 0.268546089
1396 0.269573121
1397 0.269662160
1398 0.270001267
1399 0.270353031
1400 0.271495427
1401 0.269394452
1402 0.268929700
1403 0.268780833
1404 0.268527069
1405 0.269753002
1406 0.269542918
1407 0.269168367
1408 0.270137384
1409 0.270381494
1410 0.270029799
1411 0.269421372
1412 0.269748847
1413 0.269103895
1414 0.269251238
1415 0.270013134
1416 0.269196800
1417 0.268558434
1418 0.269611770
1419 0.269929262
1420 0.269512835
1421 0.269474163
1422 0.268634966
1423 0.269964878
1424 0.268955056
1425 0.269262568
1426 0.269421368
1427 0.270492814
1428 0.271533743
1429 0.270228778
1430 0.271065120
1431 0.270988427
1432 0.270013831
1433 0.270472473
1434 0.269843761
1435 0.270698318
1436 0.269736447
1437 0.270199822
1438 0.269895724
1439 0.269623965
1440 0.270074447
1441 0.269983941
1442 0.270020319
1443 0.271077139
1444 0.270289887
1445 0.270422850
1446 0.270321004
1447 0.271316763
1448 0.270938852
1449 0.271019635
1450 0.270829126
1451 0.271341158
1452 0.270923429
1453 0.271202343
1454 0.270517823
1455 0.271817905
1456 0.270858149
1457 0.271437920
1458 0.270152650
1459 0.271050076
1460 0.270599361
1461 0.269963086
1462 0.271223435
1463 0.271249025
1464 0.271853574
1465 0.271403593
1466 0.270981977
1467 0.272280960
1468 0.271931276
1469 0.271434408
1470 0.272336893
1471 0.272959153
1472 0.272366836
1473 0.272230875
1474 0.272249954
1475 0.271763776
1476 0.271429427
1477 0.271782919
1478 0.271928023
1479 0.271254430
1480 0.273041124
1481 0.272680761
1482 0.272679986
1483 0.273322658
1484 0.271886019
1485 0.273790555
1486 0.273477235
1487 0.274111364
1488 0.272690197
1489 0.273187924
1490 0.273068431
1491 0.273374996
1492 0.273191641
1493 0.273953839
1494 0.272297372
1495 0.273402366
1496 0.272399450
1497 0.272826803
1498 0.273018956
1499 0.273460321
1500 0.273296179
1501 0.273107342
1502 0.272898572
1503 0.272750655
1504 0.273415451
1505 0.273156031
1506 0.271421502
1507 0.273016110
1508 0.271787401
1509 0.272358577
1510 0.271820746
1511 0.271610162
1512 0.271435333
1513 0.270701143
1514 0.270646728
1515 0.269720575
1516 0.269423513
1517 0.269387114
1518 0.269165795
1519 0.269528671
1520 0.268818674
1521 0.268907897
1522 0.268674321
1523 0.267854625
1524 0.267373758
1525 0.267990289
1526 0.268073026
1527 0.267525457
1528 0.266576711
1529 0.266639106
1530 0.265933175
1531 0.265624846
1532 0.265423842
1533 0.265718891
1534 0.265736676
1535 0.264913431
1536 0.264772321
1537 0.264219378
1538 0.264338853
1539 0.263310219
1540 0.264040838
1541 0.262908309
1542 0.263621766
1543 0.262427467
1544 0.262257029
1545 0.261970806
1546 0.263207223
1547 0.263632494
1548 0.263488769
1549 0.262613242
1550 0.260704660
1551 0.261517001
1552 0.259860408
1553 0.260256009
1554 0.260270080
1555 0.260445487
1556 0.260615494
1557 0.260369713
1558 0.259159808
1559 0.260638587
1560 0.258653013
1561 0.259426107
1562 0.258345026
1563 0.258431434
1564 0.258489898
1565 0.259152472
1566 0.259251956
1567 0.257271413
1568 0.256943763
1569 0.256736182
1570 0.256821454
1571 0.256647597
1572 0.255810631
1573 0.255801115
1574 0.254736876
1575 0.255968607
1576 0.255799433
1577 0.254889111
1578 0.255357754
1579 0.254949211
1580 0.254211413
1581 0.253940877
1582 0.253686161
1583 0.252614258
1584 0.252210402
1585 0.251081854
1586 0.252418998
1587 0.252029182
1588 0.251978455
1589 0.250532957
1590 0.251889072
1591 0.250409219
1592 0.251749528
1593 0.250334436
1594 0.250955197
1595 0.250481760
1596 0.250026400
1597 0.249535309
1598 0.248964287
1599 0.248618453
1600 0.248026792
1601 0.248213317
1602 0.246640624
1603 0.246379777
1604 0.245807652
1605 0.245847911
1606 0.246174008
1607 0.246009888
1608 0.245700149
1609 0.244276925
1610 0.244305136
1611 0.244257028
1612 0.243917151
1613 0.244398852
1614 0.242826476
1615 0.242978713
1616 0.243461298
1617 0.243282798
1618 0.241496385
1619 0.241922342
1620 0.241458183
1621 0.240630684
1622 0.240961274
1623 0.240681715
1624 0.240230223
1625 0.240857672
1626 0.240301446
1627 0.238151303
1628 0.238119434
1629 0.238671000
1630 0.238177051
1631 0.238214176
1632 0.236903946
1633 0.236599708
1634 0.236738974
1635 0.237706671
1636 0.235339671
1637 0.236062712
1638 0.236331640
1639 0.235123460
1640 0.234949300
1641 0.234358067
1642 0.233841960
1643 0.233418452
1644 0.234332115
1645 0.234930839
1646 0.233656006
1647 0.232988714
1648 0.233340351
1649 0.233231158
1650 0.232371099
1651 0.232914295
1652 0.231675968
1653 0.231931689
1654 0.230668685
1655 0.231152272
1656 0.233173670
1657 0.231142742
1658 0.229756658
1659 0.230563445
1660 0.230370817
1661 0.229336919
1662 0.229094683
1663 0.228011352
1664 0.227196159
1665 0.227259834
1666 0.226517159
1667 0.227989669
1668 0.227019595
1669 0.226016286
1670 0.225468226
1671 0.226434088
1672 0.224826960
1673 0.225295630
1674 0.224252272
1675 0.224243946
1676 0.224340835
1677 0.223531242
1678 0.223284844
1679 0.223215497
1680 0.222412684
1681 0.221848007
1682 0.221818078
1683 0.221649866
1684 0.219666470
1685 0.220304178
1686 0.218031614
1687 0.217690203
1688 0.218451253
1689 0.218391059
1690 0.218068320
1691 0.216247212
1692 0.216959856
1693 0.216488885
1694 0.216467226
1695 0.216346006
1696 0.215243048
1697 0.214467641
1698 0.214075620
1699 0.213840024
1700 0.213204648
1701 0.212871082
1702 0.213266357
1703 0.212722852
1704 0.212332529
1705 0.212712974
1706 0.211139298
1707 0.210889252
1708 0.211274174
1709 0.210047950
1710 0.209165356
1711 0.210230913
1712 0.210177675
1713 0.208326981
1714 0.207150813
1715 0.207335697
1716 0.207625420
1717 0.207094152
1718 0.208088043
1719 0.206113163
1720 0.204261654
1721 0.205843399
1722 0.204088562
1723 0.204577762
1724 0.203794149
1725 0.204094217
1726 0.202695881
1727 0.203024885
1728 0.203354945
1729 0.202919394
1730 0.201303055
1731 0.200727684
1732 0.199023066
1733 0.200157267
1734 0.200234060
1735 0.199784237
1736 0.198439119
1737 0.198482224
1738 0.198884704
1739 0.198662641
1740 0.198338361
1741 0.198488687
1742 0.196220784
1743 0.197382932
1744 0.196085777
1745 0.195958810
1746 0.195690870
1747 0.196263093
1748 0.194975702
1749 0.194295764
1750 0.195026077
1751 0.195352681
1752 0.193535703
1753 0.194503167
1754 0.194137276
1755 0.194094259
1756 0.193883750
1757 0.194435158
1758 0.194652926
1759 0.194246281
1760 0.193835638
1761 0.193792772
1762 0.194251672
1763 0.194690590
1764 0.193713667
1765 0.193529744
1766 0.194039651
1767 0.194273901
1768 0.194731467
1769 0.193586547
1770 0.194208331
1771 0.193808247
1772 0.192510125
1773 0.192789344
1774 0.194536756
1775 0.193942274
1776 0.194060011
1777 0.194072291
1778 0.193620896
1779 0.193799885
1780 0.195499127
1781 0.194792332
1782 0.194424090
1783 0.194838775
1784 0.193986057
1785 0.194272723
1786 0.194094943
1787 0.194669601
1788 0.194386557
1789 0.195158206
1790 0.196175399
1791 0.194492602
1792 0.195137610
1793 0.194441130
1794 0.194756127
1795 0.195202109
1796 0.195039033
1797 0.194684228
1798 0.195521776
1799 0.193979573
1800 0.195080314
1801 0.195854083
1802 0.194829166
1803 0.194822932
1804 0.194077587
1805 0.194779793
1806 0.195298873
1807 0.195145647
1808 0.196604266
1809 0.195220262
1810 0.194636069
1811 0.194114247
1812 0.194869941
1813 0.195285377
1814 0.196073824
1815 0.195283868
1816 0.195072511
1817 0.195658918
1818 0.196101347
1819 0.195070576
1820 0.196233995
1821 0.194966065
1822 0.195420941
1823 0.194522261
1824 0.195000920
1825 0.195515060
1826 0.195377618
1827 0.195904109
1828 0.194337512
1829 0.194589686
1830 0.194357072
1831 0.194475894
1832 0.194580788
1833 0.193932422
1834 0.194659229
1835 0.194374829
1836 0.194413323
1837 0.193938759
1838 0.195246134
1839 0.195423397
1840 0.195306541
1841 0.194941159
1842 0.195317351
1843 0.194700453
1844 0.194811625
1845 0.193997511
1846 0.194517557
1847 0.193784223
1848 0.192882758
1849 0.192983885
1850 0.193130730
1851 0.192861638
1852 0.192977982
1853 0.193988983
1854 0.192781935
1855 0.192274578
1856 0.192468526
1857 0.192883694
1858 0.192816955
1859 0.193271042
1860 0.193211047
1861 0.193454055
1862 0.192766287
1863 0.192447751
1864 0.193361654
1865 0.192559589
1866 0.192160136
1867 0.191978227
1868 0.193069392
1869 0.193081509
1870 0.193565263
1871 0.192573845
1872 0.193809768
1873 0.193670100
1874 0.193662057
1875 0.193919177
1876 0.192649010
1877 0.192561315
1878 0.192372364
1879 0.193371097
1880 0.192785567
1881 0.192279649
1882 0.192508784
1883 0.192157370
1884 0.192739342
1885 0.192888007
1886 0.192272437
1887 0.191914710
1888 0.192700285
1889 0.193183548
1890 0.193440217
1891 0.192607846
1892 0.192601187
1893 0.192190818
1894 0.192567821
1895 0.192618949
1896 0.192862465
1897 0.192971354
1898 0.193522356
1899 0.193606837
1900 0.193278810
1901 0.192253986
1902 0.192094952
1903 0.193474196
1904 0.191241681
1905 0.193200546
1906 0.192823869
1907 0.191980539
1908 0.191693522
1909 0.191546387
1910 0.192837126
1911 0.193200361
1912 0.193615439
1913 0.193562951
1914 0.192625873
1915 0.194375510
1916 0.193317629
1917 0.193354175
1918 0.193158815
1919 0.194291170
1920 0.193697434
1921 0.193805552
1922 0.194116596
1923 0.193467088
1924 0.193576397
1925 0.192974980
1926 0.192976247
1927 0.193717255
1928 0.193430511
1929 0.191663208
1930 0.191734532
1931 0.193244420
1932 0.193204407
1933 0.191387811
1934 0.192261993
1935 0.193008136
1936 0.192793044
1937 0.193117963
1938 0.192728556
1939 0.192093242
1940 0.192409443
1941 0.192850207
1942 0.194137999
1943 0.192436202
1944 0.192614391
1945 0.192111704
1946 0.192453470
1947 0.193370460
1948 0.192298570
1949 0.193303766
1950 0.193052422
1951 0.192689047
1952 0.192112661
1953 0.193152462
1954 0.193506701
1955 0.192251460
1956 0.193115306
1957 0.192159448
1958 0.192904436
1959 0.192700256
1960 0.193170290
1961 0.192345054
1962 0.192945578
1963 0.191976509
1964 0.192459984
1965 0.192465028
1966 0.192085992
1967 0.191930077
1968 0.191112774
1969 0.192895206
1970 0.192336501
1971 0.192470904
1972 0.192605669
1973 0.191854177
1974 0.191557937
1975 0.192440579
1976 0.192906000
1977 0.192713853
1978 0.192246715
1979 0.193511767
1980 0.192958073
1981 0.192179439
1982 0.193594807
1983 0.193373875
1984 0.193838106
1985 0.193009449
1986 0.192686340
1987 0.192500427
1988 0.192459439
1989 0.192605101
1990 0.193349134
1991 0.193042598
1992 0.193706348
1993 0.193463523
1994 0.192880116
1995 0.194006445
1996 0.192659210
1997 0.193448353
1998 0.193363176
1999 0.193213180
2000 0.193624965
