17 24 0 8 0.936
18 25 0 8 0.929
17 26 0 8 0.914
15 26 0 8 0.909
16 27 0 8 0.882
15 27 0 8 0.874
18 24 0 8 0.874
17 25 0 8 0.872
16 26 0 8 0.857
15 28 0 8 0.816
18 27 0 8 0.761
19 25 0 8 0.721
14 29 0 8 0.691
15 29 0 8 0.689
18 26 0 8 0.620
17 27 0 8 0.572
14 28 0 8 0.567
16 29 0 8 0.528
10 26 0 8 0.527
6 24 0 8 0.521
3 24 0 8 0.506
6 26 0 8 0.408
16 28 0 8 0.364
13 29 0 8 0.306
3 19 0 8 0.285
7 26 0 8 0.248
3 26 0 8 0.225
5 24 0 8 0.205
7 24 0 8 0.205
9 26 0 8 0.197
4 24 0 8 0.160
2 24 0 8 0.157
3 23 0 8 0.148
13 28 0 8 0.148
6 17 0 8 0.144
6 19 0 8 0.133
3 22 0 8 0.129
3 17 0 8 0.121
3 10 0 8 0.116
1 24 0 8 0.114
10 17 0 8 0.104
3 25 0 8 0.102
9 15 0 8 0.100
7 17 0 8 0.093
10 24 0 8 0.092
11 26 0 8 0.081
10 28 0 8 0.079
2 22 0 8 0.078
6 25 0 8 0.076
2 19 0 8 0.070
10 16 0 8 0.068
12 29 0 8 0.065
8 15 0 8 0.063
6 15 0 8 0.059
4 22 0 8 0.059
3 18 0 8 0.058
10 29 0 8 0.057
1 19 0 8 0.055
7 15 0 8 0.055
10 27 0 8 0.053
9 17 0 8 0.049
4 19 0 8 0.049
13 26 0 8 0.045
3 9 0 8 0.045
1 26 0 8 0.043
3 11 0 8 0.043
11 29 0 8 0.042
7 19 0 8 0.039
5 23 0 8 0.039
2 26 0 8 0.039
6 18 0 8 0.039
6 23 0 8 0.039
8 17 0 8 0.038
5 26 0 8 0.038
1 22 0 8 0.038
7 16 0 8 0.037
12 26 0 8 0.037
4 23 0 8 0.037
8 14 0 8 0.036
16 25 0 8 0.035
8 16 0 8 0.035
4 10 0 8 0.034
3 20 0 8 0.033
3 21 0 8 0.033
12 28 0 8 0.033
5 19 0 8 0.032
9 24 0 8 0.031
2 23 0 8 0.030
9 28 0 8 0.030
9 16 0 8 0.030
1 7 0 8 0.028
1 17 0 8 0.028
14 27 0 8 0.028
1 10 0 8 0.028
6 16 0 8 0.027
1 23 0 8 0.026
11 28 0 8 0.026
2 10 0 8 0.025
8 26 0 8 0.024
7 18 0 8 0.023
10 18 0 8 0.022
6 12 0 8 0.022
7 25 0 8 0.022
4 17 0 8 0.022
10 25 0 8 0.022
4 26 0 8 0.022
3 15 0 8 0.021
1 9 0 8 0.021
14 26 0 8 0.021
9 29 0 8 0.019
11 17 0 8 0.019
5 22 0 8 0.018
1 18 0 8 0.018
10 19 0 8 0.017
6 27 0 8 0.017
8 24 0 8 0.016
5 11 0 8 0.016
3 27 0 8 0.016
7 13 0 8 0.016
15 25 0 8 0.015
2 17 0 8 0.015
2 11 0 8 0.015
5 17 0 8 0.015
7 14 0 8 0.015
2 9 0 8 0.015
3 28 0 8 0.014
7 28 0 8 0.014
3 16 0 8 0.013
2 21 0 8 0.013
1 25 0 8 0.013
6 28 0 8 0.013
6 13 0 8 0.013
4 11 0 8 0.013
6 14 0 8 0.013
1 21 0 8 0.012
1 15 0 8 0.012
1 11 0 8 0.011
1 20 0 8 0.011
1 8 0 8 0.011
17 29 0 8 0.011
1 29 0 8 0.011
7 27 0 8 0.011
3 12 0 8 0.011
1 28 0 8 0.010
19 26 0 8 0.010
9 27 0 8 0.010
6 22 0 8 0.010
17 28 0 8 0.010
2 18 0 8 0.009
9 18 0 8 0.009
15 24 0 8 0.009
2 8 0 8 0.009
20 27 0 8 0.008
1 27 0 8 0.008
2 15 0 8 0.008
7 29 0 8 0.008
11 24 0 8 0.008
3 29 0 8 0.008
5 25 0 8 0.008
2 25 0 8 0.008
3 14 0 8 0.007
4 18 0 8 0.007
1 16 0 8 0.007
7 23 0 8 0.007
2 20 0 8 0.007
13 27 0 8 0.007
6 29 0 8 0.007
3 13 0 8 0.007
11 18 0 8 0.006
4 21 0 8 0.006
1 12 0 8 0.006
8 18 0 8 0.006
6 20 0 8 0.006
8 29 0 8 0.006
4 25 0 8 0.006
9 19 0 8 0.006
2 12 0 8 0.005
5 18 0 8 0.005
11 27 0 8 0.005
2 28 0 8 0.005
2 29 0 8 0.005
5 15 0 8 0.005
18 28 0 8 0.005
16 24 0 8 0.005
4 16 0 8 0.005
2 14 0 8 0.005
18 29 0 8 0.005
1 14 0 8 0.004
4 20 0 8 0.004
4 15 0 8 0.004
2 27 0 8 0.004
9 25 0 8 0.004
1 13 0 8 0.004
8 19 0 8 0.004
11 19 0 8 0.004
2 16 0 8 0.004
12 27 0 8 0.004
5 16 0 8 0.004
12 18 0 8 0.003
5 12 0 8 0.003
4 12 0 8 0.003
8 28 0 8 0.003
7 22 0 8 0.003
2 13 0 8 0.003
17 23 0 8 0.003
7 20 0 8 0.003
6 21 0 8 0.003
4 14 0 8 0.003
8 27 0 8 0.002
20 26 0 8 0.002
19 27 0 8 0.002
5 13 0 8 0.002
5 14 0 8 0.002
5 27 0 8 0.002
4 13 0 8 0.002
5 21 0 8 0.002
8 25 0 8 0.002
5 20 0 8 0.002
5 29 0 8 0.002
5 28 0 8 0.002
13 24 0 8 0.002
12 24 0 8 0.002
4 29 0 8 0.002
11 25 0 8 0.001
10 23 0 8 0.001
7 21 0 8 0.001
4 27 0 8 0.001
4 28 0 8 0.001
13 19 0 8 0.001
10 20 0 8 0.001
9 23 0 8 0.001
12 19 0 8 0.001
14 25 0 8 0.001
8 23 0 8 0.001
13 25 0 8 0.001
9 20 0 8 0.001
12 25 0 8 0.001
8 22 0 8 0.001
14 24 0 8 0.001
14 20 0 8 0.001
10 22 0 8 0.000
20 29 0 8 0.000
8 20 0 8 0.000
11 20 0 8 0.000
9 22 0 8 0.000
13 20 0 8 0.000
19 29 0 8 0.000
12 20 0 8 0.000
10 21 0 8 0.000
9 21 0 8 0.000
11 23 0 8 0.000
16 23 0 8 0.000
23 29 0 8 0.000
16 22 0 8 0.000
15 23 0 8 0.000
15 22 0 8 0.000
8 21 0 8 0.000
19 28 0 8 0.000
20 28 0 8 0.000
12 23 0 8 0.000
15 21 0 8 0.000
13 23 0 8 0.000
14 23 0 8 0.000
11 22 0 8 0.000
21 27 0 8 0.000
11 21 0 8 0.000
12 21 0 8 0.000
12 22 0 8 0.000
13 22 0 8 0.000
21 29 0 8 0.000
13 21 0 8 0.000
14 21 0 8 0.000
22 29 0 8 0.000
14 22 0 8 0.000
21 28 0 8 0.000
22 28 0 8 0.000