19	24	0	8	0.97837
19	23	0	8	0.94313
17	24	0	8	0.91041
18	24	0	8	0.90554
17	25	0	8	0.89731
3	6	0	8	0.89714
17	26	0	8	0.89558
18	25	0	8	0.88447
7	10	0	8	0.87817
19	22	0	8	0.86428
20	23	0	8	0.85782
6	10	0	8	0.84128
3	24	0	8	0.82503
15	26	0	8	0.80710
16	26	0	8	0.79776
6	9	0	8	0.77081
6	24	0	8	0.74244
2	5	0	8	0.73337
19	25	0	8	0.72446
20	25	0	8	0.69182
10	26	0	8	0.67407
2	6	0	8	0.65028
8	11	0	8	0.62104
10	13	0	8	0.61795
1	5	0	8	0.61612
10	15	0	8	0.60796
3	19	0	8	0.57350
10	17	0	8	0.56815
16	27	0	8	0.55254
15	27	0	8	0.52766
6	26	0	8	0.52146
1	6	0	8	0.51846
10	24	0	8	0.51676
3	23	0	8	0.49254
7	11	0	8	0.49173
18	26	0	8	0.48542
3	17	0	8	0.48144
2	24	0	8	0.47911
15	28	0	8	0.47903
3	10	0	8	0.45470
6	17	0	8	0.44276
17	27	0	8	0.42388
15	29	0	8	0.41842
1	24	0	8	0.41464
4	7	0	8	0.40540
3	22	0	8	0.40117
9	12	0	8	0.39117
5	24	0	8	0.38459
9	13	0	8	0.37764
18	27	0	8	0.37405
11	15	0	8	0.36728
7	24	0	8	0.35197
14	29	0	8	0.34416
3	26	0	8	0.34311
9	26	0	8	0.34268
16	29	0	8	0.33837
6	19	0	8	0.33625
12	15	0	8	0.33373
9	24	0	8	0.33350
11	14	0	8	0.33211
2	22	0	8	0.32912
3	7	0	8	0.32893
4	24	0	8	0.31644
3	25	0	8	0.30982
20	24	0	8	0.30813
13	26	0	8	0.30185
7	26	0	8	0.30077
10	14	0	8	0.28551
14	28	0	8	0.28199
8	12	0	8	0.27128
2	19	0	8	0.27028
1	23	0	8	0.26867
16	28	0	8	0.26601
10	16	0	8	0.26472
2	23	0	8	0.26353
7	17	0	8	0.25450
5	9	0	8	0.24920
1	19	0	8	0.24748
13	16	0	8	0.24411
3	18	0	8	0.24011
9	17	0	8	0.23978
13	29	0	8	0.23756
6	25	0	8	0.23605
9	15	0	8	0.23444
3	20	0	8	0.23253
13	28	0	8	0.23167
3	9	0	8	0.22183
5	8	0	8	0.21351
1	4	0	8	0.20629
1	9	0	8	0.20373
1	22	0	8	0.20337
4	19	0	8	0.19852
3	21	0	8	0.19798
10	19	0	8	0.19368
6	23	0	8	0.19303
5	19	0	8	0.19083
26	29	0	8	0.18541
4	22	0	8	0.18330
13	17	0	8	0.18294
6	15	0	8	0.17951
9	19	0	8	0.17919
3	15	0	8	0.16118
10	25	0	8	0.15973
11	26	0	8	0.15954
1	10	0	8	0.15745
8	24	0	8	0.15540
1	17	0	8	0.15016
4	23	0	8	0.15015
7	19	0	8	0.14995
14	17	0	8	0.14174
5	26	0	8	0.14102
14	26	0	8	0.14053
7	15	0	8	0.13860
10	28	0	8	0.13351
8	19	0	8	0.12433
8	26	0	8	0.12359
1	26	0	8	0.12316
8	17	0	8	0.12185
7	23	0	8	0.12147
12	16	0	8	0.12138
2	26	0	8	0.11973
6	18	0	8	0.11965
2	10	0	8	0.11964
6	11	0	8	0.11904
10	18	0	8	0.11785
11	17	0	8	0.11746
1	25	0	8	0.11744
12	26	0	8	0.11514
10	27	0	8	0.11360
3	13	0	8	0.11325
7	25	0	8	0.11313
2	17	0	8	0.11285
4	17	0	8	0.11034
5	23	0	8	0.10937
4	26	0	8	0.10462
8	15	0	8	0.10295
13	24	0	8	0.10060
5	17	0	8	0.10059
2	21	0	8	0.09866
4	10	0	8	0.09822
8	13	0	8	0.09418
5	22	0	8	0.09180
2	25	0	8	0.09017
3	16	0	8	0.08704
25	28	0	8	0.08553
8	23	0	8	0.08336
5	10	0	8	0.08301
25	29	0	8	0.08220
12	28	0	8	0.08219
14	27	0	8	0.07888
4	21	0	8	0.07589
15	18	0	8	0.07579
1	20	0	8	0.07448
1	21	0	8	0.07414
4	8	0	8	0.07401
16	24	0	8	0.07244
9	23	0	8	0.07183
3	11	0	8	0.07155
4	20	0	8	0.07151
15	24	0	8	0.07006
2	20	0	8	0.06964
10	29	0	8	0.06917
17	28	0	8	0.06886
16	25	0	8	0.06833
11	16	0	8	0.06820
13	19	0	8	0.06803
11	24	0	8	0.06796
1	18	0	8	0.06719
4	25	0	8	0.06719
12	17	0	8	0.06596
7	27	0	8	0.06539
9	14	0	8	0.06517
12	29	0	8	0.06323
13	27	0	8	0.06314
1	15	0	8	0.06296
6	13	0	8	0.06268
7	28	0	8	0.06151
6	22	0	8	0.06048
9	25	0	8	0.06005
2	18	0	8	0.05986
17	20	0	8	0.05898
16	19	0	8	0.05860
11	28	0	8	0.05848
2	9	0	8	0.05703
7	13	0	8	0.05678
5	25	0	8	0.05666
2	7	0	8	0.05523
1	7	0	8	0.05484
15	25	0	8	0.05364
4	18	0	8	0.05326
16	20	0	8	0.05158
9	28	0	8	0.05153
14	18	0	8	0.04923
3	12	0	8	0.04893
7	16	0	8	0.04843
21	24	0	8	0.04820
11	29	0	8	0.04775
18	22	0	8	0.04749
7	18	0	8	0.04689
6	27	0	8	0.04688
15	19	0	8	0.04649
4	15	0	8	0.04619
2	15	0	8	0.04534
9	16	0	8	0.04515
3	14	0	8	0.04509
6	20	0	8	0.04487
10	23	0	8	0.04435
8	18	0	8	0.04369
6	16	0	8	0.04231
2	11	0	8	0.04203
24	27	0	8	0.04137
5	18	0	8	0.04129
9	29	0	8	0.04122
3	27	0	8	0.04066
8	14	0	8	0.04030
13	18	0	8	0.03995
12	24	0	8	0.03994
9	27	0	8	0.03936
1	16	0	8	0.03864
7	12	0	8	0.03774
1	13	0	8	0.03765
4	9	0	8	0.03734
7	29	0	8	0.03710
1	11	0	8	0.03619
7	22	0	8	0.03566
18	28	0	8	0.03434
17	29	0	8	0.03433
6	28	0	8	0.03382
8	16	0	8	0.03345
9	18	0	8	0.03299
18	23	0	8	0.03281
5	15	0	8	0.03258
11	19	0	8	0.03095
19	26	0	8	0.02976
21	25	0	8	0.02944
23	27	0	8	0.02879
1	8	0	8	0.02824
2	16	0	8	0.02773
4	13	0	8	0.02771
4	16	0	8	0.02742
3	8	0	8	0.02730
5	11	0	8	0.02710
1	27	0	8	0.02689
12	27	0	8	0.02618
5	21	0	8	0.02616
6	12	0	8	0.02611
6	29	0	8	0.02609
4	11	0	8	0.02529
7	14	0	8	0.02503
5	20	0	8	0.02474
10	22	0	8	0.02470
14	24	0	8	0.02452
8	25	0	8	0.02451
8	28	0	8	0.02426
2	13	0	8	0.02422
1	14	0	8	0.02416
18	29	0	8	0.02392
3	28	0	8	0.02320
11	27	0	8	0.02310
17	23	0	8	0.02292
18	21	0	8	0.02240
2	27	0	8	0.02213
24	28	0	8	0.02189
11	18	0	8	0.02062
6	21	0	8	0.02050
12	18	0	8	0.02032
8	22	0	8	0.02027
24	29	0	8	0.02024
17	21	0	8	0.01928
2	8	0	8	0.01899
5	13	0	8	0.01867
7	20	0	8	0.01812
4	27	0	8	0.01797
2	14	0	8	0.01788
1	12	0	8	0.01784
8	29	0	8	0.01725
5	27	0	8	0.01723
9	22	0	8	0.01707
5	28	0	8	0.01665
5	16	0	8	0.01664
11	23	0	8	0.01650
2	12	0	8	0.01650
13	25	0	8	0.01640
6	14	0	8	0.01579
3	29	0	8	0.01484
12	19	0	8	0.01459
22	25	0	8	0.01426
17	22	0	8	0.01425
11	25	0	8	0.01423
4	14	0	8	0.01416
20	29	0	8	0.01360
10	20	0	8	0.01343
15	20	0	8	0.01332
4	29	0	8	0.01300
8	27	0	8	0.01296
1	28	0	8	0.01291
4	28	0	8	0.01286
2	28	0	8	0.01243
4	12	0	8	0.01243
12	23	0	8	0.01235
5	29	0	8	0.01208
14	25	0	8	0.01190
1	29	0	8	0.01178
7	21	0	8	0.01115
8	20	0	8	0.01095
2	29	0	8	0.01019
9	20	0	8	0.00918
23	29	0	8	0.00913
14	19	0	8	0.00902
5	12	0	8	0.00862
19	27	0	8	0.00815
20	27	0	8	0.00785
16	23	0	8	0.00745
15	23	0	8	0.00743
19	29	0	8	0.00735
12	25	0	8	0.00692
9	21	0	8	0.00658
13	23	0	8	0.00653
20	28	0	8	0.00589
23	26	0	8	0.00589
20	26	0	8	0.00587
23	28	0	8	0.00579
16	22	0	8	0.00578
14	20	0	8	0.00564
10	21	0	8	0.00554
5	14	0	8	0.00529
16	21	0	8	0.00529
11	22	0	8	0.00519
8	21	0	8	0.00490
13	20	0	8	0.00386
19	28	0	8	0.00384
15	21	0	8	0.00383
11	20	0	8	0.00339
21	29	0	8	0.00323
13	22	0	8	0.00317
12	20	0	8	0.00313
22	26	0	8	0.00291
12	22	0	8	0.00289
15	22	0	8	0.00244
22	29	0	8	0.00211
14	23	0	8	0.00199
22	27	0	8	0.00192
14	21	0	8	0.00170
14	22	0	8	0.00143
21	28	0	8	0.00142
11	21	0	8	0.00141
13	21	0	8	0.00126
22	28	0	8	0.00114
21	27	0	8	0.00094
12	21	0	8	0.00090
21	26	0	8	0.00070
END