1   V C 106.9 -111.9  145.3  125.3  173.4  5.7  7.0 0.976 0.002 0.022
2   S C  79.3  -91.7  146.7  118.4 -127.7  3.4 14.4 0.973 0.012 0.015
3   C C  61.3  -75.2    1.7  104.9 -119.8 12.0  9.3 0.752 0.232 0.016
4   E C 142.9  -72.4  -24.1   96.6   61.1  2.2 14.4 0.718 0.271 0.011
5   D C 104.6  -86.4   -1.8   99.1   47.8  2.9 14.7 0.736 0.246 0.018
6   C C  40.2 -103.8  101.3  111.4   68.2 12.8  9.7 0.973 0.021 0.006
7   P C  81.0  -66.0  -29.3   95.7 -173.0  7.2 14.4 0.629 0.371 0.001
8   E H 129.6  -67.8  -31.6   94.4   53.3  2.4 17.2 0.481 0.513 0.006
9   H H  73.0  -74.8  -26.7   95.5   51.4 10.4 14.0 0.482 0.500 0.018
10  C C  18.4  -76.2  -23.1   96.7   53.3 19.1 11.0 0.528 0.447 0.026
11  S C  65.8  -71.7  -25.6   97.6   72.6  7.0 15.5 0.567 0.405 0.029
12  T C  89.6  -87.9   -5.2  102.7   54.8  3.8 14.9 0.667 0.299 0.034
13  Q C  95.5  -90.3  118.9  111.4  110.8  8.6 11.7 0.689 0.266 0.045
14  K C 132.5  -90.8  107.3  109.6 -149.6  4.8 16.3 0.770 0.193 0.038
15  A C  38.2  -94.3  137.9  117.2 -163.3 14.4 13.1 0.790 0.152 0.058
16  Q C 102.7  -96.4  119.5  112.6 -147.0  7.2 19.2 0.825 0.073 0.102
17  A C  30.2  -93.9  139.7  118.5 -160.4 17.5 12.5 0.866 0.028 0.105
18  K C 120.3 -105.9  132.0  118.0 -152.4  5.0 21.6 0.615 0.056 0.329
19  C C  33.5  -94.8  131.6  116.0 -148.2 18.8 11.0 0.604 0.054 0.342
20  D C  96.9  -98.1  107.6  110.6 -166.2  4.9 16.4 0.663 0.095 0.242
21  N C 124.4   40.9   26.2   99.1    3.3  2.2 14.9 0.870 0.082 0.048
22  D C 100.0   63.8   16.4   99.8  -60.1  5.8 15.0 0.895 0.076 0.030
23  K C 111.4 -109.6  141.3  123.1  116.3  5.1 18.4 0.607 0.108 0.286
24  C C  24.0  -91.6  132.3  117.3 -127.4 19.8 12.4 0.548 0.051 0.401
25  V E  73.6 -110.2  126.4  118.0 -158.7  7.0 21.9 0.453 0.047 0.500
26  C C  40.7  -93.7  127.9  115.6 -144.6 17.8 11.7 0.742 0.019 0.239
27  E C 101.7 -104.2  124.5  116.1 -159.0  6.4 16.9 0.879 0.003 0.118
28  P C  94.2  -70.0  135.5  107.9 -106.1  6.3 12.8 0.946 0.002 0.052
29  I C 131.4  -92.7  116.7  111.4 -158.9  5.7  8.5 0.991 0.001 0.008
