57.93 43.70 7.94 3.81 6.47 1.58
65.51 50.75 6.03 3.63 6.56 1.72
62.75 48.89 6.07 3.82 7.17 1.81
31.42 22.91 3.54 7.07 10.30 1.38
67.14 48.10 8.36 3.25 6.77 2.81
61.71 48.80 6.97 3.14 7.40 2.55
42.60 31.04 4.58 6.23 9.24 1.50
56.52 40.55 7.08 5.13 9.62 2.69
50.00 38.81 4.71 6.32 9.31 2.79
39.62 26.86 3.79 6.84 10.14 1.31
73.70 46.22 8.73 3.10 8.09 2.79
72.96 49.07 7.82 4.29 7.47 1.67
42.14 26.65 5.33 5.96 10.86 1.85
68.92 45.22 8.21 2.74 7.05 2.07
66.42 46.01 6.96 3.04 6.80 1.61
61.17 41.50 9.27 3.47 6.04 1.29
87.05 60.76 9.58 1.79 4.05 1.16
93.52 62.72 12.9 1.19 4.01 1.98
43.18 32.34 4.94 6.16 8.29 1.29
71.36 48.10 8.41 3.00 7.09 1.87
70.45 48.57 8.82 2.62 7.21 1.87
37.72 30.50 4.12 5.85 8.94 1.30
69.09 53.51 6.06 4.78 7.10 1.34
69.09 49.81 6.61 5.06 7.72 1.44
