1CRN 1, 4, 5, 11, 12, 13, 14, 16, 18, 22
1ZDD 1, 4, 5, 12, 13, 14, 16, 17, 22, 23
1ROP 1, 4, 5, 12, 13, 14, 16, 22, 23
1AIL 9, 17, 19, 20, 21, 22
2p81 11, 16, 17, 18, 22, 23
1PLW 1, 2, 3, 5, 12, 14
1enh 11, 16, 17, 22, 23
1i6c 11, 16, 17, 18, 23
1UTG 1, 4, 5, 16
1E0M 10, 13, 17, 23
1bdd 11, 16, 17, 23
1k36 11, 17, 18, 23
1e0g 11, 17, 18, 23
2P6J 15, 16, 17, 23
1AB1 16, 17, 21, 23
1ALY 9, 19, 20
1HHP 9, 19, 20
2RLG 8, 11
2XL1 8, 11
1NIZ 8, 11
2EVQ 8, 11
1G26 8, 11, 17
1bq9 9, 19, 20
1SOL 7, 8, 11
1dtdB 9, 19, 20
1isuA 9, 19, 20
1c8cA 9, 19, 20
1sap 9, 19, 20
1hz6A 9, 19, 20
1wapA 9, 19, 20
1fwp 9, 19, 20
1dtjA 9, 19, 20
1aoy 9, 19, 20
1cc5 9, 19, 20
2ci2 9, 19, 20
1tig 9, 19, 20
2ezk 9, 19, 20
3gwl 9, 19, 20
2hg6 9, 19, 20
2h5nD 9, 19 , 20
1L2Y 10, 11
1VII 10, 11
1FSD 10, 11
1wqc 11, 15, 18
1erc 11, 18
1bbl 11, 18
2jzq 11, 17
1sxd 11, 17, 23
1e0n 11, 18
2dmv 11, 18
1ed7 11, 18
1f7m 11, 17, 18
1msi 11, 17
2kp0 11, 18
2gb1 11, 17, 23
3fil 11, 18
1orc 11, 18
1CTF 12, 14
2MLT 12, 14
3V1A 15, 17, 21
2KDL 16, 23
2M7T 16, 23
1DFN 17, 21, 23
2MR9 17, 21, 22
2P5K 17, 21
T1008-D1 19, 20
T0886-D1 19, 20
T0957s1-D1 19, 20
T0892-D2 19, 20
T0897-D1 19, 20
T0859-D1 19, 20
T0953s2-D3 19, 20
T0953s1-D1 19, 20
T0960-D2 19, 20
T0898-D2 19, 20
1ACW 21, 22