1 0.403966566
2 0.401692176
3 0.400551092
4 0.400347386
5 0.399164172
6 0.398181708
7 0.398443238
8 0.397981257
9 0.397734452
10 0.397003053
11 0.396984057
12 0.396831912
13 0.396526554
14 0.396793388
15 0.396267149
16 0.396011634
17 0.396345079
18 0.396356791
19 0.395871585
20 0.395673264
21 0.395880277
22 0.395971022
23 0.395399834
24 0.395870774
25 0.396037377
26 0.395765363
27 0.394927132
28 0.394669371
29 0.395566814
30 0.394934952
31 0.394370463
32 0.394405472
33 0.394234117
34 0.394413063
35 0.395226047
36 0.394260616
37 0.393422220
38 0.393507306
39 0.393835493
40 0.393543099
41 0.393645569
42 0.393325308
43 0.393831030
44 0.392969192
45 0.392464711
46 0.392895084
47 0.392039005
48 0.392286357
49 0.392069929
50 0.392433179
51 0.391817280
52 0.391983662
53 0.391943658
54 0.391813574
55 0.391259573
56 0.390837553
57 0.390736281
58 0.391291465
59 0.391237666
60 0.391199968
61 0.391276025
62 0.390242542
63 0.389623802
64 0.389098372
65 0.388797860
66 0.388859600
67 0.389121961
68 0.388689704
69 0.388415702
70 0.388712841
71 0.388616775
72 0.388957949
73 0.388546651
74 0.388704733
75 0.387955032
76 0.388387983
77 0.388415535
78 0.387777236
79 0.388226390
80 0.387392194
81 0.387095742
82 0.386471122
83 0.387163632
84 0.386639827
85 0.386570081
86 0.386439296
87 0.387441299
88 0.387520616
89 0.386898006
90 0.387216184
91 0.386976796
92 0.386797480
93 0.386799382
94 0.386423155
95 0.386717532
96 0.387160174
97 0.386770519
98 0.386628418
99 0.386622017
100 0.386369432
101 0.387535765
102 0.386017190
103 0.386296163
104 0.386608024
105 0.387183145
106 0.386743743
107 0.386088451
108 0.385927973
109 0.386219412
110 0.386489592
111 0.386696903
112 0.386083075
113 0.385939245
114 0.386654528
115 0.387184613
116 0.386573306
117 0.386174358
118 0.386428301
119 0.385722178
120 0.386517239
121 0.385936110
122 0.386149219
123 0.386549258
124 0.386997878
125 0.386766013
126 0.387359200
127 0.386770690
128 0.386864256
129 0.386660882
130 0.386824689
131 0.387470699
132 0.387313827
133 0.388108605
134 0.387485791
135 0.387442292
136 0.387451992
137 0.387778690
138 0.387757239
139 0.387620783
140 0.387158310
141 0.387616196
142 0.387971083
143 0.387638023
144 0.388356995
145 0.388480146
146 0.387676594
147 0.387731912
148 0.386878773
149 0.387428758
150 0.387686854
151 0.387732581
152 0.387755508
153 0.387085633
154 0.388301858
155 0.386865651
156 0.387222137
157 0.387111033
158 0.387034209
159 0.386984479
160 0.386941818
161 0.386967698
162 0.386925250
163 0.387257424
164 0.386793653
165 0.387557732
166 0.387213167
167 0.387132151
168 0.386855650
169 0.386663280
170 0.386507889
171 0.386416983
172 0.386765466
173 0.387146479
174 0.386786312
175 0.386704896
176 0.386154670
177 0.386252094
178 0.387036917
179 0.387430149
180 0.386864213
181 0.386621982
182 0.387009468
183 0.386640212
184 0.386927849
185 0.386334187
186 0.386163961
187 0.386682722
188 0.387022961
189 0.386588578
190 0.386895993
191 0.387830569
192 0.387639093
193 0.387600467
194 0.387389078
195 0.387401797
196 0.387880114
197 0.387792074
198 0.388351525
199 0.387710681
200 0.387728870
201 0.387623644
202 0.387763771
203 0.388375964
204 0.387885263
205 0.387581636
206 0.387507654
207 0.386955329
208 0.386906341
209 0.387417424
210 0.387633608
211 0.387458740
212 0.387946431
213 0.388036239
214 0.387698072
215 0.387241676
216 0.387334656
217 0.387292242
218 0.387569219
219 0.387694037
220 0.387373481
221 0.387872640
222 0.387920358
223 0.388481927
224 0.387968011
225 0.387903288
226 0.387159701
227 0.387504733
228 0.388473417
229 0.388896598
230 0.388852409
231 0.388925984
232 0.388713902
233 0.388223808
234 0.389073750
235 0.388995123
236 0.389266693
237 0.388569353
238 0.388222332
239 0.388160777
240 0.388169168
241 0.387605186
242 0.388042709
243 0.388949114
244 0.388992501
245 0.388772992
246 0.388723812
247 0.388749760
248 0.388911211
249 0.388256159
250 0.388015611
251 0.387866056
252 0.388976254
253 0.388912906
254 0.388726927
255 0.389115265
256 0.388999081
257 0.388292299
258 0.388781902
259 0.388073812
260 0.388340278
261 0.388511863
262 0.388625701
263 0.388199913
264 0.388813239
265 0.388885175
266 0.388052094
267 0.388178380
268 0.388825735
269 0.388028030
270 0.388291100
271 0.388224383
272 0.387791496
273 0.388981233
274 0.388648836
275 0.388549858
276 0.388190857
277 0.388505177
278 0.388832951
279 0.388584801
280 0.388663734
281 0.388862689
282 0.388137159
283 0.388867086
284 0.388321268
285 0.388643121
286 0.389015779
287 0.388857034
288 0.389537964
289 0.389126305
290 0.389384527
291 0.389337019
292 0.389471736
293 0.389264482
294 0.389852129
295 0.389985614
296 0.389295591
297 0.389324158
298 0.389252369
299 0.390044073
300 0.389179394
301 0.389654818
302 0.389759370
303 0.390138068
304 0.389520327
305 0.388913009
306 0.389224011
307 0.389126149
308 0.389217673
309 0.390124495
310 0.389406170
311 0.389315933
312 0.390127193
313 0.390160439
314 0.389868233
315 0.389919435
316 0.389673863
317 0.389463543
318 0.390188445
319 0.390272554
320 0.389384235
321 0.389926697
322 0.389733277
323 0.389969221
324 0.389558510
325 0.389739596
326 0.390330946
327 0.390584131
328 0.390798268
329 0.390397588
330 0.390542234
331 0.389845202
332 0.390622655
333 0.391323219
334 0.391413208
335 0.391127679
336 0.391016792
337 0.391382286
338 0.391240650
339 0.391394538
340 0.390739768
341 0.390721380
342 0.390404506
343 0.390110860
344 0.391083426
345 0.390942452
346 0.391176781
347 0.391113823
348 0.391196211
349 0.391243851
350 0.391400224
351 0.390745049
352 0.391134824
353 0.391893671
354 0.392098590
355 0.391615282
356 0.391708893
357 0.391819051
358 0.391558902
359 0.391871954
360 0.391712108
361 0.392031567
362 0.391927735
363 0.391266797
364 0.390999741
365 0.390772950
366 0.390514411
367 0.391386734
368 0.391741481
369 0.391119867
370 0.391655830
371 0.392428458
372 0.392345554
373 0.392591560
374 0.391984208
375 0.392133027
376 0.392573641
377 0.392253909
378 0.392549984
379 0.392596864
380 0.391710392
381 0.391740534
382 0.392758474
383 0.392452043
384 0.392235651
385 0.392678942
386 0.392377709
387 0.392098065
388 0.392123397
389 0.391980627
390 0.391651740
391 0.392221879
392 0.392626370
393 0.392236461
394 0.392735949
395 0.392584215
396 0.392378405
397 0.393128482
398 0.392441491
399 0.392392798
400 0.392375948
401 0.392389773
402 0.392116464
403 0.392261983
404 0.392988055
405 0.392984991
406 0.392943780
407 0.393059262
408 0.393364410
409 0.392468014
410 0.392344370
411 0.392988803
412 0.392786687
413 0.393311700
414 0.393101351
415 0.392484940
416 0.393013108
417 0.393369118
418 0.393764010
419 0.394348097
420 0.394288311
421 0.394059180
422 0.393873600
423 0.394116888
424 0.393678725
425 0.394106904
426 0.393400362
427 0.393686337
428 0.393916573
429 0.394020883
430 0.394238936
431 0.394853312
432 0.393902197
433 0.394908996
434 0.395508792
435 0.394864444
436 0.395200109
437 0.394879604
438 0.394632177
439 0.395289877
440 0.395517273
441 0.394980234
442 0.394267815
443 0.394797908
444 0.395014768
445 0.394708984
446 0.394804962
447 0.394762233
448 0.394999071
449 0.395294681
450 0.394901443
451 0.394378219
452 0.394597031
453 0.394580587
454 0.394880797
455 0.395179175
456 0.394631514
457 0.394531177
458 0.394816149
459 0.394961392
460 0.394184504
461 0.395023538
462 0.393741104
463 0.395001188
464 0.394237081
465 0.394666433
466 0.394813349
467 0.395241219
468 0.395141091
469 0.395158430
470 0.394445786
471 0.394559455
472 0.394728516
473 0.395111723
474 0.395150513
475 0.394984299
476 0.395194110
477 0.394183495
478 0.395316835
479 0.394652851
480 0.395144888
481 0.394829502
482 0.396063698
483 0.395336345
484 0.395380562
485 0.395176088
486 0.395305144
487 0.395193463
488 0.395283197
489 0.395781315
490 0.395398415
491 0.395236716
492 0.396026475
493 0.396166100
494 0.395972053
495 0.396135215
496 0.396548498
497 0.396710135
498 0.397252424
499 0.396524034
500 0.396285123
501 0.396490050
502 0.396956181
503 0.396909111
504 0.397216936
505 0.396874325
506 0.396502060
507 0.397174180
508 0.396318396
509 0.397938076
510 0.397863149
511 0.397549992
512 0.396706188
513 0.397198668
514 0.397786501
515 0.397282780
516 0.397766052
517 0.397774514
518 0.397809339
519 0.397401089
520 0.397771938
521 0.397463550
522 0.397641382
523 0.397270933
524 0.397796202
525 0.396791887
526 0.397278116
527 0.396621250
528 0.396674370
529 0.397063570
530 0.396962123
531 0.397482258
532 0.396706465
533 0.397144396
534 0.397154184
535 0.396885210
536 0.397722981
537 0.396577747
538 0.396511165
539 0.396566233
540 0.395949006
541 0.395950651
542 0.395425744
543 0.395696345
544 0.395254966
545 0.395291790
546 0.395322159
547 0.394807653
548 0.394965303
549 0.395098649
550 0.395119529
551 0.395129183
552 0.395785908
553 0.395896068
554 0.396195041
555 0.395590349
556 0.394848757
557 0.394863298
558 0.394998093
559 0.395047061
560 0.395119227
561 0.395378237
562 0.395291544
563 0.394946028
564 0.394798404
565 0.394493912
566 0.395070418
567 0.394351439
568 0.394721706
569 0.395103594
570 0.395265628
571 0.394363139
572 0.394682703
573 0.394832326
574 0.394849173
575 0.394258476
576 0.394498989
577 0.394377240
578 0.394415073
579 0.393847889
580 0.393683337
581 0.393847450
582 0.394864987
583 0.394151799
584 0.393865290
585 0.393428047
586 0.394046537
587 0.392938895
588 0.393054447
589 0.392979484
590 0.392525928
591 0.392586320
592 0.392924549
593 0.392062187
594 0.392142061
595 0.392973947
596 0.392031589
597 0.392155618
598 0.392890409
599 0.391728147
600 0.391477376
601 0.391751149
602 0.391650015
603 0.391682009
604 0.392021629
605 0.392330474
606 0.391793770
607 0.392011825
608 0.392131286
609 0.392259719
610 0.392119128
611 0.392367291
612 0.392858192
613 0.392018416
614 0.392244548
615 0.392307910
616 0.392389912
617 0.391181510
618 0.391729581
619 0.390740276
620 0.390535451
621 0.390864645
622 0.390598407
623 0.390766166
624 0.390212104
625 0.389366433
626 0.389755713
627 0.390071654
628 0.390125563
629 0.389843872
630 0.390080580
631 0.390436639
632 0.390023388
633 0.389507276
634 0.389333570
635 0.389045573
636 0.388963619
637 0.389012483
638 0.389442307
639 0.389490683
640 0.388517738
641 0.388303949
642 0.388496168
643 0.388567651
644 0.388340610
645 0.387785680
646 0.388053804
647 0.388064619
648 0.387539376
649 0.387771297
650 0.387574304
651 0.387719132
652 0.387018725
653 0.387137305
654 0.387298273
655 0.386906265
656 0.387217780
657 0.387057509
658 0.386639622
659 0.386023646
660 0.386169831
661 0.385903727
662 0.385513843
663 0.386041430
664 0.386247233
665 0.385221227
666 0.385752403
667 0.385812121
668 0.385361881
669 0.385052966
670 0.385112089
671 0.384786827
672 0.385582612
673 0.385218410
674 0.385654699
675 0.384857588
676 0.385370861
677 0.384903455
678 0.384008206
679 0.383820057
680 0.384496678
681 0.383277616
682 0.383729430
683 0.383639151
684 0.383207816
685 0.382865828
686 0.382627013
687 0.381727993
688 0.381998166
689 0.382272416
690 0.382580715
691 0.382637348
692 0.382288271
693 0.382179528
694 0.381599697
695 0.381991958
696 0.381793535
697 0.381261786
698 0.381472606
699 0.380453061
700 0.380927284
701 0.381355090
702 0.381039421
703 0.380818692
704 0.380632025
705 0.380266203
706 0.379953823
707 0.380311110
708 0.379671910
709 0.379686117
710 0.379950160
711 0.379152337
712 0.379505874
713 0.379397265
714 0.377778395
715 0.377831866
716 0.377661409
717 0.377754683
718 0.377482119
719 0.377180153
720 0.377023509
721 0.377665412
722 0.377172130
723 0.376608903
724 0.376071821
725 0.375873816
726 0.375714035
727 0.375257189
728 0.375658890
729 0.374372199
730 0.375377765
731 0.375268605
732 0.374011930
733 0.374194441
734 0.373659576
735 0.374114601
736 0.374081245
737 0.373466961
738 0.372723904
739 0.372841821
740 0.372930435
741 0.372413468
742 0.371828568
743 0.371920200
744 0.370954559
745 0.371464900
746 0.371356504
747 0.370939141
748 0.370804669
749 0.371251951
750 0.371255472
751 0.370312195
752 0.369491445
753 0.368989302
754 0.368725301
755 0.369255418
756 0.367772381
757 0.367673461
758 0.368044879
759 0.367623191
760 0.367679497
761 0.367759337
762 0.367949076
763 0.367484586
764 0.366385303
765 0.366987935
766 0.366590013
767 0.367120833
768 0.365761334
769 0.366156676
770 0.364810454
771 0.364408618
772 0.365350532
773 0.366101474
774 0.365632040
775 0.366616335
776 0.366852033
777 0.366046588
778 0.365176062
779 0.365358357
780 0.366311686
781 0.365403857
782 0.364679224
783 0.365544391
784 0.365334799
785 0.364773411
786 0.365117224
787 0.364968114
788 0.363868643
789 0.362734631
790 0.363251392
791 0.363835979
792 0.363475311
793 0.363386184
794 0.363599828
795 0.363301628
796 0.362796559
797 0.363129391
798 0.363112326
799 0.362883429
800 0.363653743
801 0.364119200
802 0.364077810
803 0.363660016
804 0.363802830
805 0.363675570
806 0.362987586
807 0.363272097
808 0.363524715
809 0.363248118
810 0.363103439
811 0.362923220
812 0.362123718
813 0.362495869
814 0.361761989
815 0.362168976
816 0.362135484
817 0.361272609
818 0.362083621
819 0.361602123
820 0.361878150
821 0.362004315
822 0.361866331
823 0.361221631
824 0.361672686
825 0.361161133
826 0.360913316
827 0.360866390
828 0.361205800
829 0.361128455
830 0.360514794
831 0.360111903
832 0.360284205
833 0.360431537
834 0.360328399
835 0.360825744
836 0.359682146
837 0.359914733
838 0.359894197
839 0.360234867
840 0.359834521
841 0.358965478
842 0.358542445
843 0.358355695
844 0.358362343
845 0.358031506
846 0.358876400
847 0.358428632
848 0.357444857
849 0.358298194
850 0.358043092
851 0.357824952
852 0.357424877
853 0.358210081
854 0.358057138
855 0.357407169
856 0.358251844
857 0.358474021
858 0.358412420
859 0.359102205
860 0.358613159
861 0.358934310
862 0.357983882
863 0.356679230
864 0.358096297
865 0.357157325
866 0.358910646
867 0.357826727
868 0.358109003
869 0.358519773
870 0.359509008
871 0.358683166
872 0.358999805
873 0.358275842
874 0.357686045
875 0.358057703
876 0.357200185
877 0.356978225
878 0.357070107
879 0.357154572
880 0.357745230
881 0.356333743
882 0.356103093
883 0.355838211
884 0.356497496
885 0.356446824
886 0.356480186
887 0.355705486
888 0.357144087
889 0.356601667
890 0.356241307
891 0.355723826
892 0.355631563
893 0.356198410
894 0.356087975
895 0.355828431
896 0.355515622
897 0.354901531
898 0.355317594
899 0.355616821
900 0.355670232
901 0.354209619
902 0.355293138
903 0.354987147
904 0.355515911
905 0.355718674
906 0.355257922
907 0.354501585
908 0.355693996
909 0.355131072
910 0.355703074
911 0.355434834
912 0.354592242
913 0.354767291
914 0.354947018
915 0.355260879
916 0.355187885
917 0.354338969
918 0.354875834
919 0.355618414
920 0.355043419
921 0.355376920
922 0.355190558
923 0.355309883
924 0.354661691
925 0.353443661
926 0.354237236
927 0.353949142
928 0.354568023
929 0.354932527
930 0.353995278
931 0.352726615
932 0.353200476
933 0.353030851
934 0.352863035
935 0.352981257
936 0.353241366
937 0.352683872
938 0.353584714
939 0.352918052
940 0.352966956
941 0.352909480
942 0.353505352
943 0.352600608
944 0.353307382
945 0.353251596
946 0.352688698
947 0.353059888
948 0.353417817
949 0.353233345
950 0.353347838
951 0.353272907
952 0.353208916
953 0.353466948
954 0.352885166
955 0.352576293
956 0.352424117
957 0.352967766
958 0.352704893
959 0.352765230
960 0.353173310
961 0.353742771
962 0.353061799
963 0.353250901
964 0.353333605
965 0.352160185
966 0.352763180
967 0.351914383
968 0.352261699
969 0.351985688
970 0.352396320
971 0.352710334
972 0.352634409
973 0.352238045
974 0.352449275
975 0.352768498
976 0.352609248
977 0.352401361
978 0.352348541
979 0.352618250
980 0.352989735
981 0.353373290
982 0.352260164
983 0.351984118
984 0.351974858
985 0.352505467
986 0.353176051
987 0.352284741
988 0.352749845
989 0.351821067
990 0.352969770
991 0.352365912
992 0.351801496
993 0.352324596
994 0.352151272
995 0.352003023
996 0.351776195
997 0.351789142
998 0.350967319
999 0.351615173
1000 0.351055460
1001 0.138297832
1002 0.137406574
1003 0.301797154
1004 0.336447487
1005 0.336983367
1006 0.330786600
1007 0.323824316
1008 0.320179830
1009 0.316592645
1010 0.312375637
1011 0.311479860
1012 0.309449272
1013 0.307807704
1014 0.305119211
1015 0.304248388
1016 0.301905574
1017 0.301598611
1018 0.299292046
1019 0.297610644
1020 0.295944148
1021 0.296880486
1022 0.294054160
1023 0.295833731
1024 0.295187663
1025 0.294567790
1026 0.294341963
1027 0.294230843
1028 0.294408937
1029 0.292746806
1030 0.290927996
1031 0.290797808
1032 0.291654908
1033 0.290362941
1034 0.291112518
1035 0.290387756
1036 0.290277759
1037 0.290293941
1038 0.290951595
1039 0.291050426
1040 0.288247888
1041 0.289561833
1042 0.288408123
1043 0.288489416
1044 0.288674938
1045 0.288381872
1046 0.288678848
1047 0.289223343
1048 0.288655251
1049 0.287387496
1050 0.286692158
1051 0.288301306
1052 0.287595358
1053 0.288115649
1054 0.286466517
1055 0.286226002
1056 0.285946391
1057 0.286627637
1058 0.286935237
1059 0.286833779
1060 0.287180182
1061 0.285770730
1062 0.287755296
1063 0.284577190
1064 0.285495092
1065 0.285959490
1066 0.287402936
1067 0.286181063
1068 0.284757479
1069 0.283853477
1070 0.284702285
1071 0.284399032
1072 0.285182037
1073 0.287365778
1074 0.285747020
1075 0.285884651
1076 0.283826664
1077 0.284171221
1078 0.283185888
1079 0.285220166
1080 0.285208608
1081 0.283901693
1082 0.283427337
1083 0.284514477
1084 0.283263666
1085 0.285110685
1086 0.284604420
1087 0.283894462
1088 0.284094383
1089 0.284984858
1090 0.283701581
1091 0.284547557
1092 0.284223199
1093 0.283110981
1094 0.283104885
1095 0.283466457
1096 0.284314242
1097 0.283862647
1098 0.284775277
1099 0.284464254
1100 0.285775158
1101 0.285520162
1102 0.282395284
1103 0.282654277
1104 0.283317961
1105 0.283758143
1106 0.283228304
1107 0.283911706
1108 0.283611896
1109 0.282014827
1110 0.280936402
1111 0.282819017
1112 0.281902088
1113 0.281800293
1114 0.281376418
1115 0.281733372
1116 0.282485581
1117 0.280748324
1118 0.281666789
1119 0.281199300
1120 0.281924796
1121 0.281152940
1122 0.283198395
1123 0.281813204
1124 0.281051162
1125 0.281623693
1126 0.282176662
1127 0.281592585
1128 0.281766831
1129 0.281735543
1130 0.281228124
1131 0.280510687
1132 0.280056573
1133 0.280030493
1134 0.280444652
1135 0.281411505
1136 0.280344124
1137 0.279991423
1138 0.280901960
1139 0.280420742
1140 0.280337504
1141 0.279513310
1142 0.280924884
1143 0.281152943
1144 0.281103157
1145 0.281089882
1146 0.280662326
1147 0.280978632
1148 0.280748070
1149 0.279636781
1150 0.280586539
1151 0.280674968
1152 0.281473407
1153 0.281195641
1154 0.279889404
1155 0.281018190
1156 0.280375749
1157 0.281128572
1158 0.280076999
1159 0.279959393
1160 0.279867869
1161 0.279843830
1162 0.280440236
1163 0.281181771
1164 0.278860699
1165 0.279551497
1166 0.280705732
1167 0.281119535
1168 0.279491793
1169 0.280246892
1170 0.280195107
1171 0.280637936
1172 0.280410546
1173 0.279564847
1174 0.279289736
1175 0.279224725
1176 0.280234924
1177 0.278986217
1178 0.279556540
1179 0.280159208
1180 0.279781613
1181 0.280359187
1182 0.279950126
1183 0.281314583
1184 0.280051342
1185 0.280033329
1186 0.279181173
1187 0.280107190
1188 0.280974492
1189 0.280843314
1190 0.280468160
1191 0.281175591
1192 0.281720706
1193 0.281433899
1194 0.280048439
1195 0.280135008
1196 0.280866121
1197 0.281332160
1198 0.280549505
1199 0.280889174
1200 0.280206505
1201 0.278907380
1202 0.279343111
1203 0.279694431
1204 0.279195931
1205 0.279804974
1206 0.279558324
1207 0.279505057
1208 0.279871857
1209 0.280280688
1210 0.280769828
1211 0.280549808
1212 0.281155075
1213 0.280048491
1214 0.281583955
1215 0.279891598
1216 0.280668082
1217 0.280119803
1218 0.279253899
1219 0.281198826
1220 0.279479678
1221 0.280349900
1222 0.280940190
1223 0.281315604
1224 0.281063888
1225 0.279782315
1226 0.280176329
1227 0.279399669
1228 0.280588027
1229 0.279306749
1230 0.278939017
1231 0.279290916
1232 0.279652735
1233 0.278377254
1234 0.279079973
1235 0.279999666
1236 0.279665013
1237 0.280315298
1238 0.279186036
1239 0.278475603
1240 0.280116646
1241 0.279807700
1242 0.278817516
1243 0.278864951
1244 0.280490598
1245 0.277710518
1246 0.278918418
1247 0.279070951
1248 0.278588841
1249 0.277890548
1250 0.277312968
1251 0.278462962
1252 0.278680059
1253 0.278631506
1254 0.279001741
1255 0.278601813
1256 0.279955320
1257 0.278924893
1258 0.279633587
1259 0.278995179
1260 0.278705659
1261 0.278993119
1262 0.278301753
1263 0.278453256
1264 0.278524678
1265 0.278521071
1266 0.276696894
1267 0.277378374
1268 0.278075350
1269 0.277718371
1270 0.278589443
1271 0.278521849
1272 0.277736162
1273 0.278374928
1274 0.278437397
1275 0.278386096
1276 0.278162201
1277 0.278514160
1278 0.279606402
1279 0.278322405
1280 0.279073499
1281 0.278053101
1282 0.278337902
1283 0.278060942
1284 0.278405005
1285 0.278056954
1286 0.278232086
1287 0.278957129
1288 0.277926601
1289 0.279792730
1290 0.278707453
1291 0.278576635
1292 0.278476633
1293 0.279528625
1294 0.280254560
1295 0.279997211
1296 0.278667855
1297 0.277132852
1298 0.277873937
1299 0.277397775
1300 0.277754058
1301 0.277282387
1302 0.277794147
1303 0.277888528
1304 0.278179171
1305 0.279838996
1306 0.277779536
1307 0.278295463
1308 0.279177001
1309 0.278695330
1310 0.279081458
1311 0.279630607
1312 0.277305226
1313 0.278438880
1314 0.277837585
1315 0.277702473
1316 0.278594336
1317 0.278504498
1318 0.277331970
1319 0.277225560
1320 0.277954715
1321 0.278842687
1322 0.278138444
1323 0.278179431
1324 0.277676397
1325 0.278611395
1326 0.276316781
1327 0.277814785
1328 0.277841789
1329 0.278064805
1330 0.279057955
1331 0.278729151
1332 0.277801839
1333 0.278607252
1334 0.279271151
1335 0.278739686
1336 0.278539993
1337 0.278123548
1338 0.278003765
1339 0.278841600
1340 0.277947096
1341 0.277606448
1342 0.278303844
1343 0.277252628
1344 0.277641357
1345 0.277088147
1346 0.278767543
1347 0.276546117
1348 0.276844290
1349 0.278161441
1350 0.278435371
1351 0.277216973
1352 0.276878795
1353 0.276633077
1354 0.276775803
1355 0.278433968
1356 0.278448445
1357 0.277305182
1358 0.277815856
1359 0.276818490
1360 0.277418727
1361 0.277584461
1362 0.277592678
1363 0.276967398
1364 0.277064818
1365 0.277367097
1366 0.277805038
1367 0.277519101
1368 0.277956876
1369 0.277994610
1370 0.277109002
1371 0.277253368
1372 0.278702584
1373 0.277276226
1374 0.277906324
1375 0.275625820
1376 0.277179180
1377 0.278090079
1378 0.277599973
1379 0.277656642
1380 0.277923943
1381 0.276644118
1382 0.276783773
1383 0.276681051
1384 0.276866677
1385 0.277797569
1386 0.277990725
1387 0.277020375
1388 0.278314434
1389 0.277801347
1390 0.278429585
1391 0.276299257
1392 0.277012089
1393 0.277863707
1394 0.277783370
1395 0.279310349
1396 0.277297054
1397 0.277811703
1398 0.277181140
1399 0.276434712
1400 0.276244459
1401 0.277359684
1402 0.276954256
1403 0.278600906
1404 0.276187550
1405 0.275964676
1406 0.276979437
1407 0.276399077
1408 0.276378914
1409 0.276912282
1410 0.277853095
1411 0.276818029
1412 0.276735071
1413 0.277154060
1414 0.276151416
1415 0.275889537
1416 0.276581444
1417 0.276504406
1418 0.276262797
1419 0.277620209
1420 0.276726819
1421 0.276602011
1422 0.276150903
1423 0.276599388
1424 0.275088702
1425 0.275880545
1426 0.276342486
1427 0.276345841
1428 0.275712792
1429 0.276954275
1430 0.276473876
1431 0.276728527
1432 0.277043853
1433 0.276564953
1434 0.277947225
1435 0.277276117
1436 0.277148601
1437 0.276250906
1438 0.276724440
1439 0.277446707
1440 0.276393421
1441 0.276677087
1442 0.275223588
1443 0.276305856
1444 0.276258674
1445 0.276383336
1446 0.275329483
1447 0.274442285
1448 0.275671769
1449 0.276072563
1450 0.276923580
1451 0.275194460
1452 0.276158487
1453 0.276328814
1454 0.275357842
1455 0.275294663
1456 0.275778892
1457 0.276679600
1458 0.275758616
1459 0.275553592
1460 0.274877162
1461 0.274807544
1462 0.274346109
1463 0.275520457
1464 0.275817631
1465 0.275224727
1466 0.274314764
1467 0.275079066
1468 0.276043027
1469 0.274339786
1470 0.274305016
1471 0.275337267
1472 0.274792383
1473 0.275613344
1474 0.275792376
1475 0.275413644
1476 0.274762117
1477 0.275324661
1478 0.274462890
1479 0.274706963
1480 0.275298897
1481 0.274451120
1482 0.274823695
1483 0.275418350
1484 0.274719197
1485 0.275478365
1486 0.275363658
1487 0.274770368
1488 0.275406356
1489 0.276223543
1490 0.275385419
1491 0.275304445
1492 0.276319224
1493 0.275602327
1494 0.275905982
1495 0.277124015
1496 0.276133583
1497 0.274408673
1498 0.275016350
1499 0.275418447
1500 0.275385092
1501 0.275728539
1502 0.275699208
1503 0.274631558
1504 0.275967745
1505 0.273190807
1506 0.274013945
1507 0.273430400
1508 0.272464031
1509 0.272197071
1510 0.272469939
1511 0.272436818
1512 0.270019564
1513 0.270167754
1514 0.269809328
1515 0.269457794
1516 0.269144953
1517 0.269374752
1518 0.268396458
1519 0.267476216
1520 0.268323798
1521 0.268021410
1522 0.267343376
1523 0.266194793
1524 0.267336872
1525 0.266422505
1526 0.265421243
1527 0.264989589
1528 0.265067092
1529 0.265023149
1530 0.264431283
1531 0.264402360
1532 0.263489366
1533 0.264247791
1534 0.264210880
1535 0.262067346
1536 0.263359991
1537 0.263645769
1538 0.262529602
1539 0.260842542
1540 0.261109868
1541 0.260644723
1542 0.259118195
1543 0.259788156
1544 0.260052010
1545 0.259169149
1546 0.258055540
1547 0.257685587
1548 0.256567514
1549 0.257252369
1550 0.256734332
1551 0.257487841
1552 0.255332621
1553 0.255934176
1554 0.256353559
1555 0.255953262
1556 0.254920860
1557 0.254711176
1558 0.253042935
1559 0.254841627
1560 0.253408639
1561 0.253402988
1562 0.251880644
1563 0.251710245
1564 0.250551686
1565 0.250469198
1566 0.251942072
1567 0.251019658
1568 0.249336295
1569 0.248993812
1570 0.248809946
1571 0.248405829
1572 0.248682750
1573 0.247647258
1574 0.246887323
1575 0.246569637
1576 0.247266834
1577 0.246395001
1578 0.246659924
1579 0.245325281
1580 0.245086792
1581 0.243611462
1582 0.244899522
1583 0.244471702
1584 0.242428508
1585 0.242615532
1586 0.244645176
1587 0.242751536
1588 0.242127870
1589 0.241868470
1590 0.242096904
1591 0.240311069
1592 0.242396767
1593 0.241067189
1594 0.240682505
1595 0.240981656
1596 0.239504410
1597 0.238468629
1598 0.237386480
1599 0.237464832
1600 0.237960430
1601 0.237439139
1602 0.237211887
1603 0.237138218
1604 0.236851099
1605 0.236860112
1606 0.235681960
1607 0.234931354
1608 0.234510627
1609 0.234211546
1610 0.233431066
1611 0.233756460
1612 0.232641885
1613 0.233114600
1614 0.231836526
1615 0.233078075
1616 0.231129731
1617 0.230019354
1618 0.230083698
1619 0.229607235
1620 0.228858077
1621 0.228862472
1622 0.228643076
1623 0.228307827
1624 0.227867960
1625 0.228216110
1626 0.226725997
1627 0.226177107
1628 0.226520385
1629 0.225973625
1630 0.225235721
1631 0.223173751
1632 0.224553129
1633 0.223561372
1634 0.223813910
1635 0.224454132
1636 0.222122602
1637 0.222336260
1638 0.221784069
1639 0.221041237
1640 0.220207128
1641 0.221215574
1642 0.220286159
1643 0.219551793
1644 0.219020363
1645 0.218576504
1646 0.217001006
1647 0.218327872
1648 0.217276172
1649 0.216653430
1650 0.217875691
1651 0.216801805
1652 0.215510434
1653 0.214826273
1654 0.214890309
1655 0.214815459
1656 0.212434781
1657 0.213512212
1658 0.213652390
1659 0.211962204
1660 0.211127191
1661 0.211768884
1662 0.212234492
1663 0.210330595
1664 0.210377004
1665 0.209402334
1666 0.209830410
1667 0.209959765
1668 0.206569334
1669 0.207697197
1670 0.207009109
1671 0.206851135
1672 0.206756927
1673 0.206437759
1674 0.205686858
1675 0.205400679
1676 0.204622346
1677 0.203823380
1678 0.203331732
1679 0.203743902
1680 0.202245069
1681 0.202038880
1682 0.202304215
1683 0.202172389
1684 0.201634957
1685 0.201803427
1686 0.201154915
1687 0.200749049
1688 0.199744876
1689 0.200132925
1690 0.199488740
1691 0.198808117
1692 0.199387834
1693 0.198853133
1694 0.197141574
1695 0.197235667
1696 0.196454211
1697 0.197073335
1698 0.195519538
1699 0.194241800
1700 0.194447287
1701 0.194084803
1702 0.194396057
1703 0.192761790
1704 0.193890091
1705 0.192853908
1706 0.191602488
1707 0.192126356
1708 0.192107806
1709 0.192729683
1710 0.192100092
1711 0.190463050
1712 0.189256075
1713 0.190550930
1714 0.189088273
1715 0.187488825
1716 0.188751169
1717 0.188655575
1718 0.187135089
1719 0.185225369
1720 0.186553141
1721 0.185697962
1722 0.185010490
1723 0.186371983
1724 0.184542636
1725 0.184984668
1726 0.183544771
1727 0.183732728
1728 0.182881235
1729 0.182655529
1730 0.181019000
1731 0.181786739
1732 0.181936791
1733 0.181048368
1734 0.181408653
1735 0.180032355
1736 0.180145588
1737 0.179041978
1738 0.177391805
1739 0.178286697
1740 0.177835550
1741 0.178038248
1742 0.177062124
1743 0.176791641
1744 0.176473396
1745 0.176423753
1746 0.175729326
1747 0.175443532
1748 0.174977323
1749 0.173663538
1750 0.173383138
1751 0.173922864
1752 0.173701598
1753 0.173149115
1754 0.172614423
1755 0.172533757
1756 0.171974070
1757 0.172930347
1758 0.172327663
1759 0.172035327
1760 0.172431325
1761 0.173159827
1762 0.171306265
1763 0.172624863
1764 0.172708955
1765 0.172493423
1766 0.172877584
1767 0.171628382
1768 0.171957932
1769 0.171641759
1770 0.171530533
1771 0.172074730
1772 0.172259344
1773 0.171608877
1774 0.170828514
1775 0.172630138
1776 0.172659726
1777 0.172230916
1778 0.170840666
1779 0.171518518
1780 0.172865587
1781 0.171569520
1782 0.171926080
1783 0.171912028
1784 0.171900248
1785 0.170689523
1786 0.170506367
1787 0.172766564
1788 0.172084208
1789 0.172405606
1790 0.169554801
1791 0.170713033
1792 0.170741030
1793 0.171669952
1794 0.171039762
1795 0.170717162
1796 0.170774952
1797 0.171600125
1798 0.171178879
1799 0.170775187
1800 0.169827767
1801 0.170295094
1802 0.170666577
1803 0.170592780
1804 0.171144901
1805 0.170625662
1806 0.171666357
1807 0.171389864
1808 0.171292570
1809 0.171090350
1810 0.170465271
1811 0.169574689
1812 0.169833667
1813 0.170318723
1814 0.171262476
1815 0.170997894
1816 0.170246598
1817 0.170488680
1818 0.170861736
1819 0.170820583
1820 0.170587541
1821 0.169370735
1822 0.170781012
1823 0.171712622
1824 0.171861201
1825 0.171194260
1826 0.171005304
1827 0.169909599
1828 0.170955151
1829 0.170049564
1830 0.169266348
1831 0.170936482
1832 0.170444213
1833 0.170946453
1834 0.171949010
1835 0.170506554
1836 0.170624326
1837 0.170424180
1838 0.170027912
1839 0.169677988
1840 0.169163845
1841 0.169939011
1842 0.170635839
1843 0.170264038
1844 0.170185415
1845 0.170583529
1846 0.170453789
1847 0.171365689
1848 0.169983870
1849 0.169934019
1850 0.170139603
1851 0.169924406
1852 0.169613702
1853 0.169962112
1854 0.170468762
1855 0.169566032
1856 0.169802416
1857 0.169937077
1858 0.169985769
1859 0.170862657
1860 0.170432546
1861 0.169993494
1862 0.170114212
1863 0.171583538
1864 0.170379272
1865 0.171010736
1866 0.170373901
1867 0.170546269
1868 0.170165944
1869 0.170251184
1870 0.172943661
1871 0.170293927
1872 0.171550430
1873 0.170173035
1874 0.171703074
1875 0.170306739
1876 0.171304097
1877 0.172022671
1878 0.171609104
1879 0.170735248
1880 0.170398315
1881 0.170973970
1882 0.170990085
1883 0.170173569
1884 0.170165755
1885 0.170761116
1886 0.170446081
1887 0.171117015
1888 0.171147505
1889 0.170631487
1890 0.170534052
1891 0.170767809
1892 0.171085153
1893 0.170822507
1894 0.170228913
1895 0.170625388
1896 0.171042658
1897 0.169764178
1898 0.169679401
1899 0.171251614
1900 0.172487550
1901 0.170295895
1902 0.169892240
1903 0.171414075
1904 0.170780862
1905 0.170282813
1906 0.169455472
1907 0.170454644
1908 0.170463144
1909 0.172325620
1910 0.170950520
1911 0.170718686
1912 0.170632110
1913 0.171944793
1914 0.171069317
1915 0.172366690
1916 0.171474263
1917 0.170046037
1918 0.170906316
1919 0.170551904
1920 0.170890428
1921 0.171645789
1922 0.169456561
1923 0.171814404
1924 0.170980935
1925 0.171484261
1926 0.169861310
1927 0.169656416
1928 0.170963466
1929 0.170756262
1930 0.169138462
1931 0.169564868
1932 0.170142290
1933 0.171425561
1934 0.170706403
1935 0.170484852
1936 0.169501950
1937 0.171323559
1938 0.170100979
1939 0.170446191
1940 0.170663920
1941 0.169987701
1942 0.170257037
1943 0.171602544
1944 0.169970274
1945 0.170558709
1946 0.170629165
1947 0.170760922
1948 0.169866652
1949 0.170094730
1950 0.170672314
1951 0.170187063
1952 0.170168585
1953 0.171586822
1954 0.169088332
1955 0.170428105
1956 0.171101555
1957 0.170986109
1958 0.169900670
1959 0.169916750
1960 0.170331687
1961 0.170548630
1962 0.169482157
1963 0.170021483
1964 0.169480063
1965 0.169664782
1966 0.170033674
1967 0.170390494
1968 0.169857119
1969 0.170770127
1970 0.170501848
1971 0.171799935
1972 0.169418174
1973 0.171722467
1974 0.170096670
1975 0.170458209
1976 0.169631596
1977 0.168563216
1978 0.169763454
1979 0.171219974
1980 0.171001796
1981 0.170174261
1982 0.170437421
1983 0.170677353
1984 0.171329099
1985 0.171160615
1986 0.170076462
1987 0.170655559
1988 0.170815252
1989 0.169621415
1990 0.168906231
1991 0.168991290
1992 0.169174216
1993 0.169387574
1994 0.169094003
1995 0.170275300
1996 0.170669432
1997 0.170194575
1998 0.170332919
1999 0.170056932
2000 0.170101868
