29	64	0	8	0.96432
70	73	0	8	0.95759
58	64	0	8	0.95644
26	67	0	8	0.94957
27	66	0	8	0.93928
54	66	0	8	0.93382
74	77	0	8	0.93187
30	63	0	8	0.93138
59	62	0	8	0.92924
28	65	0	8	0.92483
56	64	0	8	0.91547
58	63	0	8	0.91534
44	49	0	8	0.91404
43	50	0	8	0.91391
24	69	0	8	0.91161
58	62	0	8	0.91155
44	48	0	8	0.91067
41	52	0	8	0.90434
31	62	0	8	0.90411
25	70	0	8	0.90205
25	67	0	8	0.90201
25	68	0	8	0.89949
57	64	0	8	0.89919
59	63	0	8	0.89850
42	52	0	8	0.88734
42	51	0	8	0.88648
28	63	0	8	0.88592
73	77	0	8	0.88514
29	63	0	8	0.88484
24	67	0	8	0.88206
27	65	0	8	0.88112
69	72	0	8	0.87331
43	49	0	8	0.86973
26	66	0	8	0.86603
56	66	0	8	0.86562
56	65	0	8	0.86206
26	65	0	8	0.85994
31	63	0	8	0.85516
24	68	0	8	0.85179
30	62	0	8	0.84801
28	64	0	8	0.84756
44	50	0	8	0.83960
44	47	0	8	0.82925
55	66	0	8	0.82789
24	70	0	8	0.81886
42	82	0	8	0.81674
42	49	0	8	0.81432
77	80	0	8	0.81120
41	82	0	8	0.79944
42	50	0	8	0.79464
57	65	0	8	0.78873
27	68	0	8	0.78850
41	83	0	8	0.77969
45	48	0	8	0.76703
41	84	0	8	0.76545
40	54	0	8	0.76445
39	54	0	8	0.75615
42	83	0	8	0.74599
19	25	0	8	0.73698
54	68	0	8	0.73554
44	80	0	8	0.73427
23	70	0	8	0.72884
16	19	0	8	0.72729
29	65	0	8	0.72457
68	73	0	8	0.72387
20	23	0	8	0.71399
52	68	0	8	0.70962
43	81	0	8	0.70306
40	84	0	8	0.70099
29	66	0	8	0.70010
16	25	0	8	0.68461
45	50	0	8	0.67911
41	54	0	8	0.67558
26	68	0	8	0.67452
27	67	0	8	0.66881
43	52	0	8	0.66741
40	53	0	8	0.66686
43	80	0	8	0.66665
38	56	0	8	0.66200
44	81	0	8	0.65704
41	51	0	8	0.65348
19	23	0	8	0.64975
59	65	0	8	0.64175
40	83	0	8	0.63949
23	69	0	8	0.63484
38	55	0	8	0.62353
30	64	0	8	0.61888
27	82	0	8	0.61648
43	82	0	8	0.61550
14	27	0	8	0.61344
32	62	0	8	0.61083
28	66	0	8	0.61004
16	27	0	8	0.60833
58	65	0	8	0.59904
42	81	0	8	0.59880
45	79	0	8	0.58725
39	85	0	8	0.58350
44	79	0	8	0.57206
88	91	0	8	0.57026
14	82	0	8	0.56571
41	53	0	8	0.56385
33	62	0	8	0.55920
20	24	0	8	0.55902
19	24	0	8	0.55217
59	64	0	8	0.55198
37	56	0	8	0.55160
39	55	0	8	0.55030
40	85	0	8	0.54368
25	73	0	8	0.53905
14	29	0	8	0.53529
54	67	0	8	0.53365
25	69	0	8	0.53169
69	73	0	8	0.52870
42	84	0	8	0.52756
40	52	0	8	0.52754
87	90	0	8	0.52723
40	51	0	8	0.52675
35	58	0	8	0.52087
45	80	0	8	0.51615
39	84	0	8	0.51334
43	83	0	8	0.51199
68	72	0	8	0.50629
41	66	0	8	0.50436
11	82	0	8	0.50099
56	67	0	8	0.49724
39	56	0	8	0.49278
39	86	0	8	0.48793
5	8	0	8	0.48771
38	54	0	8	0.48375
55	67	0	8	0.48189
34	58	0	8	0.48163
43	51	0	8	0.46482
39	53	0	8	0.46468
87	91	0	8	0.46346
38	86	0	8	0.46252
20	25	0	8	0.46110
10	83	0	8	0.45271
31	64	0	8	0.44501
33	58	0	8	0.44138
53	68	0	8	0.44058
29	82	0	8	0.43731
20	26	0	8	0.43522
16	26	0	8	0.43496
11	83	0	8	0.43135
9	84	0	8	0.42165
52	82	0	8	0.42020
29	84	0	8	0.41860
19	26	0	8	0.41782
10	84	0	8	0.41733
23	71	0	8	0.41680
38	85	0	8	0.41514
18	26	0	8	0.40749
52	73	0	8	0.40413
93	96	0	8	0.40004
9	83	0	8	0.39147
31	61	0	8	0.38899
11	81	0	8	0.38729
12	82	0	8	0.38400
37	55	0	8	0.38201
89	92	0	8	0.37785
6	9	0	8	0.37566
30	61	0	8	0.37551
12	29	0	8	0.37531
41	85	0	8	0.36825
40	82	0	8	0.36822
17	28	0	8	0.36766
36	56	0	8	0.36505
14	28	0	8	0.36398
36	58	0	8	0.36353
39	83	0	8	0.35835
37	58	0	8	0.35603
57	66	0	8	0.35572
11	84	0	8	0.35447
18	25	0	8	0.35272
4	8	0	8	0.35255
17	26	0	8	0.35028
45	49	0	8	0.35000
42	80	0	8	0.34574
44	82	0	8	0.34461
9	85	0	8	0.34428
64	84	0	8	0.34382
16	28	0	8	0.34072
45	77	0	8	0.33840
66	84	0	8	0.33500
96	99	0	8	0.33386
95	98	0	8	0.33370
14	80	0	8	0.33175
52	69	0	8	0.32915
8	85	0	8	0.32189
36	57	0	8	0.32164
45	78	0	8	0.32066
34	62	0	8	0.31950
35	57	0	8	0.31591
19	22	0	8	0.31417
53	69	0	8	0.31406
4	7	0	8	0.31400
86	91	0	8	0.31365
16	77	0	8	0.31079
73	80	0	8	0.30603
37	57	0	8	0.30367
19	70	0	8	0.30133
38	87	0	8	0.30056
37	86	0	8	0.30045
14	81	0	8	0.30020
40	86	0	8	0.29911
41	81	0	8	0.29685
12	81	0	8	0.29569
66	82	0	8	0.29351
33	64	0	8	0.29240
21	24	0	8	0.29190
42	53	0	8	0.29095
37	87	0	8	0.28908
50	73	0	8	0.28833
46	79	0	8	0.28675
8	86	0	8	0.28652
34	60	0	8	0.28390
44	77	0	8	0.28329
15	27	0	8	0.28311
27	41	0	8	0.28307
11	29	0	8	0.28293
10	82	0	8	0.28149
45	81	0	8	0.27706
99	102	0	8	0.27686
14	79	0	8	0.27565
16	79	0	8	0.27493
33	60	0	8	0.27364
55	68	0	8	0.27330
41	68	0	8	0.27247
86	90	0	8	0.27164
38	57	0	8	0.27089
16	80	0	8	0.26996
27	64	0	8	0.26933
98	101	0	8	0.26859
52	70	0	8	0.26781
13	82	0	8	0.26669
35	38	0	8	0.26555
12	83	0	8	0.26439
97	100	0	8	0.26421
5	9	0	8	0.26234
68	82	0	8	0.26217
38	84	0	8	0.26040
49	83	0	8	0.25957
13	80	0	8	0.25953
15	28	0	8	0.25787
9	31	0	8	0.25410
13	79	0	8	0.25376
31	58	0	8	0.25368
13	81	0	8	0.25319
18	28	0	8	0.25083
16	70	0	8	0.24964
60	63	0	8	0.24841
14	84	0	8	0.24586
33	59	0	8	0.24502
34	59	0	8	0.24411
15	29	0	8	0.24387
14	25	0	8	0.24233
43	79	0	8	0.24230
89	93	0	8	0.24220
46	78	0	8	0.24169
9	33	0	8	0.24151
22	70	0	8	0.23954
94	97	0	8	0.23784
101	104	0	8	0.23771
17	25	0	8	0.23764
16	78	0	8	0.23742
7	10	0	8	0.23564
39	87	0	8	0.23534
9	86	0	8	0.23312
10	31	0	8	0.23227
15	30	0	8	0.23220
10	81	0	8	0.23194
44	78	0	8	0.23148
35	56	0	8	0.23131
100	103	0	8	0.22803
13	27	0	8	0.22758
12	80	0	8	0.22638
29	41	0	8	0.22532
58	61	0	8	0.22368
38	53	0	8	0.22357
15	19	0	8	0.22242
102	105	0	8	0.22179
41	64	0	8	0.22143
40	55	0	8	0.22129
13	28	0	8	0.22121
54	64	0	8	0.22096
37	85	0	8	0.22063
50	77	0	8	0.21955
27	84	0	8	0.21849
32	61	0	8	0.21744
95	99	0	8	0.21743
94	98	0	8	0.21695
37	88	0	8	0.21620
43	68	0	8	0.21478
34	57	0	8	0.21449
17	27	0	8	0.21439
11	80	0	8	0.21379
40	81	0	8	0.21354
33	36	0	8	0.21353
54	69	0	8	0.21337
27	73	0	8	0.21142
86	93	0	8	0.21125
90	93	0	8	0.21124
12	30	0	8	0.21112
32	35	0	8	0.21043
12	31	0	8	0.21038
3	7	0	8	0.21038
37	54	0	8	0.21004
92	95	0	8	0.20987
73	76	0	8	0.20953
103	106	0	8	0.20782
57	67	0	8	0.20706
31	59	0	8	0.20686
14	30	0	8	0.20652
40	64	0	8	0.20636
15	79	0	8	0.20635
44	83	0	8	0.20470
46	77	0	8	0.20337
35	62	0	8	0.20290
29	54	0	8	0.20286
1	4	0	8	0.20258
32	60	0	8	0.20250
38	64	0	8	0.20239
88	92	0	8	0.20203
20	70	0	8	0.20162
39	64	0	8	0.19983
18	27	0	8	0.19983
14	66	0	8	0.19920
47	79	0	8	0.19790
10	33	0	8	0.19724
38	58	0	8	0.19638
10	85	0	8	0.19572
34	37	0	8	0.19526
9	32	0	8	0.19477
13	29	0	8	0.19439
9	30	0	8	0.19425
38	88	0	8	0.19285
33	61	0	8	0.19185
33	37	0	8	0.19180
15	26	0	8	0.19146
88	93	0	8	0.19065
42	85	0	8	0.19000
29	58	0	8	0.18967
12	84	0	8	0.18905
47	78	0	8	0.18893
7	86	0	8	0.18745
8	84	0	8	0.18731
11	31	0	8	0.18642
35	60	0	8	0.18606
27	52	0	8	0.18525
36	55	0	8	0.18426
11	41	0	8	0.18348
12	28	0	8	0.18262
98	102	0	8	0.18240
40	66	0	8	0.18149
6	10	0	8	0.18085
16	82	0	8	0.18073
50	70	0	8	0.17982
32	58	0	8	0.17955
31	60	0	8	0.17942
8	33	0	8	0.17941
27	54	0	8	0.17923
36	88	0	8	0.17826
8	83	0	8	0.17790
49	80	0	8	0.17749
10	30	0	8	0.17686
93	97	0	8	0.17674
21	25	0	8	0.17601
81	99	0	8	0.17583
96	100	0	8	0.17551
70	80	0	8	0.17538
54	84	0	8	0.17529
15	25	0	8	0.17512
16	29	0	8	0.17487
47	77	0	8	0.17484
38	83	0	8	0.17468
3	6	0	8	0.17460
35	59	0	8	0.17459
7	85	0	8	0.17414
36	87	0	8	0.17392
37	64	0	8	0.17354
99	103	0	8	0.17316
11	30	0	8	0.17194
40	56	0	8	0.17152
20	67	0	8	0.17026
27	80	0	8	0.16859
25	80	0	8	0.16669
48	77	0	8	0.16636
25	82	0	8	0.16623
97	101	0	8	0.16561
2	5	0	8	0.16531
86	89	0	8	0.16507
29	62	0	8	0.16477
25	66	0	8	0.16448
18	23	0	8	0.16314
10	32	0	8	0.16269
10	80	0	8	0.16199
92	96	0	8	0.16190
87	93	0	8	0.16171
43	84	0	8	0.16157
85	88	0	8	0.16128
13	26	0	8	0.16012
18	24	0	8	0.15902
49	52	0	8	0.15799
33	38	0	8	0.15751
83	96	0	8	0.15699
80	99	0	8	0.15657
25	77	0	8	0.15657
41	80	0	8	0.15566
52	81	0	8	0.15533
21	26	0	8	0.15533
49	81	0	8	0.15495
16	73	0	8	0.15297
7	87	0	8	0.15240
85	93	0	8	0.15207
46	76	0	8	0.15190
35	87	0	8	0.15184
13	31	0	8	0.15083
50	74	0	8	0.14951
21	70	0	8	0.14853
11	64	0	8	0.14847
81	98	0	8	0.14736
70	82	0	8	0.14698
14	26	0	8	0.14641
12	27	0	8	0.14624
15	18	0	8	0.14572
34	38	0	8	0.14539
52	72	0	8	0.14524
54	82	0	8	0.14510
14	83	0	8	0.14477
52	80	0	8	0.14411
80	101	0	8	0.14379
10	29	0	8	0.14308
35	88	0	8	0.14186
19	27	0	8	0.14177
12	79	0	8	0.14144
15	78	0	8	0.14143
9	81	0	8	0.14116
17	30	0	8	0.14088
51	81	0	8	0.14072
52	77	0	8	0.14022
6	86	0	8	0.13870
33	57	0	8	0.13867
46	80	0	8	0.13853
37	84	0	8	0.13835
86	92	0	8	0.13793
101	105	0	8	0.13757
91	94	0	8	0.13725
31	35	0	8	0.13715
70	77	0	8	0.13684
7	33	0	8	0.13663
27	70	0	8	0.13633
29	56	0	8	0.13630
87	92	0	8	0.13556
8	87	0	8	0.13504
85	91	0	8	0.13334
74	80	0	8	0.13286
1	5	0	8	0.13257
51	82	0	8	0.13204
100	104	0	8	0.13187
53	72	0	8	0.13031
49	77	0	8	0.13014
34	64	0	8	0.12913
48	78	0	8	0.12897
24	71	0	8	0.12807
29	91	0	8	0.12780
73	82	0	8	0.12776
8	32	0	8	0.12744
30	65	0	8	0.12736
90	94	0	8	0.12563
35	64	0	8	0.12527
6	87	0	8	0.12477
11	28	0	8	0.12411
29	93	0	8	0.12400
82	99	0	8	0.12379
2	6	0	8	0.12340
84	93	0	8	0.12320
64	86	0	8	0.12319
52	84	0	8	0.12309
18	22	0	8	0.12306
36	86	0	8	0.12303
102	106	0	8	0.12278
9	82	0	8	0.12225
6	85	0	8	0.12134
83	97	0	8	0.12060
9	34	0	8	0.12056
45	73	0	8	0.12041
8	34	0	8	0.12030
50	80	0	8	0.11985
34	61	0	8	0.11978
43	73	0	8	0.11922
39	57	0	8	0.11901
16	23	0	8	0.11897
82	97	0	8	0.11897
7	11	0	8	0.11841
31	34	0	8	0.11831
14	64	0	8	0.11822
13	83	0	8	0.11814
7	34	0	8	0.11779
34	87	0	8	0.11766
39	82	0	8	0.11708
80	102	0	8	0.11690
18	21	0	8	0.11689
47	76	0	8	0.11634
53	81	0	8	0.11627
51	70	0	8	0.11617
82	98	0	8	0.11575
22	71	0	8	0.11562
68	80	0	8	0.11514
82	96	0	8	0.11491
8	31	0	8	0.11484
84	96	0	8	0.11436
39	88	0	8	0.11362
22	25	0	8	0.11328
16	74	0	8	0.11318
26	70	0	8	0.11267
47	80	0	8	0.11237
22	69	0	8	0.11218
16	24	0	8	0.11172
14	31	0	8	0.11172
17	29	0	8	0.11171
33	86	0	8	0.11153
34	56	0	8	0.11136
83	98	0	8	0.11116
46	49	0	8	0.11030
73	78	0	8	0.11024
41	86	0	8	0.10987
43	77	0	8	0.10980
11	85	0	8	0.10970
80	100	0	8	0.10968
55	69	0	8	0.10930
36	89	0	8	0.10919
32	59	0	8	0.10908
15	31	0	8	0.10881
91	95	0	8	0.10833
79	101	0	8	0.10671
35	89	0	8	0.10656
10	86	0	8	0.10544
34	88	0	8	0.10502
3	8	0	8	0.10475
13	30	0	8	0.10470
43	70	0	8	0.10466
32	64	0	8	0.10464
80	103	0	8	0.10411
48	79	0	8	0.10390
11	14	0	8	0.10362
16	84	0	8	0.10340
16	68	0	8	0.10258
37	40	0	8	0.10227
14	41	0	8	0.10154
86	94	0	8	0.10120
35	86	0	8	0.10096
8	11	0	8	0.10087
70	74	0	8	0.10075
10	13	0	8	0.10069
19	67	0	8	0.10054
14	77	0	8	0.10053
55	65	0	8	0.10052
79	102	0	8	0.10041
11	33	0	8	0.10038
48	76	0	8	0.10010
45	76	0	8	0.09988
36	39	0	8	0.09982
26	69	0	8	0.09963
16	20	0	8	0.09949
35	39	0	8	0.09888
49	79	0	8	0.09807
83	95	0	8	0.09800
33	87	0	8	0.09792
11	93	0	8	0.09780
22	67	0	8	0.09755
40	87	0	8	0.09738
14	68	0	8	0.09734
15	80	0	8	0.09678
53	80	0	8	0.09669
12	64	0	8	0.09661
33	56	0	8	0.09658
7	88	0	8	0.09644
80	98	0	8	0.09629
12	32	0	8	0.09575
9	29	0	8	0.09561
39	66	0	8	0.09558
5	87	0	8	0.09526
81	101	0	8	0.09494
7	35	0	8	0.09489
64	91	0	8	0.09446
83	93	0	8	0.09438
64	93	0	8	0.09419
11	27	0	8	0.09401
55	64	0	8	0.09398
83	99	0	8	0.09394
42	79	0	8	0.09372
45	74	0	8	0.09365
17	78	0	8	0.09330
19	28	0	8	0.09314
43	78	0	8	0.09284
51	73	0	8	0.09269
9	41	0	8	0.09257
40	80	0	8	0.09184
32	36	0	8	0.09171
21	67	0	8	0.09171
12	93	0	8	0.09167
11	99	0	8	0.09080
2	87	0	8	0.09057
84	94	0	8	0.09056
84	87	0	8	0.09028
23	67	0	8	0.09025
28	67	0	8	0.08990
81	100	0	8	0.08986
41	49	0	8	0.08959
13	84	0	8	0.08932
84	91	0	8	0.08916
11	96	0	8	0.08903
49	85	0	8	0.08901
31	86	0	8	0.08894
9	35	0	8	0.08868
12	96	0	8	0.08808
91	96	0	8	0.08779
46	50	0	8	0.08756
81	97	0	8	0.08753
53	70	0	8	0.08740
44	73	0	8	0.08731
9	87	0	8	0.08676
37	89	0	8	0.08661
17	23	0	8	0.08654
48	75	0	8	0.08590
33	88	0	8	0.08588
77	82	0	8	0.08576
17	20	0	8	0.08547
86	96	0	8	0.08543
5	86	0	8	0.08522
47	50	0	8	0.08495
6	33	0	8	0.08464
79	99	0	8	0.08460
8	35	0	8	0.08454
79	103	0	8	0.08453
32	63	0	8	0.08449
17	24	0	8	0.08420
12	33	0	8	0.08414
39	81	0	8	0.08404
44	51	0	8	0.08349
37	62	0	8	0.08340
88	94	0	8	0.08322
81	102	0	8	0.08315
27	69	0	8	0.08305
9	39	0	8	0.08252
9	12	0	8	0.08240
48	80	0	8	0.08227
34	86	0	8	0.08134
36	59	0	8	0.08132
2	88	0	8	0.08124
93	98	0	8	0.08110
38	91	0	8	0.08110
10	99	0	8	0.08108
4	86	0	8	0.08094
7	32	0	8	0.08084
4	87	0	8	0.08064
48	74	0	8	0.08059
37	83	0	8	0.08047
13	32	0	8	0.08046
36	62	0	8	0.08043
16	81	0	8	0.08028
30	59	0	8	0.08027
39	52	0	8	0.08016
19	73	0	8	0.07954
94	99	0	8	0.07951
30	58	0	8	0.07941
85	94	0	8	0.07936
84	95	0	8	0.07932
33	39	0	8	0.07929
6	34	0	8	0.07913
8	88	0	8	0.07879
4	9	0	8	0.07865
29	33	0	8	0.07865
12	66	0	8	0.07861
31	91	0	8	0.07821
43	66	0	8	0.07798
39	91	0	8	0.07792
7	36	0	8	0.07791
9	80	0	8	0.07785
85	96	0	8	0.07777
33	91	0	8	0.07716
34	89	0	8	0.07702
11	91	0	8	0.07673
6	35	0	8	0.07655
33	63	0	8	0.07655
51	83	0	8	0.07643
37	53	0	8	0.07607
36	85	0	8	0.07587
10	64	0	8	0.07584
53	67	0	8	0.07563
9	37	0	8	0.07535
9	99	0	8	0.07515
10	93	0	8	0.07508
10	34	0	8	0.07503
33	85	0	8	0.07482
6	88	0	8	0.07467
42	54	0	8	0.07427
52	74	0	8	0.07412
84	97	0	8	0.07402
50	75	0	8	0.07347
18	78	0	8	0.07333
50	72	0	8	0.07320
35	55	0	8	0.07307
73	79	0	8	0.07304
12	94	0	8	0.07293
8	30	0	8	0.07280
7	83	0	8	0.07278
16	30	0	8	0.07259
10	96	0	8	0.07204
13	78	0	8	0.07192
42	68	0	8	0.07149
54	80	0	8	0.07137
9	93	0	8	0.07133
38	89	0	8	0.07125
1	87	0	8	0.07119
35	61	0	8	0.07103
2	86	0	8	0.07098
52	66	0	8	0.07097
80	104	0	8	0.07093
14	73	0	8	0.07087
43	48	0	8	0.07085
12	97	0	8	0.07084
3	86	0	8	0.07076
19	77	0	8	0.07058
5	10	0	8	0.07055
83	86	0	8	0.07018
3	87	0	8	0.07013
38	90	0	8	0.06996
49	78	0	8	0.06984
79	100	0	8	0.06974
14	93	0	8	0.06961
8	37	0	8	0.06960
8	36	0	8	0.06948
5	33	0	8	0.06931
41	50	0	8	0.06926
7	37	0	8	0.06889
51	69	0	8	0.06887
11	86	0	8	0.06886
8	81	0	8	0.06869
37	91	0	8	0.06855
39	58	0	8	0.06853
6	36	0	8	0.06847
93	99	0	8	0.06831
29	86	0	8	0.06826
5	85	0	8	0.06805
10	28	0	8	0.06786
10	79	0	8	0.06785
35	91	0	8	0.06777
32	91	0	8	0.06772
12	85	0	8	0.06760
36	60	0	8	0.06738
31	84	0	8	0.06735
51	72	0	8	0.06714
87	94	0	8	0.06713
85	90	0	8	0.06702
81	103	0	8	0.06664
19	78	0	8	0.06652
16	21	0	8	0.06639
11	98	0	8	0.06635
35	85	0	8	0.06614
5	34	0	8	0.06605
9	36	0	8	0.06603
34	90	0	8	0.06589
85	92	0	8	0.06589
29	39	0	8	0.06586
50	83	0	8	0.06575
81	96	0	8	0.06554
25	72	0	8	0.06532
32	87	0	8	0.06531
79	104	0	8	0.06521
40	88	0	8	0.06513
49	74	0	8	0.06512
14	70	0	8	0.06510
83	94	0	8	0.06505
21	69	0	8	0.06489
10	98	0	8	0.06483
34	91	0	8	0.06482
11	32	0	8	0.06478
12	95	0	8	0.06460
11	97	0	8	0.06445
12	99	0	8	0.06430
89	94	0	8	0.06410
9	64	0	8	0.06404
30	60	0	8	0.06395
86	95	0	8	0.06384
52	83	0	8	0.06380
1	88	0	8	0.06378
36	54	0	8	0.06377
14	78	0	8	0.06343
29	52	0	8	0.06316
9	38	0	8	0.06289
5	35	0	8	0.06281
43	74	0	8	0.06274
43	47	0	8	0.06258
85	95	0	8	0.06250
36	90	0	8	0.06242
50	78	0	8	0.06238
29	96	0	8	0.06231
15	24	0	8	0.06226
35	90	0	8	0.06223
19	79	0	8	0.06220
48	85	0	8	0.06207
13	96	0	8	0.06188
32	88	0	8	0.06171
5	36	0	8	0.06159
17	77	0	8	0.06140
70	101	0	8	0.06139
39	93	0	8	0.06139
14	91	0	8	0.06136
84	88	0	8	0.06129
85	89	0	8	0.06119
21	71	0	8	0.06101
11	39	0	8	0.06096
50	82	0	8	0.06092
22	26	0	8	0.06091
11	79	0	8	0.06084
54	81	0	8	0.06084
33	84	0	8	0.06083
53	66	0	8	0.06054
4	85	0	8	0.06052
53	79	0	8	0.06027
53	82	0	8	0.06022
33	93	0	8	0.06020
12	91	0	8	0.06018
44	74	0	8	0.06008
36	64	0	8	0.05980
43	85	0	8	0.05972
11	52	0	8	0.05971
25	84	0	8	0.05963
33	90	0	8	0.05956
25	52	0	8	0.05949
47	75	0	8	0.05921
19	68	0	8	0.05912
40	91	0	8	0.05905
29	83	0	8	0.05880
31	93	0	8	0.05876
13	93	0	8	0.05871
15	23	0	8	0.05860
18	70	0	8	0.05847
20	27	0	8	0.05844
6	11	0	8	0.05838
57	63	0	8	0.05823
50	71	0	8	0.05822
14	19	0	8	0.05821
28	59	0	8	0.05821
15	77	0	8	0.05813
37	90	0	8	0.05808
10	91	0	8	0.05807
72	75	0	8	0.05799
5	37	0	8	0.05789
27	93	0	8	0.05786
38	93	0	8	0.05778
9	28	0	8	0.05766
53	73	0	8	0.05753
47	74	0	8	0.05747
9	91	0	8	0.05735
6	37	0	8	0.05717
8	82	0	8	0.05716
29	32	0	8	0.05711
5	88	0	8	0.05704
11	58	0	8	0.05695
7	84	0	8	0.05689
8	99	0	8	0.05674
12	26	0	8	0.05674
41	55	0	8	0.05661
71	74	0	8	0.05654
17	21	0	8	0.05646
27	77	0	8	0.05632
32	86	0	8	0.05629
38	62	0	8	0.05619
82	100	0	8	0.05617
36	91	0	8	0.05598
31	36	0	8	0.05595
13	99	0	8	0.05593
37	59	0	8	0.05588
7	31	0	8	0.05586
48	86	0	8	0.05582
14	52	0	8	0.05576
46	75	0	8	0.05568
17	67	0	8	0.05552
8	93	0	8	0.05549
32	93	0	8	0.05548
70	99	0	8	0.05519
78	102	0	8	0.05511
56	93	0	8	0.05510
31	37	0	8	0.05500
10	97	0	8	0.05497
10	62	0	8	0.05493
64	88	0	8	0.05487
88	96	0	8	0.05468
70	102	0	8	0.05461
84	98	0	8	0.05454
31	38	0	8	0.05453
46	74	0	8	0.05450
17	79	0	8	0.05446
42	77	0	8	0.05421
31	87	0	8	0.05413
78	103	0	8	0.05407
39	51	0	8	0.05405
10	87	0	8	0.05403
19	74	0	8	0.05382
3	88	0	8	0.05374
49	82	0	8	0.05366
9	88	0	8	0.05362
78	101	0	8	0.05362
45	82	0	8	0.05352
49	84	0	8	0.05349
12	98	0	8	0.05346
34	85	0	8	0.05336
42	66	0	8	0.05331
40	93	0	8	0.05329
4	88	0	8	0.05327
46	81	0	8	0.05324
9	96	0	8	0.05315
11	94	0	8	0.05306
8	12	0	8	0.05284
31	88	0	8	0.05280
48	87	0	8	0.05276
49	73	0	8	0.05263
1	86	0	8	0.05261
15	20	0	8	0.05257
45	75	0	8	0.05233
38	41	0	8	0.05219
11	92	0	8	0.05217
13	94	0	8	0.05204
37	93	0	8	0.05202
83	100	0	8	0.05188
15	21	0	8	0.05185
44	84	0	8	0.05183
11	66	0	8	0.05178
14	32	0	8	0.05173
17	70	0	8	0.05164
13	97	0	8	0.05153
70	103	0	8	0.05150
47	81	0	8	0.05143
54	79	0	8	0.05143
42	86	0	8	0.05141
62	93	0	8	0.05115
68	84	0	8	0.05114
58	93	0	8	0.05111
3	37	0	8	0.05108
35	93	0	8	0.05103
80	83	0	8	0.05101
4	35	0	8	0.05101
64	96	0	8	0.05090
83	91	0	8	0.05085
44	52	0	8	0.05075
3	85	0	8	0.05070
9	40	0	8	0.05062
77	81	0	8	0.05059
10	94	0	8	0.05046
79	82	0	8	0.05044
33	89	0	8	0.05040
25	71	0	8	0.05038
8	80	0	8	0.05036
70	78	0	8	0.05025
51	71	0	8	0.05020
10	35	0	8	0.05014
11	95	0	8	0.05011
9	98	0	8	0.05002
78	104	0	8	0.04991
82	101	0	8	0.04970
4	37	0	8	0.04944
87	96	0	8	0.04944
73	102	0	8	0.04927
53	71	0	8	0.04921
30	93	0	8	0.04900
1	6	0	8	0.04891
12	78	0	8	0.04880
12	86	0	8	0.04880
43	53	0	8	0.04877
84	92	0	8	0.04873
56	86	0	8	0.04872
77	104	0	8	0.04872
76	80	0	8	0.04871
16	93	0	8	0.04849
39	90	0	8	0.04841
56	84	0	8	0.04839
18	77	0	8	0.04835
8	39	0	8	0.04835
77	102	0	8	0.04831
4	10	0	8	0.04828
79	98	0	8	0.04826
11	68	0	8	0.04813
99	104	0	8	0.04808
29	81	0	8	0.04793
9	100	0	8	0.04784
12	77	0	8	0.04778
73	101	0	8	0.04774
25	41	0	8	0.04763
49	86	0	8	0.04758
12	92	0	8	0.04751
14	54	0	8	0.04748
58	91	0	8	0.04738
14	96	0	8	0.04719
6	83	0	8	0.04713
11	73	0	8	0.04712
11	62	0	8	0.04705
21	78	0	8	0.04700
2	7	0	8	0.04696
18	67	0	8	0.04689
81	104	0	8	0.04688
10	92	0	8	0.04681
32	38	0	8	0.04680
50	79	0	8	0.04677
34	93	0	8	0.04677
10	95	0	8	0.04674
29	80	0	8	0.04664
16	76	0	8	0.04661
9	94	0	8	0.04654
14	74	0	8	0.04650
31	65	0	8	0.04635
17	65	0	8	0.04629
16	91	0	8	0.04628
52	71	0	8	0.04619
30	91	0	8	0.04619
11	40	0	8	0.04617
77	103	0	8	0.04597
18	79	0	8	0.04596
4	36	0	8	0.04596
7	90	0	8	0.04593
38	82	0	8	0.04582
77	105	0	8	0.04574
23	73	0	8	0.04573
54	72	0	8	0.04560
11	74	0	8	0.04559
23	72	0	8	0.04551
2	90	0	8	0.04547
10	100	0	8	0.04544
12	41	0	8	0.04544
9	101	0	8	0.04542
54	73	0	8	0.04539
50	81	0	8	0.04536
80	105	0	8	0.04531
13	25	0	8	0.04530
28	62	0	8	0.04529
3	9	0	8	0.04526
7	91	0	8	0.04507
66	86	0	8	0.04500
77	101	0	8	0.04498
48	73	0	8	0.04492
85	97	0	8	0.04476
3	36	0	8	0.04467
70	79	0	8	0.04451
78	105	0	8	0.04441
27	81	0	8	0.04437
10	101	0	8	0.04435
6	32	0	8	0.04422
31	85	0	8	0.04418
84	99	0	8	0.04415
10	88	0	8	0.04415
25	74	0	8	0.04409
8	91	0	8	0.04406
32	90	0	8	0.04406
34	92	0	8	0.04404
50	84	0	8	0.04396
29	40	0	8	0.04389
40	49	0	8	0.04380
8	98	0	8	0.04373
9	92	0	8	0.04371
11	34	0	8	0.04366
38	81	0	8	0.04365
6	90	0	8	0.04355
29	94	0	8	0.04354
30	96	0	8	0.04347
82	102	0	8	0.04340
13	98	0	8	0.04333
40	43	0	8	0.04331
9	79	0	8	0.04326
13	91	0	8	0.04325
41	91	0	8	0.04308
9	58	0	8	0.04306
13	92	0	8	0.04299
5	11	0	8	0.04295
15	32	0	8	0.04283
3	10	0	8	0.04275
8	90	0	8	0.04273
21	74	0	8	0.04267
27	96	0	8	0.04257
36	93	0	8	0.04251
79	105	0	8	0.04242
11	54	0	8	0.04232
18	76	0	8	0.04231
11	77	0	8	0.04230
68	77	0	8	0.04224
70	104	0	8	0.04223
51	74	0	8	0.04218
83	101	0	8	0.04200
48	51	0	8	0.04199
56	91	0	8	0.04197
38	66	0	8	0.04195
101	106	0	8	0.04195
27	43	0	8	0.04194
12	34	0	8	0.04192
3	35	0	8	0.04183
9	97	0	8	0.04178
13	74	0	8	0.04165
25	43	0	8	0.04160
10	14	0	8	0.04159
19	80	0	8	0.04133
34	39	0	8	0.04127
7	38	0	8	0.04126
6	38	0	8	0.04124
9	95	0	8	0.04123
91	99	0	8	0.04117
9	102	0	8	0.04114
12	74	0	8	0.04110
13	33	0	8	0.04103
11	43	0	8	0.04094
87	95	0	8	0.04089
88	95	0	8	0.04088
8	92	0	8	0.04085
4	33	0	8	0.04076
32	37	0	8	0.04073
36	84	0	8	0.04071
9	74	0	8	0.04068
8	101	0	8	0.04064
32	89	0	8	0.04064
35	92	0	8	0.04061
14	24	0	8	0.04060
8	38	0	8	0.04050
73	103	0	8	0.04046
6	84	0	8	0.04042
13	95	0	8	0.04040
5	32	0	8	0.04036
1	90	0	8	0.04031
8	96	0	8	0.04030
50	76	0	8	0.04029
7	93	0	8	0.04015
8	100	0	8	0.04015
42	93	0	8	0.04009
32	92	0	8	0.04008
8	79	0	8	0.04000
28	96	0	8	0.03999
14	99	0	8	0.03994
7	39	0	8	0.03992
64	85	0	8	0.03984
85	99	0	8	0.03979
86	99	0	8	0.03968
37	81	0	8	0.03968
11	100	0	8	0.03962
23	68	0	8	0.03962
29	38	0	8	0.03960
16	64	0	8	0.03954
14	86	0	8	0.03945
45	70	0	8	0.03945
39	96	0	8	0.03931
21	73	0	8	0.03918
27	91	0	8	0.03918
2	85	0	8	0.03918
45	51	0	8	0.03915
41	79	0	8	0.03914
4	34	0	8	0.03912
66	99	0	8	0.03890
51	68	0	8	0.03887
13	85	0	8	0.03883
74	103	0	8	0.03882
42	96	0	8	0.03873
16	96	0	8	0.03871
54	65	0	8	0.03859
14	43	0	8	0.03850
30	33	0	8	0.03848
42	78	0	8	0.03846
12	68	0	8	0.03834
40	96	0	8	0.03830
2	89	0	8	0.03822
3	90	0	8	0.03819
18	65	0	8	0.03817
98	103	0	8	0.03816
10	102	0	8	0.03816
35	84	0	8	0.03804
13	24	0	8	0.03801
25	78	0	8	0.03801
66	96	0	8	0.03799
43	86	0	8	0.03787
11	35	0	8	0.03774
39	89	0	8	0.03773
16	43	0	8	0.03769
7	81	0	8	0.03767
74	102	0	8	0.03764
92	98	0	8	0.03762
62	91	0	8	0.03760
10	41	0	8	0.03759
41	73	0	8	0.03751
19	69	0	8	0.03746
8	102	0	8	0.03719
11	42	0	8	0.03715
14	65	0	8	0.03712
47	86	0	8	0.03704
10	27	0	8	0.03702
2	8	0	8	0.03699
96	101	0	8	0.03697
30	94	0	8	0.03692
74	104	0	8	0.03685
49	75	0	8	0.03673
11	70	0	8	0.03673
33	92	0	8	0.03670
66	93	0	8	0.03668
10	58	0	8	0.03662
16	66	0	8	0.03661
21	77	0	8	0.03647
11	88	0	8	0.03647
86	97	0	8	0.03645
14	85	0	8	0.03634
29	67	0	8	0.03621
11	37	0	8	0.03614
47	87	0	8	0.03609
31	56	0	8	0.03608
8	94	0	8	0.03604
25	99	0	8	0.03601
25	93	0	8	0.03595
16	99	0	8	0.03594
11	101	0	8	0.03586
12	73	0	8	0.03585
15	81	0	8	0.03583
82	95	0	8	0.03581
29	88	0	8	0.03579
85	98	0	8	0.03573
3	38	0	8	0.03562
31	39	0	8	0.03562
15	82	0	8	0.03560
60	93	0	8	0.03560
70	105	0	8	0.03553
44	76	0	8	0.03540
100	105	0	8	0.03534
13	66	0	8	0.03528
41	96	0	8	0.03521
83	92	0	8	0.03515
13	77	0	8	0.03508
42	73	0	8	0.03503
31	96	0	8	0.03499
64	87	0	8	0.03494
36	92	0	8	0.03494
11	26	0	8	0.03484
54	86	0	8	0.03483
42	91	0	8	0.03482
9	43	0	8	0.03481
24	72	0	8	0.03471
20	69	0	8	0.03469
37	96	0	8	0.03465
92	97	0	8	0.03455
8	97	0	8	0.03451
50	85	0	8	0.03451
1	89	0	8	0.03447
50	69	0	8	0.03442
29	85	0	8	0.03442
31	92	0	8	0.03433
38	96	0	8	0.03431
3	91	0	8	0.03428
17	22	0	8	0.03419
10	36	0	8	0.03408
3	34	0	8	0.03408
66	91	0	8	0.03404
70	81	0	8	0.03404
9	62	0	8	0.03404
2	91	0	8	0.03404
45	83	0	8	0.03403
25	96	0	8	0.03402
78	100	0	8	0.03396
74	101	0	8	0.03395
15	76	0	8	0.03390
29	99	0	8	0.03389
17	76	0	8	0.03383
78	81	0	8	0.03382
41	77	0	8	0.03376
44	70	0	8	0.03374
32	96	0	8	0.03366
83	87	0	8	0.03365
16	41	0	8	0.03360
20	28	0	8	0.03360
13	23	0	8	0.03354
35	54	0	8	0.03353
1	8	0	8	0.03351
31	90	0	8	0.03340
77	99	0	8	0.03338
17	74	0	8	0.03334
15	66	0	8	0.03331
73	99	0	8	0.03326
58	86	0	8	0.03325
9	90	0	8	0.03324
68	99	0	8	0.03323
70	100	0	8	0.03323
30	95	0	8	0.03318
5	38	0	8	0.03315
1	7	0	8	0.03315
3	93	0	8	0.03312
74	105	0	8	0.03302
42	99	0	8	0.03302
39	80	0	8	0.03299
58	88	0	8	0.03299
88	99	0	8	0.03297
49	70	0	8	0.03296
86	98	0	8	0.03295
8	29	0	8	0.03290
68	101	0	8	0.03285
23	26	0	8	0.03279
2	37	0	8	0.03279
13	16	0	8	0.03278
33	96	0	8	0.03277
81	105	0	8	0.03271
32	94	0	8	0.03266
76	105	0	8	0.03258
76	104	0	8	0.03247
11	87	0	8	0.03244
9	42	0	8	0.03244
19	65	0	8	0.03243
6	91	0	8	0.03238
9	13	0	8	0.03225
37	60	0	8	0.03222
7	99	0	8	0.03219
37	92	0	8	0.03216
51	80	0	8	0.03215
16	83	0	8	0.03209
34	84	0	8	0.03208
43	96	0	8	0.03195
51	84	0	8	0.03193
8	41	0	8	0.03190
1	37	0	8	0.03182
12	62	0	8	0.03180
29	34	0	8	0.03179
39	62	0	8	0.03171
68	102	0	8	0.03162
3	33	0	8	0.03160
16	75	0	8	0.03149
15	74	0	8	0.03144
6	31	0	8	0.03142
43	99	0	8	0.03141
7	80	0	8	0.03140
82	93	0	8	0.03136
64	92	0	8	0.03134
97	102	0	8	0.03133
8	89	0	8	0.03119
91	98	0	8	0.03112
6	81	0	8	0.03112
40	79	0	8	0.03105
2	36	0	8	0.03101
77	100	0	8	0.03101
25	79	0	8	0.03098
12	100	0	8	0.03098
49	87	0	8	0.03095
7	30	0	8	0.03092
13	86	0	8	0.03089
2	93	0	8	0.03085
73	104	0	8	0.03083
78	106	0	8	0.03079
30	34	0	8	0.03079
89	95	0	8	0.03079
41	93	0	8	0.03072
78	99	0	8	0.03071
10	90	0	8	0.03069
66	101	0	8	0.03068
29	92	0	8	0.03063
18	74	0	8	0.03063
5	90	0	8	0.03058
66	97	0	8	0.03058
60	92	0	8	0.03057
40	99	0	8	0.03047
10	78	0	8	0.03046
20	78	0	8	0.03042
7	41	0	8	0.03036
64	99	0	8	0.03036
2	35	0	8	0.03033
8	95	0	8	0.03031
1	85	0	8	0.03029
81	95	0	8	0.03026
16	86	0	8	0.03015
27	99	0	8	0.03014
31	57	0	8	0.03014
64	82	0	8	0.03014
62	95	0	8	0.03014
11	38	0	8	0.03012
83	102	0	8	0.03007
3	11	0	8	0.03000
12	88	0	8	0.03000
10	74	0	8	0.02995
82	103	0	8	0.02994
4	38	0	8	0.02975
71	75	0	8	0.02974
7	92	0	8	0.02964
30	66	0	8	0.02960
6	39	0	8	0.02957
57	93	0	8	0.02955
15	94	0	8	0.02953
41	56	0	8	0.02947
4	90	0	8	0.02938
10	37	0	8	0.02938
7	82	0	8	0.02930
64	90	0	8	0.02927
29	37	0	8	0.02921
29	95	0	8	0.02917
6	74	0	8	0.02916
32	85	0	8	0.02915
1	93	0	8	0.02913
70	98	0	8	0.02912
62	96	0	8	0.02911
33	54	0	8	0.02910
14	94	0	8	0.02910
58	87	0	8	0.02909
14	17	0	8	0.02906
7	101	0	8	0.02904
54	85	0	8	0.02904
43	91	0	8	0.02903
56	88	0	8	0.02903
29	68	0	8	0.02900
13	75	0	8	0.02899
3	89	0	8	0.02899
38	52	0	8	0.02898
7	89	0	8	0.02897
68	74	0	8	0.02888
92	99	0	8	0.02878
2	92	0	8	0.02866
13	100	0	8	0.02858
1	36	0	8	0.02856
1	91	0	8	0.02856
32	95	0	8	0.02852
28	99	0	8	0.02850
31	94	0	8	0.02842
11	36	0	8	0.02840
44	85	0	8	0.02832
20	71	0	8	0.02824
90	95	0	8	0.02820
3	76	0	8	0.02819
68	103	0	8	0.02817
6	89	0	8	0.02816
10	39	0	8	0.02814
43	93	0	8	0.02810
6	75	0	8	0.02810
20	65	0	8	0.02806
49	99	0	8	0.02802
60	91	0	8	0.02800
12	101	0	8	0.02796
24	73	0	8	0.02794
15	96	0	8	0.02792
89	96	0	8	0.02792
34	96	0	8	0.02791
28	68	0	8	0.02784
11	78	0	8	0.02779
56	87	0	8	0.02774
26	63	0	8	0.02769
13	64	0	8	0.02768
11	102	0	8	0.02767
6	78	0	8	0.02760
35	96	0	8	0.02759
15	93	0	8	0.02758
9	77	0	8	0.02756
90	96	0	8	0.02756
3	92	0	8	0.02753
80	97	0	8	0.02751
22	72	0	8	0.02750
16	22	0	8	0.02745
51	77	0	8	0.02742
3	78	0	8	0.02732
60	94	0	8	0.02725
34	94	0	8	0.02723
9	103	0	8	0.02723
12	15	0	8	0.02718
4	11	0	8	0.02713
38	92	0	8	0.02713
8	78	0	8	0.02711
7	96	0	8	0.02709
66	98	0	8	0.02709
6	41	0	8	0.02707
12	35	0	8	0.02701
41	99	0	8	0.02700
12	70	0	8	0.02698
7	102	0	8	0.02697
11	90	0	8	0.02695
71	104	0	8	0.02693
39	99	0	8	0.02692
71	103	0	8	0.02690
14	98	0	8	0.02686
40	68	0	8	0.02683
47	85	0	8	0.02682
62	92	0	8	0.02682
74	78	0	8	0.02679
71	105	0	8	0.02679
32	84	0	8	0.02678
2	34	0	8	0.02676
7	100	0	8	0.02674
50	87	0	8	0.02673
66	100	0	8	0.02672
49	93	0	8	0.02670
62	94	0	8	0.02666
5	83	0	8	0.02661
73	100	0	8	0.02660
6	93	0	8	0.02656
1	92	0	8	0.02653
53	77	0	8	0.02653
8	103	0	8	0.02653
6	12	0	8	0.02652
14	33	0	8	0.02650
19	76	0	8	0.02639
16	52	0	8	0.02637
34	55	0	8	0.02629
30	92	0	8	0.02625
74	82	0	8	0.02619
36	40	0	8	0.02619
68	100	0	8	0.02617
50	68	0	8	0.02617
10	103	0	8	0.02617
88	98	0	8	0.02615
36	96	0	8	0.02614
8	40	0	8	0.02603
64	95	0	8	0.02602
38	59	0	8	0.02597
40	50	0	8	0.02593
56	96	0	8	0.02589
4	83	0	8	0.02585
58	92	0	8	0.02581
29	59	0	8	0.02579
5	93	0	8	0.02572
17	80	0	8	0.02572
4	93	0	8	0.02570
37	82	0	8	0.02568
62	88	0	8	0.02568
87	99	0	8	0.02566
99	105	0	8	0.02563
40	58	0	8	0.02563
32	57	0	8	0.02562
44	86	0	8	0.02558
8	28	0	8	0.02556
31	89	0	8	0.02556
9	75	0	8	0.02555
9	78	0	8	0.02555
7	98	0	8	0.02554
84	100	0	8	0.02553
1	35	0	8	0.02551
30	99	0	8	0.02551
91	97	0	8	0.02551
48	88	0	8	0.02550
75	105	0	8	0.02540
7	94	0	8	0.02535
7	78	0	8	0.02535
6	79	0	8	0.02534
56	95	0	8	0.02534
15	22	0	8	0.02526
6	92	0	8	0.02523
20	77	0	8	0.02522
67	106	0	8	0.02521
23	74	0	8	0.02519
57	62	0	8	0.02517
35	94	0	8	0.02516
56	92	0	8	0.02510
27	63	0	8	0.02508
19	71	0	8	0.02508
6	80	0	8	0.02507
3	83	0	8	0.02507
37	41	0	8	0.02505
76	106	0	8	0.02504
5	91	0	8	0.02502
3	81	0	8	0.02500
3	96	0	8	0.02481
28	95	0	8	0.02474
6	99	0	8	0.02473
95	100	0	8	0.02471
14	97	0	8	0.02470
43	46	0	8	0.02465
14	92	0	8	0.02463
73	81	0	8	0.02460
31	95	0	8	0.02460
54	93	0	8	0.02455
15	91	0	8	0.02454
12	87	0	8	0.02454
40	90	0	8	0.02451
5	81	0	8	0.02449
52	79	0	8	0.02448
36	94	0	8	0.02444
76	103	0	8	0.02444
33	94	0	8	0.02442
40	62	0	8	0.02436
16	98	0	8	0.02435
13	101	0	8	0.02433
75	104	0	8	0.02427
7	74	0	8	0.02427
3	99	0	8	0.02413
98	104	0	8	0.02412
12	25	0	8	0.02409
72	105	0	8	0.02407
9	54	0	8	0.02403
12	102	0	8	0.02402
43	54	0	8	0.02401
15	92	0	8	0.02398
54	57	0	8	0.02395
39	92	0	8	0.02391
7	79	0	8	0.02384
9	73	0	8	0.02384
42	48	0	8	0.02380
33	99	0	8	0.02378
7	75	0	8	0.02378
35	40	0	8	0.02378
9	89	0	8	0.02377
64	97	0	8	0.02376
73	105	0	8	0.02375
36	61	0	8	0.02373
1	38	0	8	0.02371
44	93	0	8	0.02368
56	94	0	8	0.02360
68	96	0	8	0.02355
70	96	0	8	0.02348
6	77	0	8	0.02344
77	106	0	8	0.02344
10	38	0	8	0.02342
72	104	0	8	0.02342
64	94	0	8	0.02339
14	67	0	8	0.02337
9	52	0	8	0.02336
46	73	0	8	0.02333
18	29	0	8	0.02328
3	12	0	8	0.02327
72	103	0	8	0.02326
12	90	0	8	0.02325
58	90	0	8	0.02320
41	88	0	8	0.02318
33	95	0	8	0.02318
38	99	0	8	0.02311
33	40	0	8	0.02309
79	106	0	8	0.02309
82	94	0	8	0.02308
21	76	0	8	0.02307
66	102	0	8	0.02303
8	74	0	8	0.02301
4	32	0	8	0.02299
17	75	0	8	0.02292
3	94	0	8	0.02290
36	53	0	8	0.02290
2	33	0	8	0.02289
58	96	0	8	0.02288
15	63	0	8	0.02284
28	93	0	8	0.02283
6	76	0	8	0.02281
60	95	0	8	0.02279
15	99	0	8	0.02273
60	64	0	8	0.02271
72	102	0	8	0.02271
65	96	0	8	0.02268
81	84	0	8	0.02265
88	97	0	8	0.02265
84	101	0	8	0.02263
41	70	0	8	0.02263
74	106	0	8	0.02261
81	106	0	8	0.02257
5	84	0	8	0.02256
5	92	0	8	0.02253
75	78	0	8	0.02248
71	102	0	8	0.02242
7	12	0	8	0.02241
54	91	0	8	0.02236
49	91	0	8	0.02235
2	38	0	8	0.02235
49	96	0	8	0.02235
27	40	0	8	0.02232
12	36	0	8	0.02232
68	71	0	8	0.02227
7	62	0	8	0.02222
1	34	0	8	0.02222
62	90	0	8	0.02212
15	75	0	8	0.02209
3	32	0	8	0.02209
4	91	0	8	0.02208
10	73	0	8	0.02204
16	63	0	8	0.02202
37	94	0	8	0.02201
34	95	0	8	0.02200
50	53	0	8	0.02199
12	39	0	8	0.02196
13	88	0	8	0.02195
71	106	0	8	0.02194
7	97	0	8	0.02193
47	88	0	8	0.02192
87	98	0	8	0.02192
28	97	0	8	0.02191
68	98	0	8	0.02190
6	96	0	8	0.02190
28	61	0	8	0.02182
5	89	0	8	0.02179
3	75	0	8	0.02174
74	100	0	8	0.02173
70	106	0	8	0.02171
1	94	0	8	0.02169
35	95	0	8	0.02168
5	99	0	8	0.02168
25	81	0	8	0.02167
13	17	0	8	0.02162
62	86	0	8	0.02158
49	101	0	8	0.02156
10	26	0	8	0.02155
14	18	0	8	0.02152
65	93	0	8	0.02151
10	77	0	8	0.02151
18	75	0	8	0.02150
50	86	0	8	0.02147
41	87	0	8	0.02146
20	74	0	8	0.02145
55	93	0	8	0.02143
94	100	0	8	0.02141
26	96	0	8	0.02139
30	97	0	8	0.02137
33	41	0	8	0.02134
60	96	0	8	0.02134
4	92	0	8	0.02131
100	106	0	8	0.02130
59	93	0	8	0.02129
32	99	0	8	0.02129
43	75	0	8	0.02128
44	99	0	8	0.02121
29	90	0	8	0.02121
7	40	0	8	0.02118
37	99	0	8	0.02117
57	92	0	8	0.02115
51	99	0	8	0.02115
33	83	0	8	0.02113
15	97	0	8	0.02107
26	99	0	8	0.02106
7	103	0	8	0.02104
6	101	0	8	0.02100
28	98	0	8	0.02099
19	99	0	8	0.02097
54	96	0	8	0.02096
36	83	0	8	0.02091
13	102	0	8	0.02090
1	95	0	8	0.02090
29	87	0	8	0.02090
75	103	0	8	0.02086
68	104	0	8	0.02086
2	10	0	8	0.02086
8	104	0	8	0.02086
31	99	0	8	0.02085
1	96	0	8	0.02085
4	89	0	8	0.02085
57	91	0	8	0.02080
28	94	0	8	0.02080
3	39	0	8	0.02076
3	98	0	8	0.02075
2	94	0	8	0.02074
5	31	0	8	0.02073
42	98	0	8	0.02071
29	35	0	8	0.02069
44	75	0	8	0.02067
11	65	0	8	0.02064
38	94	0	8	0.02061
33	55	0	8	0.02061
68	93	0	8	0.02060
4	99	0	8	0.02057
25	101	0	8	0.02055
74	99	0	8	0.02047
10	104	0	8	0.02043
25	98	0	8	0.02040
68	105	0	8	0.02039
18	80	0	8	0.02038
17	63	0	8	0.02036
82	86	0	8	0.02036
3	74	0	8	0.02036
6	94	0	8	0.02036
11	103	0	8	0.02030
6	30	0	8	0.02028
42	74	0	8	0.02027
6	102	0	8	0.02026
90	99	0	8	0.02024
14	63	0	8	0.02022
14	95	0	8	0.02022
5	39	0	8	0.02020
69	105	0	8	0.02020
13	21	0	8	0.02017
57	95	0	8	0.02016
7	95	0	8	0.02014
69	104	0	8	0.02013
87	97	0	8	0.02013
48	81	0	8	0.02010
24	65	0	8	0.02009
25	54	0	8	0.02008
30	98	0	8	0.02007
9	104	0	8	0.02006
13	90	0	8	0.02005
49	102	0	8	0.02004
6	82	0	8	0.02003
12	37	0	8	0.02002
1	10	0	8	0.01994
25	65	0	8	0.01994
4	78	0	8	0.01993
5	78	0	8	0.01993
29	98	0	8	0.01991
49	76	0	8	0.01991
3	95	0	8	0.01990
61	92	0	8	0.01990
11	56	0	8	0.01990
84	90	0	8	0.01987
14	23	0	8	0.01984
16	97	0	8	0.01982
5	41	0	8	0.01981
3	41	0	8	0.01980
27	56	0	8	0.01977
3	84	0	8	0.01976
37	95	0	8	0.01975
13	76	0	8	0.01974
15	95	0	8	0.01974
21	75	0	8	0.01973
90	98	0	8	0.01971
71	101	0	8	0.01971
34	63	0	8	0.01970
16	101	0	8	0.01970
56	85	0	8	0.01969
5	96	0	8	0.01968
55	58	0	8	0.01966
16	62	0	8	0.01966
12	103	0	8	0.01964
4	96	0	8	0.01962
5	75	0	8	0.01962
7	77	0	8	0.01961
67	105	0	8	0.01961
12	75	0	8	0.01959
29	97	0	8	0.01957
69	102	0	8	0.01957
75	80	0	8	0.01957
4	81	0	8	0.01956
9	56	0	8	0.01955
27	79	0	8	0.01954
58	84	0	8	0.01951
76	79	0	8	0.01948
5	74	0	8	0.01948
8	43	0	8	0.01946
43	76	0	8	0.01940
75	106	0	8	0.01940
10	68	0	8	0.01939
1	12	0	8	0.01935
61	93	0	8	0.01934
27	42	0	8	0.01933
96	102	0	8	0.01931
58	94	0	8	0.01930
57	94	0	8	0.01930
39	95	0	8	0.01929
15	70	0	8	0.01928
15	98	0	8	0.01924
39	94	0	8	0.01923
75	102	0	8	0.01923
36	95	0	8	0.01921
64	98	0	8	0.01921
2	9	0	8	0.01918
1	9	0	8	0.01918
8	75	0	8	0.01917
13	87	0	8	0.01917
69	103	0	8	0.01912
42	45	0	8	0.01911
49	88	0	8	0.01906
13	65	0	8	0.01903
6	98	0	8	0.01903
43	64	0	8	0.01902
55	72	0	8	0.01902
2	96	0	8	0.01901
85	101	0	8	0.01899
83	103	0	8	0.01897
14	88	0	8	0.01897
4	101	0	8	0.01896
3	79	0	8	0.01895
3	102	0	8	0.01895
47	73	0	8	0.01893
80	106	0	8	0.01891
76	102	0	8	0.01889
62	84	0	8	0.01889
15	64	0	8	0.01886
74	79	0	8	0.01885
30	84	0	8	0.01884
10	75	0	8	0.01881
67	96	0	8	0.01879
66	103	0	8	0.01878
20	73	0	8	0.01873
4	102	0	8	0.01872
86	101	0	8	0.01871
38	95	0	8	0.01869
68	97	0	8	0.01862
55	79	0	8	0.01862
1	33	0	8	0.01857
93	100	0	8	0.01857
12	72	0	8	0.01856
58	95	0	8	0.01852
56	90	0	8	0.01852
67	102	0	8	0.01851
30	88	0	8	0.01850
2	95	0	8	0.01848
72	101	0	8	0.01846
26	64	0	8	0.01844
11	67	0	8	0.01843
3	97	0	8	0.01842
45	52	0	8	0.01842
61	94	0	8	0.01842
5	101	0	8	0.01842
7	76	0	8	0.01840
72	106	0	8	0.01840
80	96	0	8	0.01839
43	98	0	8	0.01835
12	67	0	8	0.01834
11	63	0	8	0.01833
44	91	0	8	0.01833
3	101	0	8	0.01830
54	83	0	8	0.01830
4	98	0	8	0.01828
53	78	0	8	0.01828
83	88	0	8	0.01825
4	94	0	8	0.01825
65	94	0	8	0.01824
39	79	0	8	0.01823
60	65	0	8	0.01822
44	96	0	8	0.01819
20	79	0	8	0.01817
33	81	0	8	0.01813
5	102	0	8	0.01809
22	74	0	8	0.01808
13	63	0	8	0.01805
20	76	0	8	0.01805
49	103	0	8	0.01801
62	65	0	8	0.01799
4	84	0	8	0.01798
35	83	0	8	0.01794
54	70	0	8	0.01793
56	79	0	8	0.01793
60	90	0	8	0.01793
6	103	0	8	0.01792
85	100	0	8	0.01792
35	99	0	8	0.01791
12	40	0	8	0.01790
40	98	0	8	0.01784
2	32	0	8	0.01784
34	99	0	8	0.01783
5	79	0	8	0.01782
70	75	0	8	0.01781
89	99	0	8	0.01780
38	51	0	8	0.01779
39	98	0	8	0.01777
3	77	0	8	0.01774
42	70	0	8	0.01774
67	103	0	8	0.01770
16	94	0	8	0.01769
8	105	0	8	0.01766
9	27	0	8	0.01765
69	101	0	8	0.01764
59	91	0	8	0.01763
32	98	0	8	0.01761
38	98	0	8	0.01760
1	13	0	8	0.01759
16	102	0	8	0.01758
19	93	0	8	0.01757
32	97	0	8	0.01756
70	97	0	8	0.01756
52	85	0	8	0.01752
15	84	0	8	0.01746
42	88	0	8	0.01745
12	43	0	8	0.01744
99	106	0	8	0.01742
40	95	0	8	0.01741
2	12	0	8	0.01738
51	101	0	8	0.01738
12	54	0	8	0.01735
98	105	0	8	0.01735
29	57	0	8	0.01734
21	79	0	8	0.01732
10	105	0	8	0.01732
47	51	0	8	0.01730
59	92	0	8	0.01728
42	64	0	8	0.01727
19	102	0	8	0.01727
45	99	0	8	0.01726
89	98	0	8	0.01725
12	65	0	8	0.01725
33	98	0	8	0.01724
86	100	0	8	0.01724
51	96	0	8	0.01721
14	72	0	8	0.01721
13	34	0	8	0.01720
9	70	0	8	0.01720
6	40	0	8	0.01720
32	39	0	8	0.01717
10	43	0	8	0.01717
19	101	0	8	0.01717
43	88	0	8	0.01716
5	94	0	8	0.01715
7	58	0	8	0.01714
88	101	0	8	0.01713
10	66	0	8	0.01711
65	106	0	8	0.01709
97	103	0	8	0.01708
29	61	0	8	0.01707
11	75	0	8	0.01707
39	42	0	8	0.01705
37	52	0	8	0.01704
66	80	0	8	0.01703
67	104	0	8	0.01699
93	101	0	8	0.01697
42	97	0	8	0.01695
40	77	0	8	0.01694
19	96	0	8	0.01692
16	54	0	8	0.01690
4	75	0	8	0.01690
3	103	0	8	0.01684
54	99	0	8	0.01683
7	104	0	8	0.01678
35	81	0	8	0.01678
4	79	0	8	0.01677
2	78	0	8	0.01677
9	105	0	8	0.01677
10	54	0	8	0.01676
1	32	0	8	0.01675
25	91	0	8	0.01674
6	100	0	8	0.01674
43	101	0	8	0.01673
9	68	0	8	0.01672
7	43	0	8	0.01672
14	42	0	8	0.01671
9	44	0	8	0.01669
66	83	0	8	0.01667
10	40	0	8	0.01667
23	78	0	8	0.01663
42	101	0	8	0.01662
23	77	0	8	0.01661
14	40	0	8	0.01660
4	97	0	8	0.01660
2	98	0	8	0.01656
4	76	0	8	0.01654
19	75	0	8	0.01653
51	85	0	8	0.01651
5	76	0	8	0.01650
5	103	0	8	0.01648
10	70	0	8	0.01648
12	38	0	8	0.01647
5	12	0	8	0.01643
12	104	0	8	0.01640
4	39	0	8	0.01639
10	89	0	8	0.01638
27	98	0	8	0.01632
14	101	0	8	0.01632
77	98	0	8	0.01631
79	97	0	8	0.01630
41	44	0	8	0.01630
43	97	0	8	0.01626
25	102	0	8	0.01625
6	97	0	8	0.01624
18	73	0	8	0.01621
2	76	0	8	0.01619
27	97	0	8	0.01619
16	65	0	8	0.01619
4	103	0	8	0.01618
65	99	0	8	0.01617
82	104	0	8	0.01617
68	81	0	8	0.01616
66	88	0	8	0.01615
4	95	0	8	0.01615
36	99	0	8	0.01608
55	96	0	8	0.01608
6	43	0	8	0.01604
11	104	0	8	0.01601
40	78	0	8	0.01601
5	98	0	8	0.01600
67	101	0	8	0.01599
40	57	0	8	0.01599
49	98	0	8	0.01596
51	75	0	8	0.01596
51	102	0	8	0.01595
60	88	0	8	0.01593
31	83	0	8	0.01590
31	98	0	8	0.01587
3	100	0	8	0.01586
8	42	0	8	0.01585
11	25	0	8	0.01582
48	89	0	8	0.01581
16	67	0	8	0.01581
37	98	0	8	0.01577
13	103	0	8	0.01576
13	67	0	8	0.01576
73	98	0	8	0.01575
81	93	0	8	0.01573
1	98	0	8	0.01573
1	99	0	8	0.01570
1	106	0	8	0.01566
41	78	0	8	0.01565
79	83	0	8	0.01562
4	100	0	8	0.01562
1	97	0	8	0.01558
6	95	0	8	0.01558
32	56	0	8	0.01555
84	102	0	8	0.01553
16	58	0	8	0.01551
86	102	0	8	0.01550
4	41	0	8	0.01547
1	105	0	8	0.01545
24	66	0	8	0.01544
2	99	0	8	0.01542
12	52	0	8	0.01542
38	97	0	8	0.01540
40	97	0	8	0.01538
28	58	0	8	0.01537
9	76	0	8	0.01534
3	104	0	8	0.01533
49	100	0	8	0.01532
52	99	0	8	0.01532
54	88	0	8	0.01530
31	97	0	8	0.01530
21	72	0	8	0.01529
2	97	0	8	0.01529
37	66	0	8	0.01527
5	95	0	8	0.01524
28	101	0	8	0.01523
22	78	0	8	0.01523
3	43	0	8	0.01522
83	90	0	8	0.01521
30	86	0	8	0.01520
12	105	0	8	0.01518
6	104	0	8	0.01517
19	103	0	8	0.01511
1	104	0	8	0.01511
62	99	0	8	0.01510
42	87	0	8	0.01509
16	100	0	8	0.01509
57	60	0	8	0.01508
25	50	0	8	0.01507
26	98	0	8	0.01505
40	101	0	8	0.01504
87	101	0	8	0.01501
70	84	0	8	0.01499
8	77	0	8	0.01499
75	101	0	8	0.01494
92	100	0	8	0.01493
27	74	0	8	0.01493
25	97	0	8	0.01493
22	73	0	8	0.01490
67	99	0	8	0.01490
38	101	0	8	0.01489
53	99	0	8	0.01487
66	85	0	8	0.01487
16	92	0	8	0.01487
12	76	0	8	0.01486
55	80	0	8	0.01486
30	90	0	8	0.01484
94	101	0	8	0.01482
53	74	0	8	0.01480
33	97	0	8	0.01479
55	91	0	8	0.01479
8	76	0	8	0.01474
56	59	0	8	0.01473
13	62	0	8	0.01472
29	60	0	8	0.01470
2	11	0	8	0.01469
54	58	0	8	0.01468
2	83	0	8	0.01467
90	101	0	8	0.01467
65	98	0	8	0.01466
82	91	0	8	0.01466
1	11	0	8	0.01462
1	78	0	8	0.01461
25	103	0	8	0.01461
95	101	0	8	0.01460
13	20	0	8	0.01460
69	106	0	8	0.01459
2	101	0	8	0.01458
68	106	0	8	0.01457
16	95	0	8	0.01457
1	103	0	8	0.01454
4	12	0	8	0.01454
14	39	0	8	0.01451
56	63	0	8	0.01448
1	101	0	8	0.01446
45	101	0	8	0.01446
26	101	0	8	0.01446
34	98	0	8	0.01445
4	104	0	8	0.01444
13	22	0	8	0.01443
1	39	0	8	0.01443
15	62	0	8	0.01440
3	80	0	8	0.01440
12	58	0	8	0.01439
16	103	0	8	0.01437
39	97	0	8	0.01436
66	104	0	8	0.01435
2	102	0	8	0.01435
49	104	0	8	0.01435
11	105	0	8	0.01435
5	100	0	8	0.01432
52	67	0	8	0.01430
12	63	0	8	0.01429
69	99	0	8	0.01427
41	74	0	8	0.01426
14	100	0	8	0.01426
39	101	0	8	0.01424
61	91	0	8	0.01424
28	82	0	8	0.01423
11	49	0	8	0.01423
48	70	0	8	0.01422
21	80	0	8	0.01422
91	101	0	8	0.01421
7	105	0	8	0.01420
88	100	0	8	0.01419
27	83	0	8	0.01418
22	68	0	8	0.01416
38	60	0	8	0.01416
34	83	0	8	0.01412
1	102	0	8	0.01412
3	31	0	8	0.01411
26	97	0	8	0.01410
5	97	0	8	0.01410
88	102	0	8	0.01408
65	97	0	8	0.01406
43	87	0	8	0.01406
7	29	0	8	0.01405
89	97	0	8	0.01403
9	66	0	8	0.01400
65	91	0	8	0.01400
38	102	0	8	0.01399
21	27	0	8	0.01398
17	81	0	8	0.01398
61	95	0	8	0.01398
5	104	0	8	0.01398
44	101	0	8	0.01395
4	74	0	8	0.01395
57	96	0	8	0.01395
4	31	0	8	0.01395
2	103	0	8	0.01392
44	88	0	8	0.01391
78	98	0	8	0.01391
38	80	0	8	0.01391
18	96	0	8	0.01390
19	98	0	8	0.01389
45	96	0	8	0.01389
18	99	0	8	0.01388
51	103	0	8	0.01387
3	105	0	8	0.01386
90	100	0	8	0.01386
29	36	0	8	0.01386
66	95	0	8	0.01384
15	33	0	8	0.01383
5	30	0	8	0.01383
3	13	0	8	0.01381
91	100	0	8	0.01380
15	83	0	8	0.01379
8	44	0	8	0.01377
28	100	0	8	0.01377
53	56	0	8	0.01376
54	87	0	8	0.01374
5	80	0	8	0.01374
11	15	0	8	0.01374
97	104	0	8	0.01373
18	103	0	8	0.01369
14	21	0	8	0.01369
15	101	0	8	0.01368
34	54	0	8	0.01366
15	65	0	8	0.01363
34	81	0	8	0.01363
5	43	0	8	0.01363
48	90	0	8	0.01363
18	102	0	8	0.01361
7	42	0	8	0.01361
55	99	0	8	0.01361
35	98	0	8	0.01360
32	101	0	8	0.01360
62	87	0	8	0.01360
52	78	0	8	0.01359
2	81	0	8	0.01359
21	101	0	8	0.01359
8	106	0	8	0.01355
14	102	0	8	0.01354
27	39	0	8	0.01351
40	89	0	8	0.01350
55	86	0	8	0.01349
46	87	0	8	0.01348
2	104	0	8	0.01344
92	101	0	8	0.01344
43	102	0	8	0.01342
19	84	0	8	0.01342
30	101	0	8	0.01341
44	98	0	8	0.01337
34	97	0	8	0.01336
87	102	0	8	0.01335
78	82	0	8	0.01334
5	77	0	8	0.01333
45	102	0	8	0.01333
14	90	0	8	0.01332
49	97	0	8	0.01329
81	94	0	8	0.01328
37	97	0	8	0.01328
94	102	0	8	0.01327
6	105	0	8	0.01326
42	95	0	8	0.01325
36	98	0	8	0.01324
42	102	0	8	0.01323
85	102	0	8	0.01322
67	97	0	8	0.01322
16	85	0	8	0.01322
49	105	0	8	0.01321
1	76	0	8	0.01321
62	98	0	8	0.01319
63	93	0	8	0.01318
51	98	0	8	0.01315
65	101	0	8	0.01314
2	75	0	8	0.01311
25	100	0	8	0.01310
32	102	0	8	0.01310
51	100	0	8	0.01310
3	40	0	8	0.01308
37	102	0	8	0.01307
56	89	0	8	0.01307
37	101	0	8	0.01305
27	94	0	8	0.01305
21	102	0	8	0.01305
1	100	0	8	0.01304
21	99	0	8	0.01303
9	49	0	8	0.01303
13	68	0	8	0.01303
59	95	0	8	0.01301
93	102	0	8	0.01296
45	86	0	8	0.01294
35	41	0	8	0.01293
56	68	0	8	0.01290
2	13	0	8	0.01289
58	89	0	8	0.01289
37	61	0	8	0.01288
98	106	0	8	0.01285
96	103	0	8	0.01285
2	100	0	8	0.01283
41	98	0	8	0.01282
27	72	0	8	0.01281
18	101	0	8	0.01281
56	99	0	8	0.01279
4	105	0	8	0.01277
73	106	0	8	0.01277
15	102	0	8	0.01275
55	95	0	8	0.01274
65	102	0	8	0.01274
57	90	0	8	0.01269
14	87	0	8	0.01268
40	94	0	8	0.01266
30	35	0	8	0.01264
17	99	0	8	0.01264
11	50	0	8	0.01263
3	106	0	8	0.01263
64	101	0	8	0.01262
83	104	0	8	0.01262
15	100	0	8	0.01261
87	100	0	8	0.01260
96	104	0	8	0.01260
63	92	0	8	0.01260
15	90	0	8	0.01260
44	102	0	8	0.01258
11	72	0	8	0.01257
1	31	0	8	0.01254
19	100	0	8	0.01253
67	98	0	8	0.01253
25	104	0	8	0.01251
34	40	0	8	0.01251
28	102	0	8	0.01251
76	101	0	8	0.01250
35	97	0	8	0.01248
23	101	0	8	0.01248
44	68	0	8	0.01247
58	99	0	8	0.01247
67	100	0	8	0.01247
89	101	0	8	0.01245
46	51	0	8	0.01242
90	97	0	8	0.01241
82	85	0	8	0.01239
2	84	0	8	0.01238
53	96	0	8	0.01237
44	97	0	8	0.01236
33	101	0	8	0.01235
1	81	0	8	0.01234
42	47	0	8	0.01233
16	88	0	8	0.01229
70	93	0	8	0.01227
74	98	0	8	0.01227
6	73	0	8	0.01227
11	55	0	8	0.01225
8	62	0	8	0.01225
7	44	0	8	0.01225
71	99	0	8	0.01223
2	39	0	8	0.01221
84	89	0	8	0.01221
65	92	0	8	0.01220
1	83	0	8	0.01219
52	93	0	8	0.01219
17	96	0	8	0.01219
48	72	0	8	0.01218
39	102	0	8	0.01218
30	100	0	8	0.01218
21	103	0	8	0.01217
65	105	0	8	0.01215
25	105	0	8	0.01215
79	96	0	8	0.01214
45	103	0	8	0.01213
5	105	0	8	0.01213
29	43	0	8	0.01213
89	100	0	8	0.01212
36	97	0	8	0.01209
86	103	0	8	0.01208
90	102	0	8	0.01208
65	95	0	8	0.01208
20	102	0	8	0.01207
23	103	0	8	0.01206
14	103	0	8	0.01204
45	93	0	8	0.01202
17	62	0	8	0.01201
40	92	0	8	0.01201
97	105	0	8	0.01200
2	105	0	8	0.01199
51	93	0	8	0.01198
2	77	0	8	0.01198
23	99	0	8	0.01198
43	100	0	8	0.01196
28	91	0	8	0.01195
20	103	0	8	0.01194
58	98	0	8	0.01194
19	105	0	8	0.01193
14	20	0	8	0.01193
40	102	0	8	0.01190
60	89	0	8	0.01189
19	97	0	8	0.01188
57	88	0	8	0.01187
51	104	0	8	0.01185
26	102	0	8	0.01185
18	81	0	8	0.01184
19	104	0	8	0.01184
51	105	0	8	0.01184
1	43	0	8	0.01183
62	97	0	8	0.01182
1	14	0	8	0.01182
66	105	0	8	0.01182
46	70	0	8	0.01182
10	69	0	8	0.01181
19	82	0	8	0.01179
30	102	0	8	0.01179
72	99	0	8	0.01178
50	88	0	8	0.01178
11	44	0	8	0.01177
1	41	0	8	0.01177
35	63	0	8	0.01177
44	87	0	8	0.01175
44	100	0	8	0.01173
72	100	0	8	0.01173
51	54	0	8	0.01170
27	86	0	8	0.01167
8	58	0	8	0.01166
16	61	0	8	0.01165
12	89	0	8	0.01165
48	91	0	8	0.01165
52	96	0	8	0.01163
10	106	0	8	0.01163
38	103	0	8	0.01162
13	104	0	8	0.01157
61	90	0	8	0.01155
36	41	0	8	0.01154
53	101	0	8	0.01154
23	102	0	8	0.01154
18	30	0	8	0.01153
13	105	0	8	0.01152
42	100	0	8	0.01152
64	100	0	8	0.01150
97	106	0	8	0.01149
3	44	0	8	0.01148
66	94	0	8	0.01148
12	16	0	8	0.01148
6	62	0	8	0.01148
63	90	0	8	0.01147
55	94	0	8	0.01145
88	103	0	8	0.01145
17	73	0	8	0.01144
59	94	0	8	0.01144
11	89	0	8	0.01143
37	51	0	8	0.01142
52	55	0	8	0.01140
15	103	0	8	0.01140
37	103	0	8	0.01139
32	103	0	8	0.01139
31	81	0	8	0.01137
9	14	0	8	0.01136
58	66	0	8	0.01136
1	75	0	8	0.01135
20	101	0	8	0.01134
7	106	0	8	0.01133
21	68	0	8	0.01133
6	106	0	8	0.01132
6	42	0	8	0.01131
3	42	0	8	0.01130
3	82	0	8	0.01129
45	105	0	8	0.01127
4	77	0	8	0.01127
45	98	0	8	0.01127
32	100	0	8	0.01125
23	106	0	8	0.01124
92	102	0	8	0.01123
15	67	0	8	0.01122
7	73	0	8	0.01122
19	91	0	8	0.01121
3	62	0	8	0.01121
25	49	0	8	0.01120
96	106	0	8	0.01120
49	90	0	8	0.01118
63	96	0	8	0.01118
61	64	0	8	0.01117
6	29	0	8	0.01117
10	67	0	8	0.01117
6	13	0	8	0.01116
17	103	0	8	0.01116
96	105	0	8	0.01115
5	40	0	8	0.01114
22	77	0	8	0.01113
21	106	0	8	0.01113
9	106	0	8	0.01113
4	30	0	8	0.01112
33	102	0	8	0.01111
26	100	0	8	0.01110
87	103	0	8	0.01109
26	93	0	8	0.01108
31	41	0	8	0.01107
35	102	0	8	0.01107
18	104	0	8	0.01107
9	69	0	8	0.01107
41	90	0	8	0.01106
20	99	0	8	0.01105
36	81	0	8	0.01104
51	106	0	8	0.01104
27	95	0	8	0.01101
3	30	0	8	0.01099
45	104	0	8	0.01098
10	42	0	8	0.01098
44	103	0	8	0.01097
4	43	0	8	0.01096
47	102	0	8	0.01096
6	44	0	8	0.01095
20	105	0	8	0.01095
13	70	0	8	0.01095
48	102	0	8	0.01095
45	100	0	8	0.01095
16	69	0	8	0.01095
10	52	0	8	0.01095
51	97	0	8	0.01094
20	68	0	8	0.01093
17	91	0	8	0.01093
2	79	0	8	0.01092
21	105	0	8	0.01091
35	101	0	8	0.01091
2	80	0	8	0.01090
65	100	0	8	0.01090
49	95	0	8	0.01087
43	103	0	8	0.01087
60	99	0	8	0.01084
45	68	0	8	0.01083
86	104	0	8	0.01083
30	89	0	8	0.01083
36	102	0	8	0.01082
60	98	0	8	0.01081
40	44	0	8	0.01080
60	97	0	8	0.01080
61	96	0	8	0.01079
48	101	0	8	0.01079
1	84	0	8	0.01079
17	102	0	8	0.01078
48	84	0	8	0.01077
38	100	0	8	0.01077
63	94	0	8	0.01076
63	91	0	8	0.01076
34	101	0	8	0.01074
17	82	0	8	0.01073
95	102	0	8	0.01072
36	101	0	8	0.01071
18	105	0	8	0.01071
89	102	0	8	0.01070
45	72	0	8	0.01069
48	71	0	8	0.01069
19	72	0	8	0.01068
16	90	0	8	0.01067
18	93	0	8	0.01067
94	103	0	8	0.01064
53	84	0	8	0.01064
14	76	0	8	0.01064
11	69	0	8	0.01063
73	96	0	8	0.01063
14	75	0	8	0.01061
86	105	0	8	0.01061
12	106	0	8	0.01060
13	89	0	8	0.01060
45	106	0	8	0.01058
87	104	0	8	0.01057
23	105	0	8	0.01056
65	103	0	8	0.01056
49	72	0	8	0.01055
91	102	0	8	0.01054
47	89	0	8	0.01054
94	104	0	8	0.01053
49	106	0	8	0.01053
17	61	0	8	0.01052
71	100	0	8	0.01051
34	102	0	8	0.01051
88	104	0	8	0.01048
47	70	0	8	0.01048
19	86	0	8	0.01046
9	50	0	8	0.01046
55	92	0	8	0.01045
59	96	0	8	0.01045
66	106	0	8	0.01043
2	106	0	8	0.01042
90	103	0	8	0.01041
45	91	0	8	0.01039
10	56	0	8	0.01039
47	101	0	8	0.01039
48	99	0	8	0.01039
23	104	0	8	0.01038
39	49	0	8	0.01035
27	101	0	8	0.01034
37	100	0	8	0.01032
2	31	0	8	0.01030
46	86	0	8	0.01030
51	79	0	8	0.01030
12	42	0	8	0.01029
55	98	0	8	0.01028
13	19	0	8	0.01028
41	101	0	8	0.01026
82	105	0	8	0.01026
20	104	0	8	0.01025
18	106	0	8	0.01025
18	100	0	8	0.01024
29	101	0	8	0.01023
46	88	0	8	0.01021
45	84	0	8	0.01021
63	95	0	8	0.01020
61	88	0	8	0.01018
13	35	0	8	0.01018
60	87	0	8	0.01015
15	86	0	8	0.01014
4	106	0	8	0.01013
17	101	0	8	0.01012
43	72	0	8	0.01012
1	60	0	8	0.01012
64	102	0	8	0.01012
53	98	0	8	0.01011
53	93	0	8	0.01011
83	105	0	8	0.01010
85	103	0	8	0.01010
1	40	0	8	0.01010
71	80	0	8	0.01008
43	95	0	8	0.01008
55	88	0	8	0.01008
56	97	0	8	0.01007
18	98	0	8	0.01005
21	104	0	8	0.01005
64	106	0	8	0.01005
1	79	0	8	0.01004
16	104	0	8	0.01003
25	95	0	8	0.01000
93	103	0	8	0.01000
41	97	0	8	0.00999
87	105	0	8	0.00997
19	81	0	8	0.00996
1	61	0	8	0.00996
42	94	0	8	0.00995
72	80	0	8	0.00994
35	103	0	8	0.00994
9	55	0	8	0.00993
25	94	0	8	0.00993
48	103	0	8	0.00993
16	105	0	8	0.00993
40	100	0	8	0.00992
53	102	0	8	0.00992
10	49	0	8	0.00990
39	103	0	8	0.00990
33	100	0	8	0.00990
22	76	0	8	0.00990
90	106	0	8	0.00990
14	104	0	8	0.00990
24	99	0	8	0.00989
56	98	0	8	0.00988
90	104	0	8	0.00986
22	101	0	8	0.00986
54	95	0	8	0.00985
59	90	0	8	0.00985
32	83	0	8	0.00981
47	103	0	8	0.00981
24	101	0	8	0.00981
52	86	0	8	0.00980
84	103	0	8	0.00980
49	94	0	8	0.00980
30	57	0	8	0.00979
14	62	0	8	0.00979
1	77	0	8	0.00977
18	97	0	8	0.00977
9	72	0	8	0.00977
33	103	0	8	0.00976
26	103	0	8	0.00976
31	101	0	8	0.00975
14	49	0	8	0.00975
30	87	0	8	0.00975
90	105	0	8	0.00974
21	100	0	8	0.00973
54	77	0	8	0.00972
65	104	0	8	0.00971
20	75	0	8	0.00971
73	97	0	8	0.00971
47	99	0	8	0.00971
94	105	0	8	0.00970
19	94	0	8	0.00970
5	106	0	8	0.00970
3	58	0	8	0.00969
45	97	0	8	0.00969
47	106	0	8	0.00969
66	87	0	8	0.00968
23	96	0	8	0.00967
11	106	0	8	0.00967
31	40	0	8	0.00966
53	103	0	8	0.00965
64	103	0	8	0.00965
7	61	0	8	0.00965
38	104	0	8	0.00964
88	105	0	8	0.00963
28	103	0	8	0.00962
12	24	0	8	0.00962
42	103	0	8	0.00962
13	73	0	8	0.00962
44	105	0	8	0.00962
7	59	0	8	0.00961
40	103	0	8	0.00961
21	98	0	8	0.00960
17	105	0	8	0.00958
44	94	0	8	0.00958
44	104	0	8	0.00958
82	92	0	8	0.00958
54	98	0	8	0.00956
17	93	0	8	0.00956
13	41	0	8	0.00956
17	92	0	8	0.00955
56	62	0	8	0.00955
87	106	0	8	0.00953
7	28	0	8	0.00953
47	90	0	8	0.00950
6	58	0	8	0.00950
68	91	0	8	0.00949
49	92	0	8	0.00947
1	30	0	8	0.00947
94	106	0	8	0.00946
2	43	0	8	0.00946
15	73	0	8	0.00946
20	106	0	8	0.00946
42	90	0	8	0.00945
21	96	0	8	0.00945
19	106	0	8	0.00944
39	100	0	8	0.00944
2	41	0	8	0.00944
62	89	0	8	0.00942
74	81	0	8	0.00942
86	106	0	8	0.00942
2	74	0	8	0.00940
22	102	0	8	0.00940
12	49	0	8	0.00939
32	105	0	8	0.00938
7	56	0	8	0.00938
49	71	0	8	0.00936
22	106	0	8	0.00936
17	104	0	8	0.00935
47	105	0	8	0.00935
64	89	0	8	0.00934
4	80	0	8	0.00933
67	94	0	8	0.00933
37	104	0	8	0.00932
26	95	0	8	0.00932
5	62	0	8	0.00932
89	104	0	8	0.00930
50	99	0	8	0.00930
30	103	0	8	0.00930
16	31	0	8	0.00928
89	103	0	8	0.00925
34	103	0	8	0.00924
47	83	0	8	0.00924
36	103	0	8	0.00924
43	105	0	8	0.00924
19	43	0	8	0.00924
9	59	0	8	0.00924
5	82	0	8	0.00924
13	106	0	8	0.00923
8	64	0	8	0.00922
18	91	0	8	0.00921
15	105	0	8	0.00920
24	102	0	8	0.00920
76	100	0	8	0.00919
8	73	0	8	0.00919
17	106	0	8	0.00919
75	100	0	8	0.00918
51	78	0	8	0.00918
95	103	0	8	0.00918
92	103	0	8	0.00918
83	106	0	8	0.00916
11	76	0	8	0.00916
1	44	0	8	0.00916
3	61	0	8	0.00916
32	104	0	8	0.00914
57	86	0	8	0.00914
10	25	0	8	0.00912
60	86	0	8	0.00911
10	63	0	8	0.00911
16	72	0	8	0.00909
14	105	0	8	0.00908
50	93	0	8	0.00908
11	61	0	8	0.00908
95	104	0	8	0.00908
18	94	0	8	0.00906
89	106	0	8	0.00906
37	105	0	8	0.00904
45	88	0	8	0.00903
53	106	0	8	0.00902
48	104	0	8	0.00901
88	106	0	8	0.00900
35	53	0	8	0.00900
46	102	0	8	0.00900
81	85	0	8	0.00900
1	45	0	8	0.00899
47	91	0	8	0.00899
32	106	0	8	0.00898
38	105	0	8	0.00898
34	100	0	8	0.00897
46	106	0	8	0.00895
10	72	0	8	0.00895
59	88	0	8	0.00894
37	65	0	8	0.00894
57	99	0	8	0.00894
42	92	0	8	0.00891
22	103	0	8	0.00889
6	28	0	8	0.00888
53	105	0	8	0.00888
17	98	0	8	0.00887
58	97	0	8	0.00887
17	71	0	8	0.00887
36	100	0	8	0.00887
5	13	0	8	0.00885
3	45	0	8	0.00885
27	78	0	8	0.00885
46	99	0	8	0.00883
48	93	0	8	0.00881
43	104	0	8	0.00881
69	100	0	8	0.00878
35	100	0	8	0.00878
46	101	0	8	0.00877
51	95	0	8	0.00876
23	98	0	8	0.00876
1	15	0	8	0.00874
63	106	0	8	0.00873
14	34	0	8	0.00873
43	94	0	8	0.00873
10	76	0	8	0.00873
89	105	0	8	0.00872
30	36	0	8	0.00872
7	64	0	8	0.00871
26	73	0	8	0.00870
14	58	0	8	0.00870
47	104	0	8	0.00869
12	61	0	8	0.00868
29	42	0	8	0.00868
28	104	0	8	0.00867
5	58	0	8	0.00867
1	62	0	8	0.00866
17	94	0	8	0.00866
85	104	0	8	0.00863
31	102	0	8	0.00863
16	49	0	8	0.00862
23	75	0	8	0.00861
72	76	0	8	0.00861
31	54	0	8	0.00861
85	105	0	8	0.00860
58	85	0	8	0.00860
15	104	0	8	0.00859
63	99	0	8	0.00857
92	104	0	8	0.00857
70	95	0	8	0.00856
5	44	0	8	0.00856
48	106	0	8	0.00855
95	105	0	8	0.00854
64	105	0	8	0.00853
14	56	0	8	0.00853
54	97	0	8	0.00852
48	105	0	8	0.00851
25	106	0	8	0.00849
24	103	0	8	0.00848
44	95	0	8	0.00848
46	103	0	8	0.00848
1	74	0	8	0.00846
63	88	0	8	0.00846
52	91	0	8	0.00845
26	104	0	8	0.00845
50	101	0	8	0.00843
54	94	0	8	0.00843
24	105	0	8	0.00843
37	106	0	8	0.00841
4	40	0	8	0.00840
37	63	0	8	0.00840
43	69	0	8	0.00839
31	100	0	8	0.00837
53	104	0	8	0.00837
91	103	0	8	0.00836
75	99	0	8	0.00835
26	94	0	8	0.00833
64	104	0	8	0.00833
93	104	0	8	0.00831
4	82	0	8	0.00829
57	61	0	8	0.00829
50	90	0	8	0.00827
38	49	0	8	0.00827
48	92	0	8	0.00827
28	84	0	8	0.00825
35	104	0	8	0.00825
41	102	0	8	0.00824
77	97	0	8	0.00823
45	85	0	8	0.00823
22	105	0	8	0.00822
53	100	0	8	0.00822
1	80	0	8	0.00820
17	97	0	8	0.00820
7	54	0	8	0.00819
23	100	0	8	0.00819
81	91	0	8	0.00819
18	95	0	8	0.00817
28	92	0	8	0.00817
44	106	0	8	0.00816
30	104	0	8	0.00816
66	92	0	8	0.00815
16	106	0	8	0.00814
95	106	0	8	0.00813
55	101	0	8	0.00812
71	78	0	8	0.00812
44	92	0	8	0.00812
35	105	0	8	0.00812
56	78	0	8	0.00812
3	60	0	8	0.00812
11	60	0	8	0.00811
43	92	0	8	0.00809
38	106	0	8	0.00809
92	106	0	8	0.00808
22	99	0	8	0.00808
40	104	0	8	0.00807
48	83	0	8	0.00806
14	35	0	8	0.00806
22	75	0	8	0.00805
3	14	0	8	0.00804
39	104	0	8	0.00804
28	60	0	8	0.00803
33	82	0	8	0.00803
57	98	0	8	0.00802
30	38	0	8	0.00802
24	78	0	8	0.00802
46	105	0	8	0.00802
36	105	0	8	0.00801
33	104	0	8	0.00801
61	106	0	8	0.00801
26	82	0	8	0.00800
30	37	0	8	0.00799
19	95	0	8	0.00799
70	91	0	8	0.00799
5	42	0	8	0.00798
13	72	0	8	0.00796
21	65	0	8	0.00796
36	106	0	8	0.00796
54	92	0	8	0.00796
30	106	0	8	0.00795
45	71	0	8	0.00794
93	106	0	8	0.00793
65	90	0	8	0.00793
11	53	0	8	0.00792
20	96	0	8	0.00792
28	106	0	8	0.00792
43	90	0	8	0.00792
48	100	0	8	0.00788
55	97	0	8	0.00788
4	42	0	8	0.00788
17	100	0	8	0.00788
24	104	0	8	0.00787
9	61	0	8	0.00787
45	92	0	8	0.00787
33	105	0	8	0.00787
24	106	0	8	0.00786
4	44	0	8	0.00786
92	105	0	8	0.00784
91	106	0	8	0.00784
28	105	0	8	0.00783
16	56	0	8	0.00783
50	91	0	8	0.00783
17	69	0	8	0.00782
68	95	0	8	0.00782
1	58	0	8	0.00781
26	105	0	8	0.00781
34	104	0	8	0.00780
25	42	0	8	0.00780
63	98	0	8	0.00779
55	87	0	8	0.00779
39	43	0	8	0.00778
50	102	0	8	0.00777
29	79	0	8	0.00777
50	96	0	8	0.00777
17	90	0	8	0.00777
16	42	0	8	0.00776
41	95	0	8	0.00775
34	41	0	8	0.00774
9	51	0	8	0.00774
34	105	0	8	0.00773
93	105	0	8	0.00772
42	105	0	8	0.00772
39	105	0	8	0.00771
57	89	0	8	0.00770
69	98	0	8	0.00770
49	89	0	8	0.00769
14	69	0	8	0.00767
36	104	0	8	0.00767
9	45	0	8	0.00767
26	106	0	8	0.00767
3	29	0	8	0.00766
8	45	0	8	0.00766
51	87	0	8	0.00765
74	97	0	8	0.00765
67	93	0	8	0.00764
17	43	0	8	0.00764
91	105	0	8	0.00764
72	98	0	8	0.00763
42	104	0	8	0.00763
52	64	0	8	0.00763
9	26	0	8	0.00763
30	105	0	8	0.00762
46	104	0	8	0.00761
2	14	0	8	0.00760
22	104	0	8	0.00760
2	40	0	8	0.00759
60	106	0	8	0.00758
16	45	0	8	0.00758
29	89	0	8	0.00757
65	88	0	8	0.00756
57	87	0	8	0.00755
53	97	0	8	0.00755
40	105	0	8	0.00753
85	106	0	8	0.00753
49	53	0	8	0.00753
31	103	0	8	0.00752
52	98	0	8	0.00752
48	96	0	8	0.00751
16	87	0	8	0.00751
9	67	0	8	0.00751
39	59	0	8	0.00750
2	44	0	8	0.00749
3	28	0	8	0.00749
15	106	0	8	0.00748
62	101	0	8	0.00748
61	99	0	8	0.00748
1	42	0	8	0.00747
6	72	0	8	0.00747
51	76	0	8	0.00746
51	88	0	8	0.00746
61	89	0	8	0.00745
48	98	0	8	0.00744
14	37	0	8	0.00744
14	22	0	8	0.00743
10	44	0	8	0.00742
2	30	0	8	0.00742
20	100	0	8	0.00742
9	65	0	8	0.00742
34	106	0	8	0.00741
80	84	0	8	0.00740
91	104	0	8	0.00739
27	100	0	8	0.00739
5	29	0	8	0.00738
3	49	0	8	0.00738
11	59	0	8	0.00738
52	76	0	8	0.00736
45	95	0	8	0.00736
45	94	0	8	0.00734
35	106	0	8	0.00733
4	13	0	8	0.00732
1	59	0	8	0.00730
37	80	0	8	0.00729
2	82	0	8	0.00729
41	100	0	8	0.00728
84	104	0	8	0.00728
42	76	0	8	0.00728
55	102	0	8	0.00726
77	96	0	8	0.00726
44	53	0	8	0.00726
20	98	0	8	0.00725
33	106	0	8	0.00725
15	88	0	8	0.00724
24	98	0	8	0.00724
75	98	0	8	0.00724
60	101	0	8	0.00723
71	98	0	8	0.00721
62	106	0	8	0.00721
21	97	0	8	0.00720
47	100	0	8	0.00719
24	100	0	8	0.00718
24	96	0	8	0.00718
15	72	0	8	0.00718
61	65	0	8	0.00717
8	49	0	8	0.00716
74	96	0	8	0.00714
23	93	0	8	0.00714
29	100	0	8	0.00714
63	97	0	8	0.00714
16	71	0	8	0.00713
22	100	0	8	0.00713
9	53	0	8	0.00712
18	90	0	8	0.00711
68	79	0	8	0.00711
73	93	0	8	0.00710
28	57	0	8	0.00709
14	38	0	8	0.00708
18	71	0	8	0.00708
30	56	0	8	0.00708
63	101	0	8	0.00707
8	56	0	8	0.00707
46	83	0	8	0.00706
7	13	0	8	0.00706
29	102	0	8	0.00706
14	36	0	8	0.00705
36	63	0	8	0.00705
23	80	0	8	0.00704
42	46	0	8	0.00703
27	92	0	8	0.00701
18	92	0	8	0.00701
54	101	0	8	0.00701
25	75	0	8	0.00700
55	84	0	8	0.00699
27	50	0	8	0.00697
45	87	0	8	0.00697
50	103	0	8	0.00694
25	86	0	8	0.00694
13	61	0	8	0.00693
20	72	0	8	0.00693
12	56	0	8	0.00693
38	79	0	8	0.00693
51	91	0	8	0.00692
7	60	0	8	0.00690
3	72	0	8	0.00689
4	58	0	8	0.00688
38	65	0	8	0.00688
19	66	0	8	0.00688
24	77	0	8	0.00687
2	45	0	8	0.00687
76	99	0	8	0.00686
38	63	0	8	0.00685
2	61	0	8	0.00685
8	13	0	8	0.00684
8	52	0	8	0.00684
30	39	0	8	0.00682
8	54	0	8	0.00681
55	103	0	8	0.00680
18	68	0	8	0.00679
14	106	0	8	0.00679
53	95	0	8	0.00679
41	92	0	8	0.00678
15	61	0	8	0.00677
50	89	0	8	0.00677
69	96	0	8	0.00676
7	49	0	8	0.00675
46	100	0	8	0.00674
75	79	0	8	0.00674
6	45	0	8	0.00674
13	36	0	8	0.00673
55	90	0	8	0.00672
58	101	0	8	0.00672
5	28	0	8	0.00672
43	106	0	8	0.00672
18	63	0	8	0.00670
9	60	0	8	0.00669
82	106	0	8	0.00669
46	96	0	8	0.00667
67	95	0	8	0.00667
56	101	0	8	0.00667
61	101	0	8	0.00667
39	78	0	8	0.00666
53	83	0	8	0.00666
17	95	0	8	0.00666
7	72	0	8	0.00664
24	97	0	8	0.00664
27	102	0	8	0.00664
62	100	0	8	0.00663
25	64	0	8	0.00662
78	97	0	8	0.00661
7	45	0	8	0.00660
61	98	0	8	0.00660
57	97	0	8	0.00659
1	49	0	8	0.00658
22	96	0	8	0.00658
10	59	0	8	0.00656
68	83	0	8	0.00654
24	80	0	8	0.00653
14	71	0	8	0.00653
52	101	0	8	0.00651
2	60	0	8	0.00651
3	59	0	8	0.00649
19	92	0	8	0.00648
23	97	0	8	0.00648
25	83	0	8	0.00648
51	86	0	8	0.00646
61	97	0	8	0.00646
53	91	0	8	0.00646
56	82	0	8	0.00645
20	80	0	8	0.00645
17	60	0	8	0.00645
36	51	0	8	0.00644
48	94	0	8	0.00643
18	72	0	8	0.00643
38	42	0	8	0.00643
46	89	0	8	0.00643
39	106	0	8	0.00642
49	69	0	8	0.00642
7	57	0	8	0.00641
68	86	0	8	0.00641
41	58	0	8	0.00640
57	101	0	8	0.00640
15	68	0	8	0.00640
22	98	0	8	0.00640
10	61	0	8	0.00637
46	98	0	8	0.00636
18	69	0	8	0.00636
31	105	0	8	0.00636
66	90	0	8	0.00635
32	81	0	8	0.00635
37	49	0	8	0.00634
17	68	0	8	0.00633
8	70	0	8	0.00632
40	73	0	8	0.00632
3	73	0	8	0.00632
52	75	0	8	0.00630
62	85	0	8	0.00630
9	63	0	8	0.00628
65	84	0	8	0.00628
62	102	0	8	0.00626
72	77	0	8	0.00625
48	97	0	8	0.00625
60	100	0	8	0.00623
63	105	0	8	0.00622
55	100	0	8	0.00622
27	58	0	8	0.00622
1	55	0	8	0.00621
10	65	0	8	0.00621
7	52	0	8	0.00621
47	98	0	8	0.00621
3	56	0	8	0.00621
44	90	0	8	0.00620
21	93	0	8	0.00619
5	56	0	8	0.00618
17	58	0	8	0.00618
63	102	0	8	0.00617
56	102	0	8	0.00616
27	85	0	8	0.00616
20	97	0	8	0.00614
84	105	0	8	0.00613
66	81	0	8	0.00613
16	60	0	8	0.00613
24	74	0	8	0.00612
54	74	0	8	0.00611
31	104	0	8	0.00611
63	100	0	8	0.00610
13	43	0	8	0.00608
3	57	0	8	0.00608
12	59	0	8	0.00607
5	73	0	8	0.00607
29	77	0	8	0.00606
50	98	0	8	0.00606
6	64	0	8	0.00605
30	85	0	8	0.00604
31	106	0	8	0.00604
45	90	0	8	0.00604
52	97	0	8	0.00604
23	76	0	8	0.00603
66	73	0	8	0.00602
2	42	0	8	0.00601
42	55	0	8	0.00601
60	102	0	8	0.00601
31	82	0	8	0.00600
8	72	0	8	0.00600
43	71	0	8	0.00600
61	87	0	8	0.00600
55	106	0	8	0.00600
60	103	0	8	0.00599
12	71	0	8	0.00599
6	49	0	8	0.00598
7	55	0	8	0.00597
50	105	0	8	0.00597
84	106	0	8	0.00596
12	69	0	8	0.00596
47	93	0	8	0.00596
62	103	0	8	0.00594
41	45	0	8	0.00594
2	58	0	8	0.00593
27	49	0	8	0.00592
41	103	0	8	0.00591
50	104	0	8	0.00590
50	106	0	8	0.00589
47	71	0	8	0.00588
12	21	0	8	0.00587
3	55	0	8	0.00587
2	62	0	8	0.00587
50	100	0	8	0.00586
58	102	0	8	0.00586
80	95	0	8	0.00585
9	57	0	8	0.00584
55	105	0	8	0.00584
6	56	0	8	0.00583
1	57	0	8	0.00583
15	89	0	8	0.00582
70	83	0	8	0.00581
11	51	0	8	0.00581
55	104	0	8	0.00580
64	83	0	8	0.00579
1	47	0	8	0.00579
15	85	0	8	0.00578
61	103	0	8	0.00578
47	92	0	8	0.00578
5	45	0	8	0.00577
8	55	0	8	0.00577
1	72	0	8	0.00577
47	82	0	8	0.00573
47	96	0	8	0.00573
11	45	0	8	0.00571
56	103	0	8	0.00570
57	102	0	8	0.00570
18	86	0	8	0.00570
7	70	0	8	0.00570
4	45	0	8	0.00570
26	91	0	8	0.00568
51	94	0	8	0.00567
33	53	0	8	0.00565
57	103	0	8	0.00563
81	92	0	8	0.00563
59	89	0	8	0.00562
70	94	0	8	0.00562
41	94	0	8	0.00562
61	102	0	8	0.00561
46	72	0	8	0.00560
63	104	0	8	0.00557
29	103	0	8	0.00557
49	68	0	8	0.00557
46	71	0	8	0.00557
2	59	0	8	0.00556
61	105	0	8	0.00555
74	93	0	8	0.00553
46	97	0	8	0.00553
9	71	0	8	0.00553
80	93	0	8	0.00553
54	102	0	8	0.00552
48	82	0	8	0.00551
16	59	0	8	0.00550
10	60	0	8	0.00550
52	102	0	8	0.00549
5	72	0	8	0.00547
12	23	0	8	0.00547
60	104	0	8	0.00547
62	105	0	8	0.00546
3	15	0	8	0.00545
60	105	0	8	0.00545
39	65	0	8	0.00544
42	75	0	8	0.00543
13	58	0	8	0.00543
57	105	0	8	0.00543
46	93	0	8	0.00543
61	104	0	8	0.00542
72	82	0	8	0.00542
63	103	0	8	0.00541
58	103	0	8	0.00541
8	50	0	8	0.00540
30	83	0	8	0.00539
6	51	0	8	0.00537
36	82	0	8	0.00537
39	77	0	8	0.00536
4	62	0	8	0.00536
27	103	0	8	0.00536
56	100	0	8	0.00535
40	106	0	8	0.00535
46	92	0	8	0.00535
16	40	0	8	0.00535
55	78	0	8	0.00534
48	95	0	8	0.00534
1	46	0	8	0.00534
53	94	0	8	0.00534
52	100	0	8	0.00534
59	99	0	8	0.00534
23	95	0	8	0.00534
54	100	0	8	0.00534
6	54	0	8	0.00533
54	90	0	8	0.00533
53	88	0	8	0.00532
58	100	0	8	0.00532
59	87	0	8	0.00532
12	60	0	8	0.00532
2	49	0	8	0.00531
1	82	0	8	0.00530
18	82	0	8	0.00530
69	97	0	8	0.00529
22	65	0	8	0.00529
47	97	0	8	0.00529
35	82	0	8	0.00528
3	51	0	8	0.00526
78	96	0	8	0.00526
47	94	0	8	0.00524
76	81	0	8	0.00522
57	104	0	8	0.00521
36	52	0	8	0.00520
68	94	0	8	0.00520
6	55	0	8	0.00519
67	91	0	8	0.00519
56	105	0	8	0.00518
21	45	0	8	0.00518
21	95	0	8	0.00517
57	100	0	8	0.00516
47	72	0	8	0.00515
16	44	0	8	0.00515
15	87	0	8	0.00515
17	84	0	8	0.00514
59	97	0	8	0.00514
3	50	0	8	0.00514
46	90	0	8	0.00513
3	54	0	8	0.00513
21	43	0	8	0.00512
17	72	0	8	0.00511
50	97	0	8	0.00510
61	100	0	8	0.00509
41	89	0	8	0.00509
56	104	0	8	0.00509
1	48	0	8	0.00509
4	28	0	8	0.00508
22	97	0	8	0.00508
56	80	0	8	0.00507
39	60	0	8	0.00507
7	51	0	8	0.00507
31	66	0	8	0.00507
42	106	0	8	0.00504
7	50	0	8	0.00504
57	106	0	8	0.00503
58	106	0	8	0.00502
37	42	0	8	0.00501
30	81	0	8	0.00501
27	53	0	8	0.00500
54	78	0	8	0.00500
34	53	0	8	0.00500
62	104	0	8	0.00499
3	71	0	8	0.00498
72	78	0	8	0.00498
76	98	0	8	0.00498
6	70	0	8	0.00498
45	89	0	8	0.00498
69	74	0	8	0.00498
40	74	0	8	0.00498
56	106	0	8	0.00497
27	88	0	8	0.00497
59	98	0	8	0.00496
25	45	0	8	0.00495
67	92	0	8	0.00495
3	46	0	8	0.00493
72	97	0	8	0.00492
44	89	0	8	0.00490
51	55	0	8	0.00489
29	55	0	8	0.00488
42	89	0	8	0.00488
79	95	0	8	0.00487
63	89	0	8	0.00487
4	72	0	8	0.00486
52	87	0	8	0.00485
63	86	0	8	0.00485
6	52	0	8	0.00483
38	61	0	8	0.00483
3	47	0	8	0.00483
26	52	0	8	0.00481
6	71	0	8	0.00481
19	90	0	8	0.00480
46	91	0	8	0.00480
6	69	0	8	0.00479
41	62	0	8	0.00478
2	15	0	8	0.00478
1	51	0	8	0.00477
21	94	0	8	0.00476
4	29	0	8	0.00476
8	69	0	8	0.00476
72	96	0	8	0.00475
83	89	0	8	0.00475
14	89	0	8	0.00474
4	60	0	8	0.00473
5	60	0	8	0.00473
23	94	0	8	0.00472
46	82	0	8	0.00471
40	65	0	8	0.00471
54	103	0	8	0.00470
27	104	0	8	0.00470
71	77	0	8	0.00469
11	57	0	8	0.00467
25	92	0	8	0.00467
17	41	0	8	0.00467
21	28	0	8	0.00466
17	64	0	8	0.00466
52	88	0	8	0.00465
61	86	0	8	0.00465
43	89	0	8	0.00465
46	85	0	8	0.00465
58	104	0	8	0.00464
18	43	0	8	0.00463
77	93	0	8	0.00463
2	72	0	8	0.00462
51	67	0	8	0.00462
52	95	0	8	0.00460
17	83	0	8	0.00459
8	51	0	8	0.00458
1	28	0	8	0.00458
41	104	0	8	0.00458
2	55	0	8	0.00456
51	92	0	8	0.00456
11	16	0	8	0.00455
14	44	0	8	0.00453
55	85	0	8	0.00452
2	57	0	8	0.00452
3	48	0	8	0.00451
1	56	0	8	0.00451
30	82	0	8	0.00451
6	53	0	8	0.00450
70	76	0	8	0.00450
19	45	0	8	0.00450
37	79	0	8	0.00450
12	22	0	8	0.00450
46	95	0	8	0.00450
41	65	0	8	0.00449
8	27	0	8	0.00449
6	14	0	8	0.00448
41	105	0	8	0.00447
56	60	0	8	0.00446
52	103	0	8	0.00445
19	29	0	8	0.00444
59	86	0	8	0.00443
53	85	0	8	0.00443
10	50	0	8	0.00443
19	88	0	8	0.00442
3	53	0	8	0.00441
3	70	0	8	0.00440
6	61	0	8	0.00440
39	50	0	8	0.00440
6	50	0	8	0.00439
3	26	0	8	0.00439
18	61	0	8	0.00439
6	60	0	8	0.00438
79	93	0	8	0.00437
17	36	0	8	0.00437
16	50	0	8	0.00436
47	95	0	8	0.00435
33	52	0	8	0.00434
58	105	0	8	0.00434
1	16	0	8	0.00433
5	64	0	8	0.00433
9	25	0	8	0.00432
18	88	0	8	0.00432
76	82	0	8	0.00432
53	64	0	8	0.00431
35	51	0	8	0.00431
15	34	0	8	0.00430
8	68	0	8	0.00429
17	31	0	8	0.00428
73	84	0	8	0.00427
10	55	0	8	0.00427
51	90	0	8	0.00426
18	84	0	8	0.00426
17	53	0	8	0.00426
6	59	0	8	0.00426
53	90	0	8	0.00426
33	66	0	8	0.00426
13	37	0	8	0.00425
5	49	0	8	0.00425
75	97	0	8	0.00425
29	73	0	8	0.00424
6	26	0	8	0.00423
50	95	0	8	0.00422
22	79	0	8	0.00422
15	71	0	8	0.00422
14	55	0	8	0.00421
7	71	0	8	0.00420
29	104	0	8	0.00420
13	60	0	8	0.00419
3	52	0	8	0.00419
53	87	0	8	0.00418
53	86	0	8	0.00418
54	104	0	8	0.00417
7	69	0	8	0.00417
1	71	0	8	0.00416
1	53	0	8	0.00415
18	58	0	8	0.00414
10	45	0	8	0.00414
12	44	0	8	0.00413
8	53	0	8	0.00412
13	39	0	8	0.00412
1	50	0	8	0.00411
4	61	0	8	0.00411
18	60	0	8	0.00411
63	87	0	8	0.00410
14	50	0	8	0.00410
59	106	0	8	0.00409
4	49	0	8	0.00408
5	54	0	8	0.00407
7	53	0	8	0.00407
16	89	0	8	0.00407
27	37	0	8	0.00405
18	89	0	8	0.00405
17	49	0	8	0.00405
22	80	0	8	0.00404
22	93	0	8	0.00404
4	56	0	8	0.00404
18	45	0	8	0.00403
6	47	0	8	0.00402
23	79	0	8	0.00402
46	94	0	8	0.00401
14	51	0	8	0.00401
53	92	0	8	0.00399
27	105	0	8	0.00399
58	67	0	8	0.00399
17	89	0	8	0.00398
30	67	0	8	0.00398
2	46	0	8	0.00398
39	68	0	8	0.00397
21	47	0	8	0.00396
17	86	0	8	0.00396
25	76	0	8	0.00396
55	70	0	8	0.00396
26	92	0	8	0.00395
3	64	0	8	0.00395
75	96	0	8	0.00395
71	97	0	8	0.00392
17	59	0	8	0.00392
4	57	0	8	0.00390
5	55	0	8	0.00390
41	67	0	8	0.00390
6	57	0	8	0.00390
2	56	0	8	0.00388
81	86	0	8	0.00388
9	48	0	8	0.00387
54	71	0	8	0.00387
26	55	0	8	0.00386
8	71	0	8	0.00386
5	51	0	8	0.00386
4	55	0	8	0.00386
24	95	0	8	0.00386
80	94	0	8	0.00385
1	63	0	8	0.00385
25	44	0	8	0.00384
25	85	0	8	0.00384
20	95	0	8	0.00383
15	41	0	8	0.00383
26	54	0	8	0.00382
10	71	0	8	0.00382
1	17	0	8	0.00381
29	49	0	8	0.00379
19	52	0	8	0.00379
29	105	0	8	0.00378
2	47	0	8	0.00378
70	86	0	8	0.00377
8	60	0	8	0.00376
55	89	0	8	0.00375
54	105	0	8	0.00375
19	49	0	8	0.00375
59	101	0	8	0.00374
22	94	0	8	0.00374
14	45	0	8	0.00373
16	39	0	8	0.00373
24	94	0	8	0.00373
4	51	0	8	0.00370
71	79	0	8	0.00370
1	73	0	8	0.00369
13	40	0	8	0.00369
17	88	0	8	0.00368
20	93	0	8	0.00368
5	14	0	8	0.00368
28	88	0	8	0.00368
67	82	0	8	0.00368
11	24	0	8	0.00367
41	106	0	8	0.00367
50	92	0	8	0.00367
22	95	0	8	0.00366
2	51	0	8	0.00366
27	62	0	8	0.00366
77	83	0	8	0.00366
75	82	0	8	0.00366
17	55	0	8	0.00365
8	66	0	8	0.00365
5	61	0	8	0.00365
8	57	0	8	0.00363
5	57	0	8	0.00363
20	94	0	8	0.00363
15	35	0	8	0.00363
32	40	0	8	0.00363
52	104	0	8	0.00362
65	86	0	8	0.00359
21	86	0	8	0.00358
6	48	0	8	0.00358
21	46	0	8	0.00357
24	93	0	8	0.00357
28	56	0	8	0.00356
18	62	0	8	0.00356
54	106	0	8	0.00356
15	36	0	8	0.00356
10	57	0	8	0.00356
4	14	0	8	0.00355
6	46	0	8	0.00355
24	52	0	8	0.00354
55	81	0	8	0.00354
44	72	0	8	0.00354
21	91	0	8	0.00353
70	88	0	8	0.00352
52	94	0	8	0.00352
11	71	0	8	0.00351
12	50	0	8	0.00350
25	88	0	8	0.00350
27	38	0	8	0.00349
65	87	0	8	0.00349
50	94	0	8	0.00348
82	88	0	8	0.00348
19	83	0	8	0.00347
42	56	0	8	0.00347
48	52	0	8	0.00347
1	54	0	8	0.00346
52	105	0	8	0.00346
7	47	0	8	0.00346
18	47	0	8	0.00345
13	38	0	8	0.00345
28	41	0	8	0.00345
3	63	0	8	0.00344
19	87	0	8	0.00344
34	82	0	8	0.00344
69	82	0	8	0.00343
27	44	0	8	0.00343
27	106	0	8	0.00343
1	29	0	8	0.00342
2	28	0	8	0.00341
21	92	0	8	0.00341
5	59	0	8	0.00341
28	90	0	8	0.00340
9	47	0	8	0.00340
8	59	0	8	0.00339
3	16	0	8	0.00339
5	50	0	8	0.00338
2	48	0	8	0.00338
68	78	0	8	0.00337
67	90	0	8	0.00337
25	51	0	8	0.00336
74	95	0	8	0.00336
17	51	0	8	0.00335
65	89	0	8	0.00334
71	96	0	8	0.00334
54	89	0	8	0.00334
26	80	0	8	0.00334
74	94	0	8	0.00334
21	44	0	8	0.00334
67	72	0	8	0.00333
26	71	0	8	0.00333
21	81	0	8	0.00332
2	50	0	8	0.00332
36	65	0	8	0.00332
39	63	0	8	0.00332
4	59	0	8	0.00331
59	102	0	8	0.00331
13	18	0	8	0.00330
17	56	0	8	0.00330
17	32	0	8	0.00329
59	103	0	8	0.00328
59	105	0	8	0.00328
8	26	0	8	0.00328
4	73	0	8	0.00327
78	83	0	8	0.00327
1	21	0	8	0.00325
1	69	0	8	0.00323
3	69	0	8	0.00321
2	73	0	8	0.00320
13	71	0	8	0.00320
27	90	0	8	0.00319
27	55	0	8	0.00319
28	54	0	8	0.00318
29	106	0	8	0.00317
13	69	0	8	0.00317
71	76	0	8	0.00317
13	42	0	8	0.00317
2	53	0	8	0.00316
19	41	0	8	0.00316
2	54	0	8	0.00316
17	45	0	8	0.00316
6	27	0	8	0.00316
17	66	0	8	0.00316
19	85	0	8	0.00315
11	48	0	8	0.00314
21	49	0	8	0.00313
5	52	0	8	0.00312
81	87	0	8	0.00312
32	55	0	8	0.00311
8	47	0	8	0.00311
32	54	0	8	0.00311
7	46	0	8	0.00310
45	69	0	8	0.00310
4	46	0	8	0.00310
8	61	0	8	0.00310
18	87	0	8	0.00310
55	63	0	8	0.00309
66	70	0	8	0.00309
17	34	0	8	0.00309
5	71	0	8	0.00309
17	87	0	8	0.00308
26	84	0	8	0.00308
18	49	0	8	0.00308
18	59	0	8	0.00307
17	35	0	8	0.00307
5	69	0	8	0.00307
45	53	0	8	0.00306
29	50	0	8	0.00305
40	45	0	8	0.00305
44	66	0	8	0.00305
7	27	0	8	0.00304
13	59	0	8	0.00304
46	52	0	8	0.00303
41	48	0	8	0.00302
79	94	0	8	0.00302
1	22	0	8	0.00301
66	74	0	8	0.00301
17	54	0	8	0.00301
5	47	0	8	0.00301
7	48	0	8	0.00300
52	106	0	8	0.00300
59	100	0	8	0.00300
36	49	0	8	0.00300
4	47	0	8	0.00300
73	95	0	8	0.00299
59	104	0	8	0.00299
2	71	0	8	0.00299
53	76	0	8	0.00299
18	48	0	8	0.00299
16	51	0	8	0.00298
76	97	0	8	0.00298
38	43	0	8	0.00297
14	57	0	8	0.00297
5	70	0	8	0.00296
15	58	0	8	0.00296
31	55	0	8	0.00295
78	95	0	8	0.00295
23	91	0	8	0.00295
15	43	0	8	0.00295
1	23	0	8	0.00294
8	14	0	8	0.00294
40	60	0	8	0.00294
35	52	0	8	0.00294
31	52	0	8	0.00293
20	45	0	8	0.00293
68	88	0	8	0.00293
12	55	0	8	0.00293
3	23	0	8	0.00292
75	95	0	8	0.00291
51	89	0	8	0.00290
4	71	0	8	0.00290
19	44	0	8	0.00290
1	26	0	8	0.00290
7	66	0	8	0.00289
16	37	0	8	0.00289
4	54	0	8	0.00288
7	14	0	8	0.00288
2	29	0	8	0.00288
27	71	0	8	0.00288
3	21	0	8	0.00288
82	87	0	8	0.00287
38	77	0	8	0.00287
8	65	0	8	0.00286
33	51	0	8	0.00286
24	50	0	8	0.00286
7	68	0	8	0.00285
21	48	0	8	0.00284
75	81	0	8	0.00284
4	15	0	8	0.00283
10	51	0	8	0.00283
16	36	0	8	0.00283
71	82	0	8	0.00283
32	41	0	8	0.00283
38	78	0	8	0.00282
6	15	0	8	0.00282
4	50	0	8	0.00282
44	71	0	8	0.00281
1	70	0	8	0.00281
17	52	0	8	0.00281
41	69	0	8	0.00281
72	95	0	8	0.00280
21	84	0	8	0.00280
77	95	0	8	0.00280
18	46	0	8	0.00279
81	88	0	8	0.00279
16	47	0	8	0.00278
10	53	0	8	0.00277
7	63	0	8	0.00277
12	45	0	8	0.00277
70	92	0	8	0.00277
27	51	0	8	0.00276
41	76	0	8	0.00276
8	67	0	8	0.00275
9	46	0	8	0.00275
5	46	0	8	0.00274
14	61	0	8	0.00274
64	79	0	8	0.00274
4	53	0	8	0.00272
81	90	0	8	0.00272
25	28	0	8	0.00271
53	65	0	8	0.00271
15	60	0	8	0.00270
73	94	0	8	0.00270
20	47	0	8	0.00270
3	65	0	8	0.00270
15	69	0	8	0.00269
55	71	0	8	0.00268
17	44	0	8	0.00268
66	69	0	8	0.00268
47	84	0	8	0.00267
37	43	0	8	0.00267
29	78	0	8	0.00267
16	55	0	8	0.00267
6	68	0	8	0.00267
67	88	0	8	0.00266
74	83	0	8	0.00265
34	51	0	8	0.00265
16	38	0	8	0.00265
19	89	0	8	0.00265
29	74	0	8	0.00264
40	48	0	8	0.00263
21	90	0	8	0.00263
76	96	0	8	0.00263
4	69	0	8	0.00263
14	53	0	8	0.00262
8	46	0	8	0.00262
38	67	0	8	0.00262
51	66	0	8	0.00261
35	42	0	8	0.00261
63	84	0	8	0.00260
59	66	0	8	0.00260
40	59	0	8	0.00260
33	42	0	8	0.00259
5	26	0	8	0.00259
9	15	0	8	0.00259
23	43	0	8	0.00259
12	20	0	8	0.00259
29	44	0	8	0.00257
82	90	0	8	0.00257
75	94	0	8	0.00257
5	15	0	8	0.00256
3	17	0	8	0.00256
16	57	0	8	0.00256
69	80	0	8	0.00256
17	47	0	8	0.00256
5	48	0	8	0.00255
69	93	0	8	0.00254
53	89	0	8	0.00254
10	15	0	8	0.00253
60	84	0	8	0.00253
78	93	0	8	0.00252
5	53	0	8	0.00252
16	32	0	8	0.00252
59	67	0	8	0.00251
50	66	0	8	0.00251
4	64	0	8	0.00251
13	44	0	8	0.00250
11	47	0	8	0.00250
22	45	0	8	0.00249
4	48	0	8	0.00248
7	26	0	8	0.00247
66	79	0	8	0.00247
17	48	0	8	0.00247
3	22	0	8	0.00246
8	48	0	8	0.00246
18	44	0	8	0.00246
17	33	0	8	0.00246
17	38	0	8	0.00246
25	40	0	8	0.00245
33	49	0	8	0.00245
1	20	0	8	0.00244
18	83	0	8	0.00244
35	49	0	8	0.00244
1	18	0	8	0.00244
30	41	0	8	0.00243
4	70	0	8	0.00243
28	31	0	8	0.00243
41	47	0	8	0.00242
36	42	0	8	0.00242
3	27	0	8	0.00242
24	43	0	8	0.00240
19	55	0	8	0.00240
40	63	0	8	0.00238
12	51	0	8	0.00238
36	79	0	8	0.00238
1	65	0	8	0.00237
66	89	0	8	0.00237
6	66	0	8	0.00236
25	90	0	8	0.00236
13	54	0	8	0.00236
80	91	0	8	0.00236
40	67	0	8	0.00236
33	65	0	8	0.00235
24	51	0	8	0.00235
46	84	0	8	0.00235
4	26	0	8	0.00234
13	52	0	8	0.00234
36	66	0	8	0.00234
37	77	0	8	0.00234
72	94	0	8	0.00234
53	75	0	8	0.00234
19	47	0	8	0.00234
26	41	0	8	0.00234
13	45	0	8	0.00233
19	58	0	8	0.00233
20	43	0	8	0.00233
69	95	0	8	0.00233
29	45	0	8	0.00233
4	52	0	8	0.00233
67	70	0	8	0.00232
55	59	0	8	0.00232
17	37	0	8	0.00232
25	56	0	8	0.00232
3	24	0	8	0.00231
77	94	0	8	0.00231
2	16	0	8	0.00231
17	50	0	8	0.00231
39	44	0	8	0.00230
37	78	0	8	0.00229
2	63	0	8	0.00229
23	45	0	8	0.00228
10	48	0	8	0.00228
52	92	0	8	0.00227
55	62	0	8	0.00227
18	52	0	8	0.00226
48	69	0	8	0.00226
1	24	0	8	0.00226
29	53	0	8	0.00226
15	37	0	8	0.00225
21	66	0	8	0.00224
23	86	0	8	0.00224
24	79	0	8	0.00224
1	52	0	8	0.00224
10	47	0	8	0.00224
21	50	0	8	0.00223
33	43	0	8	0.00223
72	93	0	8	0.00223
75	93	0	8	0.00222
16	48	0	8	0.00221
42	72	0	8	0.00221
21	82	0	8	0.00220
2	70	0	8	0.00220
29	51	0	8	0.00220
23	92	0	8	0.00220
3	25	0	8	0.00219
68	92	0	8	0.00219
30	54	0	8	0.00219
18	54	0	8	0.00219
55	73	0	8	0.00219
13	49	0	8	0.00219
56	83	0	8	0.00218
12	57	0	8	0.00217
19	54	0	8	0.00217
78	94	0	8	0.00217
27	75	0	8	0.00216
71	95	0	8	0.00215
12	48	0	8	0.00214
71	81	0	8	0.00214
4	63	0	8	0.00214
16	53	0	8	0.00213
21	52	0	8	0.00213
40	76	0	8	0.00213
19	64	0	8	0.00213
19	56	0	8	0.00212
27	87	0	8	0.00211
39	67	0	8	0.00211
2	26	0	8	0.00211
20	92	0	8	0.00210
19	63	0	8	0.00210
26	72	0	8	0.00210
41	75	0	8	0.00209
6	63	0	8	0.00209
1	19	0	8	0.00209
8	63	0	8	0.00208
2	21	0	8	0.00208
1	64	0	8	0.00207
70	90	0	8	0.00206
11	23	0	8	0.00206
73	91	0	8	0.00206
33	50	0	8	0.00205
27	57	0	8	0.00204
28	86	0	8	0.00204
27	45	0	8	0.00203
2	23	0	8	0.00203
35	65	0	8	0.00202
30	55	0	8	0.00202
35	43	0	8	0.00201
24	27	0	8	0.00200
19	51	0	8	0.00200
24	53	0	8	0.00200
22	92	0	8	0.00200
14	59	0	8	0.00200
15	59	0	8	0.00199
20	91	0	8	0.00199
2	69	0	8	0.00199
39	74	0	8	0.00199
17	57	0	8	0.00198
47	52	0	8	0.00197
6	23	0	8	0.00197
7	65	0	8	0.00197
71	94	0	8	0.00196
13	55	0	8	0.00196
23	84	0	8	0.00196
35	66	0	8	0.00196
17	40	0	8	0.00195
22	46	0	8	0.00195
43	56	0	8	0.00195
18	56	0	8	0.00195
5	27	0	8	0.00195
23	82	0	8	0.00195
19	48	0	8	0.00194
10	24	0	8	0.00194
16	35	0	8	0.00194
68	85	0	8	0.00194
40	70	0	8	0.00193
28	39	0	8	0.00193
12	53	0	8	0.00193
73	83	0	8	0.00192
6	67	0	8	0.00192
34	50	0	8	0.00192
57	85	0	8	0.00192
11	46	0	8	0.00191
22	47	0	8	0.00191
1	67	0	8	0.00191
12	19	0	8	0.00191
19	46	0	8	0.00190
18	50	0	8	0.00190
67	71	0	8	0.00190
43	62	0	8	0.00189
11	21	0	8	0.00189
34	49	0	8	0.00189
40	47	0	8	0.00189
69	94	0	8	0.00188
39	61	0	8	0.00188
22	91	0	8	0.00188
27	36	0	8	0.00187
23	65	0	8	0.00187
41	72	0	8	0.00187
6	65	0	8	0.00187
20	46	0	8	0.00186
6	24	0	8	0.00186
43	55	0	8	0.00186
36	78	0	8	0.00185
22	43	0	8	0.00185
26	57	0	8	0.00185
24	75	0	8	0.00185
20	49	0	8	0.00185
36	80	0	8	0.00184
35	50	0	8	0.00184
17	39	0	8	0.00184
20	44	0	8	0.00183
18	51	0	8	0.00183
70	85	0	8	0.00182
26	53	0	8	0.00182
2	52	0	8	0.00182
21	88	0	8	0.00182
43	67	0	8	0.00182
64	80	0	8	0.00181
3	68	0	8	0.00181
34	52	0	8	0.00181
57	84	0	8	0.00181
38	50	0	8	0.00181
12	47	0	8	0.00181
76	95	0	8	0.00181
38	68	0	8	0.00180
2	17	0	8	0.00180
44	69	0	8	0.00180
3	66	0	8	0.00180
65	85	0	8	0.00179
17	46	0	8	0.00179
24	76	0	8	0.00178
14	48	0	8	0.00178
18	85	0	8	0.00178
54	62	0	8	0.00178
19	50	0	8	0.00178
25	55	0	8	0.00177
28	38	0	8	0.00177
16	33	0	8	0.00177
17	85	0	8	0.00177
17	42	0	8	0.00176
24	45	0	8	0.00176
13	56	0	8	0.00175
44	54	0	8	0.00175
9	24	0	8	0.00174
11	22	0	8	0.00174
2	22	0	8	0.00174
21	55	0	8	0.00173
3	20	0	8	0.00173
4	23	0	8	0.00173
37	50	0	8	0.00173
37	67	0	8	0.00173
3	67	0	8	0.00173
25	87	0	8	0.00172
21	41	0	8	0.00172
15	38	0	8	0.00172
7	15	0	8	0.00172
74	91	0	8	0.00172
26	56	0	8	0.00171
61	84	0	8	0.00171
24	92	0	8	0.00171
74	84	0	8	0.00171
18	66	0	8	0.00171
2	24	0	8	0.00170
79	92	0	8	0.00170
5	63	0	8	0.00170
21	51	0	8	0.00170
77	91	0	8	0.00170
56	72	0	8	0.00170
18	41	0	8	0.00169
19	42	0	8	0.00169
4	65	0	8	0.00169
23	66	0	8	0.00169
34	43	0	8	0.00168
52	90	0	8	0.00168
20	66	0	8	0.00167
34	45	0	8	0.00167
28	87	0	8	0.00167
60	85	0	8	0.00167
3	19	0	8	0.00166
31	80	0	8	0.00166
63	85	0	8	0.00166
72	81	0	8	0.00166
39	73	0	8	0.00166
26	88	0	8	0.00165
76	94	0	8	0.00165
68	75	0	8	0.00165
10	46	0	8	0.00165
26	90	0	8	0.00164
8	15	0	8	0.00164
35	45	0	8	0.00164
30	40	0	8	0.00164
16	46	0	8	0.00164
56	61	0	8	0.00164
57	68	0	8	0.00163
6	25	0	8	0.00163
7	67	0	8	0.00163
20	48	0	8	0.00162
22	44	0	8	0.00162
56	69	0	8	0.00160
23	50	0	8	0.00160
18	53	0	8	0.00160
74	92	0	8	0.00160
49	66	0	8	0.00159
23	49	0	8	0.00159
22	50	0	8	0.00159
5	65	0	8	0.00159
72	79	0	8	0.00159
26	59	0	8	0.00159
31	49	0	8	0.00158
36	50	0	8	0.00158
22	49	0	8	0.00158
37	44	0	8	0.00158
80	92	0	8	0.00157
16	34	0	8	0.00157
31	79	0	8	0.00156
28	52	0	8	0.00155
5	66	0	8	0.00155
22	27	0	8	0.00155
79	84	0	8	0.00155
4	21	0	8	0.00154
36	43	0	8	0.00154
45	66	0	8	0.00153
42	69	0	8	0.00153
18	55	0	8	0.00153
55	74	0	8	0.00153
34	65	0	8	0.00153
12	17	0	8	0.00152
6	21	0	8	0.00152
2	64	0	8	0.00152
14	60	0	8	0.00151
31	50	0	8	0.00151
13	47	0	8	0.00151
34	47	0	8	0.00151
22	48	0	8	0.00151
5	68	0	8	0.00150
24	91	0	8	0.00150
20	81	0	8	0.00149
24	54	0	8	0.00149
21	89	0	8	0.00149
69	91	0	8	0.00148
35	44	0	8	0.00148
71	93	0	8	0.00147
28	89	0	8	0.00147
28	80	0	8	0.00147
20	90	0	8	0.00147
41	46	0	8	0.00146
32	65	0	8	0.00146
24	55	0	8	0.00145
22	86	0	8	0.00145
56	81	0	8	0.00144
46	69	0	8	0.00144
21	87	0	8	0.00144
33	45	0	8	0.00143
23	90	0	8	0.00143
26	62	0	8	0.00143
34	42	0	8	0.00143
1	25	0	8	0.00143
4	27	0	8	0.00143
15	49	0	8	0.00143
14	47	0	8	0.00143
55	82	0	8	0.00143
22	84	0	8	0.00142
47	69	0	8	0.00142
70	87	0	8	0.00142
13	48	0	8	0.00141
53	57	0	8	0.00141
76	93	0	8	0.00141
33	47	0	8	0.00141
55	60	0	8	0.00141
2	65	0	8	0.00140
25	62	0	8	0.00139
33	44	0	8	0.00139
18	57	0	8	0.00139
67	84	0	8	0.00139
23	52	0	8	0.00139
24	49	0	8	0.00138
8	25	0	8	0.00138
75	92	0	8	0.00137
20	86	0	8	0.00137
78	92	0	8	0.00137
38	44	0	8	0.00137
63	66	0	8	0.00137
2	20	0	8	0.00137
36	44	0	8	0.00136
28	81	0	8	0.00136
55	83	0	8	0.00136
31	42	0	8	0.00134
27	30	0	8	0.00134
36	47	0	8	0.00134
22	90	0	8	0.00133
79	91	0	8	0.00132
21	83	0	8	0.00132
28	37	0	8	0.00132
19	53	0	8	0.00132
31	43	0	8	0.00132
36	45	0	8	0.00132
25	53	0	8	0.00132
15	39	0	8	0.00131
25	39	0	8	0.00131
7	25	0	8	0.00131
4	17	0	8	0.00131
32	82	0	8	0.00131
48	68	0	8	0.00131
21	85	0	8	0.00131
9	16	0	8	0.00131
37	68	0	8	0.00130
2	18	0	8	0.00130
5	23	0	8	0.00130
3	18	0	8	0.00130
23	88	0	8	0.00130
26	74	0	8	0.00129
24	82	0	8	0.00129
35	80	0	8	0.00129
10	23	0	8	0.00129
15	55	0	8	0.00129
36	77	0	8	0.00128
5	21	0	8	0.00128
74	88	0	8	0.00128
29	70	0	8	0.00128
41	57	0	8	0.00128
34	44	0	8	0.00128
82	89	0	8	0.00127
15	56	0	8	0.00127
5	24	0	8	0.00126
24	84	0	8	0.00126
18	36	0	8	0.00126
26	77	0	8	0.00126
13	57	0	8	0.00126
28	85	0	8	0.00126
34	48	0	8	0.00125
72	92	0	8	0.00125
1	27	0	8	0.00125
66	77	0	8	0.00125
42	67	0	8	0.00125
64	67	0	8	0.00125
19	57	0	8	0.00124
31	53	0	8	0.00124
15	47	0	8	0.00124
40	75	0	8	0.00124
1	68	0	8	0.00124
15	45	0	8	0.00124
15	54	0	8	0.00123
23	46	0	8	0.00123
37	45	0	8	0.00123
42	71	0	8	0.00123
18	64	0	8	0.00123
20	52	0	8	0.00123
15	40	0	8	0.00123
67	89	0	8	0.00122
59	84	0	8	0.00122
6	22	0	8	0.00122
4	22	0	8	0.00121
21	53	0	8	0.00121
77	92	0	8	0.00121
21	42	0	8	0.00121
26	78	0	8	0.00121
2	19	0	8	0.00121
15	44	0	8	0.00120
20	50	0	8	0.00120
22	66	0	8	0.00120
4	16	0	8	0.00120
18	37	0	8	0.00120
37	47	0	8	0.00119
23	51	0	8	0.00119
28	34	0	8	0.00119
33	48	0	8	0.00119
77	84	0	8	0.00119
5	67	0	8	0.00119
31	51	0	8	0.00118
28	79	0	8	0.00117
38	74	0	8	0.00117
26	43	0	8	0.00116
35	79	0	8	0.00116
39	45	0	8	0.00116
68	90	0	8	0.00116
44	64	0	8	0.00116
67	87	0	8	0.00115
62	66	0	8	0.00115
4	67	0	8	0.00115
33	80	0	8	0.00115
19	60	0	8	0.00114
33	79	0	8	0.00114
42	62	0	8	0.00114
21	54	0	8	0.00114
21	56	0	8	0.00114
6	16	0	8	0.00114
4	24	0	8	0.00113
68	87	0	8	0.00113
69	92	0	8	0.00112
35	47	0	8	0.00112
28	32	0	8	0.00112
43	58	0	8	0.00112
55	77	0	8	0.00112
24	41	0	8	0.00111
30	53	0	8	0.00111
23	44	0	8	0.00111
24	63	0	8	0.00111
15	42	0	8	0.00111
40	61	0	8	0.00110
41	60	0	8	0.00110
54	63	0	8	0.00110
31	45	0	8	0.00110
9	23	0	8	0.00110
25	48	0	8	0.00109
7	23	0	8	0.00108
76	83	0	8	0.00108
7	24	0	8	0.00108
71	92	0	8	0.00107
39	70	0	8	0.00107
61	85	0	8	0.00107
5	22	0	8	0.00107
22	81	0	8	0.00106
28	55	0	8	0.00106
30	79	0	8	0.00106
13	50	0	8	0.00105
70	89	0	8	0.00105
1	66	0	8	0.00105
68	76	0	8	0.00105
15	57	0	8	0.00105
4	68	0	8	0.00105
72	84	0	8	0.00105
5	25	0	8	0.00105
72	91	0	8	0.00105
2	67	0	8	0.00105
20	51	0	8	0.00105
19	40	0	8	0.00104
26	79	0	8	0.00104
62	83	0	8	0.00104
5	17	0	8	0.00103
32	53	0	8	0.00103
25	47	0	8	0.00103
13	46	0	8	0.00103
34	79	0	8	0.00103
75	88	0	8	0.00103
18	38	0	8	0.00102
20	88	0	8	0.00102
46	68	0	8	0.00102
12	46	0	8	0.00102
27	76	0	8	0.00102
24	81	0	8	0.00101
40	46	0	8	0.00101
54	76	0	8	0.00101
56	74	0	8	0.00101
40	69	0	8	0.00101
23	47	0	8	0.00101
33	78	0	8	0.00100
34	46	0	8	0.00100
32	47	0	8	0.00100
28	36	0	8	0.00100
37	74	0	8	0.00100
52	89	0	8	0.00100
22	52	0	8	0.00099
36	46	0	8	0.00099
19	30	0	8	0.00099
22	88	0	8	0.00099
39	48	0	8	0.00099
26	58	0	8	0.00099
20	89	0	8	0.00098
65	82	0	8	0.00098
24	44	0	8	0.00098
28	33	0	8	0.00097
20	58	0	8	0.00097
20	55	0	8	0.00097
11	20	0	8	0.00097
42	58	0	8	0.00097
28	40	0	8	0.00096
56	77	0	8	0.00096
36	48	0	8	0.00096
30	52	0	8	0.00096
18	34	0	8	0.00096
28	69	0	8	0.00096
73	92	0	8	0.00096
28	83	0	8	0.00096
67	86	0	8	0.00096
5	16	0	8	0.00096
69	90	0	8	0.00096
72	90	0	8	0.00096
15	52	0	8	0.00095
24	86	0	8	0.00095
24	64	0	8	0.00095
35	48	0	8	0.00095
2	25	0	8	0.00094
30	50	0	8	0.00094
23	81	0	8	0.00094
19	62	0	8	0.00094
64	81	0	8	0.00094
32	45	0	8	0.00093
56	73	0	8	0.00093
76	92	0	8	0.00093
32	50	0	8	0.00092
32	49	0	8	0.00092
39	47	0	8	0.00092
25	58	0	8	0.00092
34	80	0	8	0.00092
67	73	0	8	0.00092
41	63	0	8	0.00092
25	46	0	8	0.00092
4	25	0	8	0.00091
25	63	0	8	0.00091
10	16	0	8	0.00091
75	91	0	8	0.00091
80	85	0	8	0.00091
33	75	0	8	0.00091
39	76	0	8	0.00091
26	50	0	8	0.00090
4	66	0	8	0.00090
18	35	0	8	0.00090
78	91	0	8	0.00090
36	76	0	8	0.00089
32	52	0	8	0.00089
49	54	0	8	0.00089
27	89	0	8	0.00089
31	78	0	8	0.00088
37	73	0	8	0.00088
34	66	0	8	0.00088
74	86	0	8	0.00088
28	51	0	8	0.00088
19	61	0	8	0.00088
18	42	0	8	0.00088
21	58	0	8	0.00087
37	48	0	8	0.00087
6	17	0	8	0.00087
36	75	0	8	0.00087
33	46	0	8	0.00087
35	78	0	8	0.00087
8	24	0	8	0.00086
59	85	0	8	0.00086
35	46	0	8	0.00086
25	89	0	8	0.00086
15	51	0	8	0.00086
31	48	0	8	0.00086
24	46	0	8	0.00085
10	21	0	8	0.00085
58	83	0	8	0.00085
23	48	0	8	0.00085
23	87	0	8	0.00085
79	88	0	8	0.00085
36	74	0	8	0.00085
2	68	0	8	0.00085
11	19	0	8	0.00085
38	73	0	8	0.00084
24	62	0	8	0.00084
32	51	0	8	0.00084
38	69	0	8	0.00083
73	88	0	8	0.00083
27	35	0	8	0.00083
22	82	0	8	0.00083
26	51	0	8	0.00083
7	21	0	8	0.00082
4	20	0	8	0.00082
20	84	0	8	0.00082
69	88	0	8	0.00082
54	75	0	8	0.00082
31	44	0	8	0.00082
34	78	0	8	0.00082
22	51	0	8	0.00082
50	54	0	8	0.00082
15	46	0	8	0.00081
22	28	0	8	0.00081
69	84	0	8	0.00081
19	59	0	8	0.00081
30	51	0	8	0.00081
47	68	0	8	0.00081
20	82	0	8	0.00081
13	53	0	8	0.00080
48	53	0	8	0.00080
9	21	0	8	0.00080
20	63	0	8	0.00080
32	66	0	8	0.00080
25	29	0	8	0.00080
10	22	0	8	0.00080
30	45	0	8	0.00079
14	46	0	8	0.00079
38	45	0	8	0.00079
73	86	0	8	0.00079
31	77	0	8	0.00079
23	55	0	8	0.00079
41	59	0	8	0.00078
23	27	0	8	0.00078
22	83	0	8	0.00078
15	48	0	8	0.00078
45	54	0	8	0.00077
80	86	0	8	0.00077
49	67	0	8	0.00077
43	60	0	8	0.00077
50	67	0	8	0.00077
20	56	0	8	0.00076
81	89	0	8	0.00076
39	69	0	8	0.00076
2	27	0	8	0.00076
31	47	0	8	0.00076
78	88	0	8	0.00076
23	56	0	8	0.00075
6	20	0	8	0.00075
11	17	0	8	0.00075
57	78	0	8	0.00075
72	88	0	8	0.00075
65	79	0	8	0.00075
18	40	0	8	0.00074
36	67	0	8	0.00074
71	91	0	8	0.00074
22	53	0	8	0.00074
72	83	0	8	0.00074
22	89	0	8	0.00074
78	84	0	8	0.00074
26	81	0	8	0.00074
80	88	0	8	0.00073
34	75	0	8	0.00073
18	33	0	8	0.00073
58	82	0	8	0.00073
20	53	0	8	0.00073
23	54	0	8	0.00072
26	86	0	8	0.00072
37	76	0	8	0.00072
53	58	0	8	0.00072
37	46	0	8	0.00071
75	83	0	8	0.00071
9	22	0	8	0.00071
43	65	0	8	0.00071
24	90	0	8	0.00071
32	75	0	8	0.00071
20	41	0	8	0.00071
41	71	0	8	0.00070
23	89	0	8	0.00070
71	83	0	8	0.00070
30	78	0	8	0.00070
13	51	0	8	0.00070
38	47	0	8	0.00069
79	90	0	8	0.00069
76	91	0	8	0.00069
24	47	0	8	0.00069
24	88	0	8	0.00069
22	87	0	8	0.00069
7	22	0	8	0.00069
28	78	0	8	0.00069
71	90	0	8	0.00068
23	85	0	8	0.00068
33	77	0	8	0.00068
7	16	0	8	0.00068
68	89	0	8	0.00068
20	60	0	8	0.00068
19	38	0	8	0.00068
26	61	0	8	0.00068
20	87	0	8	0.00068
27	34	0	8	0.00068
21	63	0	8	0.00068
19	37	0	8	0.00068
2	66	0	8	0.00068
39	75	0	8	0.00068
46	53	0	8	0.00068
35	75	0	8	0.00067
5	20	0	8	0.00067
63	67	0	8	0.00067
79	85	0	8	0.00067
64	78	0	8	0.00066
67	79	0	8	0.00066
45	64	0	8	0.00065
29	75	0	8	0.00065
8	23	0	8	0.00065
4	19	0	8	0.00065
75	90	0	8	0.00065
27	59	0	8	0.00065
37	75	0	8	0.00065
21	62	0	8	0.00064
26	89	0	8	0.00064
38	70	0	8	0.00064
69	77	0	8	0.00063
15	53	0	8	0.00063
62	82	0	8	0.00063
22	85	0	8	0.00063
27	33	0	8	0.00063
18	39	0	8	0.00063
21	60	0	8	0.00063
29	48	0	8	0.00063
22	42	0	8	0.00063
38	76	0	8	0.00063
79	86	0	8	0.00062
21	64	0	8	0.00062
35	74	0	8	0.00062
20	54	0	8	0.00062
28	53	0	8	0.00062
45	55	0	8	0.00062
29	47	0	8	0.00061
69	75	0	8	0.00061
21	57	0	8	0.00061
60	66	0	8	0.00061
76	88	0	8	0.00061
28	50	0	8	0.00061
37	70	0	8	0.00061
80	90	0	8	0.00061
24	42	0	8	0.00061
25	38	0	8	0.00061
58	81	0	8	0.00060
66	72	0	8	0.00060
41	61	0	8	0.00060
26	87	0	8	0.00060
32	46	0	8	0.00060
12	18	0	8	0.00060
15	50	0	8	0.00060
27	48	0	8	0.00060
67	80	0	8	0.00059
55	76	0	8	0.00059
37	69	0	8	0.00059
67	85	0	8	0.00058
30	47	0	8	0.00058
20	57	0	8	0.00058
33	76	0	8	0.00058
30	80	0	8	0.00058
19	39	0	8	0.00058
32	78	0	8	0.00058
77	88	0	8	0.00058
6	19	0	8	0.00058
38	75	0	8	0.00057
33	74	0	8	0.00057
24	56	0	8	0.00057
18	32	0	8	0.00057
26	40	0	8	0.00057
42	65	0	8	0.00057
65	83	0	8	0.00057
69	86	0	8	0.00057
74	90	0	8	0.00057
28	45	0	8	0.00057
72	86	0	8	0.00056
49	64	0	8	0.00056
32	43	0	8	0.00056
32	48	0	8	0.00056
8	21	0	8	0.00056
52	56	0	8	0.00056
20	59	0	8	0.00056
78	90	0	8	0.00055
23	41	0	8	0.00055
22	55	0	8	0.00055
58	78	0	8	0.00055
5	19	0	8	0.00055
23	83	0	8	0.00055
21	61	0	8	0.00054
21	40	0	8	0.00054
23	58	0	8	0.00054
30	49	0	8	0.00054
4	18	0	8	0.00054
20	61	0	8	0.00054
24	48	0	8	0.00053
38	48	0	8	0.00053
32	44	0	8	0.00053
32	42	0	8	0.00053
31	46	0	8	0.00053
51	64	0	8	0.00053
71	88	0	8	0.00053
32	79	0	8	0.00053
35	77	0	8	0.00053
26	85	0	8	0.00052
26	49	0	8	0.00052
8	16	0	8	0.00052
56	70	0	8	0.00052
69	89	0	8	0.00051
35	76	0	8	0.00051
44	67	0	8	0.00051
28	35	0	8	0.00051
34	74	0	8	0.00051
28	43	0	8	0.00051
75	84	0	8	0.00050
20	29	0	8	0.00050
34	77	0	8	0.00050
36	73	0	8	0.00050
23	53	0	8	0.00050
24	40	0	8	0.00050
74	87	0	8	0.00049
42	60	0	8	0.00049
34	76	0	8	0.00049
28	49	0	8	0.00049
39	46	0	8	0.00049
26	60	0	8	0.00048
22	41	0	8	0.00048
67	83	0	8	0.00048
26	45	0	8	0.00048
44	62	0	8	0.00048
31	67	0	8	0.00048
7	17	0	8	0.00047
32	80	0	8	0.00047
47	53	0	8	0.00047
69	83	0	8	0.00047
27	47	0	8	0.00047
30	44	0	8	0.00047
22	54	0	8	0.00047
60	67	0	8	0.00047
21	59	0	8	0.00047
26	29	0	8	0.00047
72	89	0	8	0.00047
79	87	0	8	0.00047
45	67	0	8	0.00046
71	84	0	8	0.00046
55	61	0	8	0.00046
69	81	0	8	0.00046
80	87	0	8	0.00046
30	43	0	8	0.00046
20	42	0	8	0.00045
30	46	0	8	0.00045
58	79	0	8	0.00045
19	36	0	8	0.00045
55	75	0	8	0.00044
54	59	0	8	0.00044
29	76	0	8	0.00044
43	61	0	8	0.00044
31	75	0	8	0.00044
23	42	0	8	0.00044
56	76	0	8	0.00043
24	87	0	8	0.00043
75	89	0	8	0.00042
28	42	0	8	0.00042
58	68	0	8	0.00042
8	22	0	8	0.00042
69	78	0	8	0.00042
73	90	0	8	0.00042
20	83	0	8	0.00041
5	18	0	8	0.00041
66	78	0	8	0.00041
30	48	0	8	0.00041
76	90	0	8	0.00041
32	74	0	8	0.00041
6	18	0	8	0.00041
74	89	0	8	0.00040
26	75	0	8	0.00040
31	74	0	8	0.00040
31	76	0	8	0.00040
24	28	0	8	0.00040
21	38	0	8	0.00040
75	86	0	8	0.00040
30	75	0	8	0.00040
52	65	0	8	0.00040
56	75	0	8	0.00040
67	74	0	8	0.00040
26	44	0	8	0.00040
69	79	0	8	0.00039
76	84	0	8	0.00039
7	20	0	8	0.00039
44	55	0	8	0.00039
23	64	0	8	0.00039
78	86	0	8	0.00039
20	62	0	8	0.00039
71	89	0	8	0.00039
77	86	0	8	0.00039
32	76	0	8	0.00039
72	87	0	8	0.00039
25	37	0	8	0.00039
75	87	0	8	0.00039
29	46	0	8	0.00038
57	69	0	8	0.00038
24	85	0	8	0.00038
18	31	0	8	0.00038
43	63	0	8	0.00038
57	79	0	8	0.00038
23	63	0	8	0.00037
53	62	0	8	0.00037
69	87	0	8	0.00037
77	90	0	8	0.00037
9	20	0	8	0.00037
76	86	0	8	0.00037
10	20	0	8	0.00037
26	83	0	8	0.00037
78	85	0	8	0.00037
65	68	0	8	0.00037
43	59	0	8	0.00037
38	46	0	8	0.00037
28	44	0	8	0.00037
25	57	0	8	0.00037
24	89	0	8	0.00037
20	85	0	8	0.00036
9	17	0	8	0.00036
22	63	0	8	0.00036
24	83	0	8	0.00036
78	87	0	8	0.00036
67	81	0	8	0.00036
50	64	0	8	0.00036
45	62	0	8	0.00036
23	57	0	8	0.00036
21	37	0	8	0.00036
35	73	0	8	0.00035
23	62	0	8	0.00035
40	72	0	8	0.00035
36	69	0	8	0.00035
62	81	0	8	0.00035
28	74	0	8	0.00035
42	63	0	8	0.00035
37	72	0	8	0.00034
29	69	0	8	0.00034
30	77	0	8	0.00034
30	42	0	8	0.00034
51	56	0	8	0.00034
56	71	0	8	0.00034
74	85	0	8	0.00034
32	77	0	8	0.00034
28	73	0	8	0.00033
30	74	0	8	0.00033
10	17	0	8	0.00033
60	83	0	8	0.00033
36	71	0	8	0.00033
27	46	0	8	0.00033
48	67	0	8	0.00032
7	19	0	8	0.00032
42	57	0	8	0.00032
65	81	0	8	0.00032
21	39	0	8	0.00032
33	67	0	8	0.00032
20	30	0	8	0.00032
9	19	0	8	0.00032
37	71	0	8	0.00032
21	36	0	8	0.00031
8	17	0	8	0.00031
39	72	0	8	0.00031
76	87	0	8	0.00031
65	69	0	8	0.00031
26	42	0	8	0.00031
35	67	0	8	0.00031
10	19	0	8	0.00030
36	70	0	8	0.00030
62	79	0	8	0.00030
22	64	0	8	0.00030
57	83	0	8	0.00030
78	89	0	8	0.00029
28	47	0	8	0.00029
21	29	0	8	0.00029
57	74	0	8	0.00029
34	67	0	8	0.00029
33	73	0	8	0.00029
28	77	0	8	0.00029
63	83	0	8	0.00029
26	39	0	8	0.00029
36	68	0	8	0.00029
79	89	0	8	0.00028
46	66	0	8	0.00028
57	81	0	8	0.00028
22	56	0	8	0.00028
57	72	0	8	0.00028
48	66	0	8	0.00028
24	58	0	8	0.00027
22	59	0	8	0.00027
22	58	0	8	0.00027
8	20	0	8	0.00027
22	61	0	8	0.00027
57	77	0	8	0.00027
36	72	0	8	0.00027
30	76	0	8	0.00027
44	60	0	8	0.00026
24	57	0	8	0.00026
52	62	0	8	0.00026
35	68	0	8	0.00026
22	60	0	8	0.00026
42	61	0	8	0.00026
71	86	0	8	0.00026
73	85	0	8	0.00026
44	58	0	8	0.00026
29	72	0	8	0.00026
73	87	0	8	0.00026
26	76	0	8	0.00025
31	73	0	8	0.00025
54	60	0	8	0.00025
34	73	0	8	0.00025
71	87	0	8	0.00025
66	71	0	8	0.00025
52	58	0	8	0.00025
43	57	0	8	0.00025
26	38	0	8	0.00025
27	31	0	8	0.00025
44	56	0	8	0.00025
38	72	0	8	0.00024
73	89	0	8	0.00024
28	46	0	8	0.00024
45	58	0	8	0.00024
30	70	0	8	0.00024
61	83	0	8	0.00024
64	68	0	8	0.00024
40	71	0	8	0.00024
11	18	0	8	0.00024
76	89	0	8	0.00024
62	78	0	8	0.00023
24	38	0	8	0.00023
28	70	0	8	0.00023
64	73	0	8	0.00023
19	35	0	8	0.00023
58	74	0	8	0.00023
45	60	0	8	0.00023
60	78	0	8	0.00023
27	61	0	8	0.00023
66	75	0	8	0.00023
24	39	0	8	0.00023
25	61	0	8	0.00023
22	57	0	8	0.00023
42	59	0	8	0.00023
8	19	0	8	0.00023
51	65	0	8	0.00023
51	57	0	8	0.00022
38	71	0	8	0.00022
53	63	0	8	0.00022
32	67	0	8	0.00022
28	75	0	8	0.00022
28	48	0	8	0.00022
39	71	0	8	0.00022
51	62	0	8	0.00022
23	59	0	8	0.00021
77	87	0	8	0.00021
33	68	0	8	0.00021
27	32	0	8	0.00021
57	75	0	8	0.00021
61	67	0	8	0.00021
26	37	0	8	0.00021
58	77	0	8	0.00021
20	36	0	8	0.00021
23	60	0	8	0.00021
28	72	0	8	0.00021
63	79	0	8	0.00020
59	78	0	8	0.00020
49	55	0	8	0.00020
44	65	0	8	0.00020
20	37	0	8	0.00020
46	67	0	8	0.00020
19	34	0	8	0.00020
30	69	0	8	0.00020
22	62	0	8	0.00020
25	36	0	8	0.00019
7	18	0	8	0.00019
26	36	0	8	0.00019
50	55	0	8	0.00019
33	70	0	8	0.00019
30	68	0	8	0.00019
20	64	0	8	0.00019
27	60	0	8	0.00019
24	61	0	8	0.00019
69	85	0	8	0.00019
30	71	0	8	0.00018
32	73	0	8	0.00018
22	40	0	8	0.00018
28	76	0	8	0.00018
60	79	0	8	0.00018
65	80	0	8	0.00018
80	89	0	8	0.00018
20	38	0	8	0.00018
45	56	0	8	0.00018
59	83	0	8	0.00018
47	66	0	8	0.00018
77	89	0	8	0.00017
20	40	0	8	0.00017
23	40	0	8	0.00017
45	61	0	8	0.00017
35	70	0	8	0.00017
61	66	0	8	0.00017
77	85	0	8	0.00017
31	70	0	8	0.00017
58	75	0	8	0.00017
54	61	0	8	0.00017
64	77	0	8	0.00017
26	46	0	8	0.00017
45	65	0	8	0.00017
30	73	0	8	0.00017
65	72	0	8	0.00017
44	61	0	8	0.00017
58	80	0	8	0.00017
51	58	0	8	0.00016
63	82	0	8	0.00016
57	76	0	8	0.00016
67	78	0	8	0.00016
72	85	0	8	0.00016
24	59	0	8	0.00016
57	82	0	8	0.00016
23	61	0	8	0.00016
28	71	0	8	0.00016
69	76	0	8	0.00016
35	72	0	8	0.00015
61	78	0	8	0.00015
35	71	0	8	0.00015
23	28	0	8	0.00015
34	70	0	8	0.00015
35	69	0	8	0.00015
20	39	0	8	0.00014
22	38	0	8	0.00014
9	18	0	8	0.00014
24	37	0	8	0.00014
50	65	0	8	0.00014
23	38	0	8	0.00014
26	47	0	8	0.00014
31	68	0	8	0.00014
44	59	0	8	0.00014
21	35	0	8	0.00014
21	30	0	8	0.00014
8	18	0	8	0.00014
71	85	0	8	0.00013
29	71	0	8	0.00013
26	48	0	8	0.00013
44	63	0	8	0.00013
34	69	0	8	0.00013
76	85	0	8	0.00013
58	76	0	8	0.00013
49	62	0	8	0.00013
59	79	0	8	0.00013
19	33	0	8	0.00013
60	81	0	8	0.00013
45	59	0	8	0.00013
63	78	0	8	0.00013
46	64	0	8	0.00013
22	37	0	8	0.00013
23	37	0	8	0.00013
59	81	0	8	0.00013
23	39	0	8	0.00013
24	60	0	8	0.00012
57	73	0	8	0.00012
62	67	0	8	0.00012
22	36	0	8	0.00012
58	73	0	8	0.00012
22	39	0	8	0.00012
21	34	0	8	0.00012
75	85	0	8	0.00012
10	18	0	8	0.00012
34	68	0	8	0.00011
53	59	0	8	0.00011
53	60	0	8	0.00011
32	70	0	8	0.00011
24	36	0	8	0.00011
60	82	0	8	0.00011
59	75	0	8	0.00011
46	62	0	8	0.00011
46	55	0	8	0.00011
64	74	0	8	0.00010
25	59	0	8	0.00010
34	72	0	8	0.00010
33	72	0	8	0.00010
34	71	0	8	0.00010
33	69	0	8	0.00010
25	60	0	8	0.00010
62	80	0	8	0.00010
60	75	0	8	0.00010
61	75	0	8	0.00010
END