29 64 0.998
27 66 0.998
26 67 0.998
28 65 0.997
25 68 0.995
30 63 0.990
24 67 0.990
26 65 0.985
26 66 0.985
24 68 0.982
25 70 0.979
29 63 0.979
24 69 0.979
24 70 0.974
27 65 0.973
42 83 0.970
28 63 0.969
41 66 0.965
43 82 0.964
31 62 0.963
30 62 0.960
25 67 0.957
42 82 0.956
23 70 0.955
41 84 0.951
28 64 0.948
39 85 0.947
40 85 0.943
44 81 0.933
28 94 0.929
39 86 0.925
43 81 0.916
42 52 0.908
30 94 0.903
14 82 0.901
41 83 0.897
44 80 0.889
29 91 0.887
28 95 0.881
32 62 0.874
33 62 0.871
40 84 0.870
29 93 0.867
27 82 0.867
43 80 0.866
54 66 0.864
23 69 0.863
41 54 0.858
29 94 0.857
27 96 0.850
11 83 0.848
41 52 0.847
29 92 0.845
41 82 0.841
29 66 0.833
31 91 0.826
11 81 0.826
40 54 0.825
30 92 0.822
45 80 0.813
54 64 0.810
14 80 0.801
31 63 0.800
26 97 0.800
12 82 0.795
31 92 0.793
43 49 0.791
13 81 0.787
39 84 0.785
42 49 0.782
14 81 0.777
26 96 0.777
58 64 0.773
11 82 0.772
42 51 0.766
12 81 0.763
27 93 0.762
28 93 0.761
39 87 0.761
10 84 0.760
52 66 0.759
56 64 0.754
27 41 0.753
25 97 0.748
10 83 0.747
40 53 0.743
14 27 0.742
30 91 0.741
23 71 0.734
43 83 0.732
42 85 0.732
25 96 0.726
27 68 0.724
25 98 0.722
29 65 0.720
43 50 0.719
52 68 0.719
44 83 0.716
45 77 0.709
40 52 0.706
28 96 0.704
35 58 0.699
9 83 0.694
33 60 0.691
43 52 0.691
39 54 0.689
13 80 0.689
25 73 0.686
16 25 0.685
27 95 0.684
12 84 0.682
38 87 0.679
9 85 0.678
37 87 0.674
9 84 0.673
29 84 0.673
26 68 0.668
42 50 0.662
16 27 0.652
42 84 0.652
33 61 0.645
31 90 0.625
41 85 0.624
18 26 0.623
29 41 0.618
56 65 0.616
17 28 0.614
38 86 0.612
45 74 0.606
57 64 0.604
14 29 0.598
38 56 0.597
44 50 0.593
16 77 0.590
37 86 0.583
40 51 0.576
32 90 0.575
17 26 0.573
16 78 0.566
11 84 0.565
12 29 0.562
12 83 0.558
20 26 0.555
24 98 0.545
27 67 0.544
18 25 0.543
14 79 0.540
39 64 0.538
54 65 0.533
24 99 0.532
38 55 0.529
13 79 0.529
16 80 0.527
19 26 0.525
9 86 0.522
31 58 0.518
16 26 0.518
28 66 0.514
44 82 0.513
26 98 0.510
12 93 0.510
31 64 0.508
33 58 0.507
19 25 0.506
39 56 0.502
15 79 0.497
41 51 0.496
43 73 0.489
35 62 0.487
25 99 0.483
45 79 0.481
15 28 0.481
37 57 0.479
37 58 0.473
53 66 0.468
36 57 0.462
38 54 0.458
15 27 0.456
16 28 0.453
14 28 0.452
26 99 0.450
39 53 0.449
17 27 0.448
25 69 0.448
16 79 0.448
45 81 0.447
8 85 0.447
30 64 0.444
36 58 0.443
43 68 0.443
50 72 0.440
8 86 0.439
34 58 0.437
33 59 0.437
10 86 0.435
13 82 0.434
14 96 0.432
41 68 0.429
55 65 0.427
37 88 0.427
34 60 0.424
32 91 0.424
23 99 0.421
40 86 0.419
39 91 0.410
27 97 0.410
43 51 0.408
22 70 0.404
32 58 0.402
35 57 0.401
15 78 0.396
38 57 0.390
12 31 0.389
55 64 0.388
41 53 0.387
54 67 0.385
53 67 0.384
46 80 0.384
39 55 0.380
36 87 0.374
43 77 0.371
41 64 0.369
35 87 0.365
31 61 0.365
10 85 0.364
84 91 0.358
55 66 0.357
37 56 0.354
15 29 0.354
63 94 0.352
28 97 0.349
17 25 0.346
52 67 0.342
23 98 0.341
10 91 0.341
30 93 0.339
35 86 0.337
46 79 0.330
46 77 0.323
20 70 0.320
15 80 0.320
34 62 0.319
26 95 0.318
64 84 0.317
39 58 0.316
73 80 0.315
52 82 0.314
35 88 0.312
55 67 0.311
12 30 0.306
38 53 0.302
32 61 0.301
46 74 0.300
34 59 0.299
53 68 0.296
35 90 0.296
32 89 0.293
12 96 0.291
66 82 0.286
45 78 0.286
16 98 0.283
36 88 0.282
50 73 0.275
40 83 0.271
35 64 0.268
51 72 0.265
39 57 0.265
49 83 0.264
14 30 0.263
8 87 0.262
10 93 0.261
29 39 0.257
37 89 0.256
36 56 0.256
16 73 0.252
15 30 0.250
84 93 0.248
45 73 0.245
15 96 0.245
51 68 0.244
7 86 0.239
10 32 0.238
35 59 0.237
43 74 0.237
38 58 0.236
40 55 0.234
32 88 0.233
31 39 0.232
8 88 0.232
12 32 0.231
17 98 0.229
27 94 0.229
35 91 0.228
25 77 0.223
70 98 0.222
42 53 0.221
35 89 0.221
18 28 0.220
50 74 0.218
38 88 0.218
27 64 0.214
51 69 0.214
42 54 0.214
64 91 0.212
59 65 0.211
57 65 0.211
7 87 0.210
35 60 0.210
56 63 0.209
14 93 0.209
40 56 0.207
50 68 0.206
23 100 0.204
45 76 0.204
18 24 0.204
40 87 0.202
66 84 0.201
37 55 0.200
56 66 0.199
30 61 0.198
14 66 0.198
22 99 0.196
46 78 0.194
14 97 0.193
39 88 0.193
34 57 0.193
37 90 0.192
10 31 0.192
18 98 0.192
7 85 0.192
7 88 0.191
10 92 0.189
57 63 0.188
37 91 0.187
16 97 0.187
20 98 0.187
29 58 0.187
16 96 0.186
16 70 0.186
36 89 0.185
18 27 0.185
31 37 0.183
38 85 0.183
31 89 0.181
68 82 0.180
44 79 0.180
37 64 0.180
58 65 0.179
34 88 0.179
36 86 0.178
19 98 0.176
48 74 0.176
21 99 0.173
13 96 0.172
15 98 0.171
32 86 0.170
42 81 0.169
17 97 0.168
25 82 0.167
24 71 0.166
14 98 0.166
20 99 0.166
15 97 0.164
12 94 0.163
14 25 0.163
21 70 0.163
19 70 0.162
27 54 0.162
12 91 0.161
24 100 0.161
10 35 0.157
9 87 0.156
50 69 0.155
16 76 0.155
8 89 0.152
21 98 0.152
13 29 0.151
34 87 0.151
32 39 0.150
31 86 0.150
27 84 0.149
44 77 0.149
31 88 0.149
17 78 0.148
22 100 0.148
46 76 0.148
25 80 0.148
16 99 0.148
21 67 0.147
11 93 0.147
34 89 0.146
12 95 0.146
32 92 0.144
47 81 0.144
14 95 0.144
41 56 0.142
16 82 0.142
82 96 0.142
17 65 0.141
17 99 0.141
14 31 0.140
13 30 0.140
18 99 0.139
16 29 0.139
34 90 0.139
85 91 0.138
6 88 0.137
32 87 0.137
74 80 0.137
35 56 0.136
47 79 0.136
52 72 0.135
32 60 0.132
14 77 0.131
19 99 0.130
33 86 0.130
52 69 0.130
29 54 0.130
25 66 0.128
34 61 0.127
44 51 0.126
47 80 0.126
12 92 0.126
13 31 0.126
53 69 0.124
42 66 0.122
12 27 0.122
6 87 0.121
9 88 0.119
21 100 0.118
9 91 0.118
17 96 0.117
22 98 0.116
37 54 0.116
46 81 0.115
14 41 0.115
49 81 0.114
22 71 0.113
33 88 0.112
36 90 0.112
54 68 0.112
12 35 0.111
44 52 0.109
36 59 0.108
33 39 0.107
32 64 0.107
34 86 0.107
7 89 0.105
56 67 0.105
23 101 0.105
70 99 0.104
15 95 0.103
10 88 0.103
29 82 0.102
18 97 0.100
8 84 0.100
25 43 0.100
41 55 0.100
39 66 0.100
10 89 0.099
14 84 0.099
8 91 0.097
67 99 0.097
29 62 0.097
31 38 0.097
17 29 0.097
12 64 0.096
10 87 0.096
22 101 0.095
29 95 0.095
32 38 0.095
11 91 0.094
35 61 0.094
17 30 0.093
37 85 0.093
64 86 0.092
77 98 0.092
6 86 0.092
30 58 0.092
13 93 0.091
33 57 0.091
56 62 0.091
54 84 0.090
86 93 0.089
20 100 0.088
18 70 0.088
27 52 0.088
45 51 0.087
45 52 0.086
14 78 0.086
40 66 0.085
43 72 0.084
38 64 0.083
9 89 0.083
5 88 0.083
8 83 0.083
33 90 0.082
33 87 0.082
70 77 0.082
14 64 0.081
29 86 0.081
6 89 0.079
49 74 0.078
33 89 0.077
49 80 0.077
10 82 0.077
10 29 0.077
52 73 0.076
36 60 0.076
47 78 0.076
24 101 0.075
19 97 0.075
10 94 0.075
23 75 0.075
15 31 0.075
43 53 0.075
82 93 0.074
41 86 0.073
9 35 0.073
23 73 0.073
21 101 0.073
24 97 0.072
31 59 0.072
16 68 0.071
6 85 0.071
18 100 0.071
13 32 0.070
31 87 0.070
38 89 0.070
15 99 0.070
18 78 0.070
36 55 0.070
19 100 0.069
13 95 0.069
78 98 0.069
17 63 0.068
47 74 0.068
19 28 0.068
36 64 0.067
32 59 0.067
8 90 0.067
32 63 0.067
38 91 0.067
86 92 0.067
40 64 0.066
10 90 0.065
33 63 0.065
20 97 0.064
11 85 0.064
5 87 0.064
29 56 0.063
9 92 0.063
48 77 0.063
42 68 0.062
17 100 0.062
53 65 0.062
52 83 0.062
43 54 0.062
47 77 0.062
16 30 0.062
24 73 0.062
79 98 0.062
11 86 0.060
14 32 0.060
8 32 0.060
11 92 0.060
80 98 0.059
12 28 0.059
19 27 0.059
25 52 0.059
12 86 0.058
23 72 0.058
12 97 0.058
37 62 0.058
9 93 0.058
20 67 0.058
54 85 0.057
41 91 0.056
29 37 0.056
11 94 0.056
81 96 0.056
11 44 0.056
14 94 0.056
20 75 0.055
36 62 0.055
37 59 0.055
14 99 0.055
8 35 0.055
70 100 0.055
18 77 0.055
19 78 0.054
43 79 0.053
10 34 0.053
73 98 0.053
13 97 0.053
44 78 0.053
17 95 0.052
10 37 0.052
27 43 0.052
20 101 0.052
39 83 0.052
9 32 0.052
15 77 0.052
37 84 0.051
45 75 0.051
5 86 0.051
31 84 0.051
51 73 0.051
39 52 0.050
10 30 0.050
19 76 0.050
18 96 0.049
49 85 0.049
53 72 0.049
35 63 0.049
40 49 0.049
78 99 0.049
18 76 0.049
11 96 0.049
16 75 0.048
5 89 0.048
49 77 0.048
33 64 0.048
5 85 0.048
10 33 0.048
49 73 0.048
16 95 0.047
87 93 0.047
52 85 0.047
29 35 0.047
39 90 0.046
31 60 0.046
20 76 0.046
17 77 0.046
16 100 0.046
39 89 0.045
80 96 0.045
51 74 0.045
8 92 0.045
15 26 0.045
19 77 0.045
11 31 0.044
10 36 0.044
58 86 0.044
4 88 0.044
40 91 0.044
11 32 0.044
35 85 0.044
14 26 0.043
50 77 0.043
12 33 0.042
13 78 0.042
14 83 0.042
9 90 0.042
84 96 0.041
77 99 0.041
12 37 0.041
20 77 0.041
73 82 0.041
21 97 0.041
19 75 0.041
8 34 0.041
9 37 0.040
70 101 0.040
54 82 0.040
12 39 0.040
73 79 0.040
45 72 0.040
51 67 0.039
36 91 0.039
22 69 0.039
42 80 0.039
25 100 0.039
76 98 0.038
83 93 0.038
31 94 0.038
19 67 0.038
7 90 0.038
9 39 0.038
18 65 0.038
18 101 0.038
19 101 0.038
44 74 0.038
80 97 0.038
79 99 0.038
38 90 0.038
82 98 0.038
13 98 0.038
46 73 0.038
7 91 0.038
37 60 0.038
19 96 0.037
38 84 0.037
13 94 0.037
70 80 0.037
10 96 0.036
9 31 0.036
50 70 0.036
80 99 0.035
22 75 0.035
31 57 0.035
17 24 0.035
17 79 0.035
9 36 0.035
78 100 0.035
50 80 0.035
21 75 0.035
46 75 0.035
10 39 0.034
85 93 0.034
8 37 0.034
35 84 0.034
12 34 0.034
33 91 0.033
7 83 0.033
20 73 0.033
30 95 0.033
27 42 0.033
57 66 0.033
82 97 0.033
9 94 0.032
49 72 0.032
12 98 0.032
29 40 0.032
22 102 0.032
24 72 0.032
40 88 0.032
48 73 0.032
11 95 0.032
79 97 0.032
8 36 0.031
55 68 0.031
12 36 0.031
7 84 0.031
84 92 0.031
24 55 0.031
15 25 0.031
18 75 0.031
55 63 0.031
18 73 0.030
11 35 0.030
21 71 0.030
50 71 0.030
32 57 0.030
30 90 0.030
14 91 0.030
8 93 0.030
17 101 0.030
47 76 0.030
27 98 0.030
23 102 0.029
11 29 0.029
6 90 0.029
36 85 0.029
52 84 0.029
4 89 0.029
48 72 0.029
15 93 0.029
17 76 0.029
9 34 0.029
4 87 0.029
9 81 0.028
12 80 0.028
81 97 0.028
10 81 0.028
45 82 0.028
81 98 0.028
20 71 0.028
11 80 0.028
10 95 0.028
15 82 0.028
75 98 0.028
21 102 0.028
73 99 0.028
43 66 0.028
14 43 0.027
17 23 0.027
29 38 0.027
25 72 0.027
16 81 0.027
18 67 0.027
76 100 0.027
13 28 0.027
48 80 0.027
83 96 0.027
25 49 0.026
14 68 0.026
16 24 0.026
14 73 0.026
43 78 0.026
12 85 0.026
43 70 0.026
7 35 0.026
41 49 0.026
23 76 0.026
76 99 0.026
75 100 0.026
19 73 0.026
79 96 0.026
62 86 0.026
34 91 0.026
82 95 0.025
4 86 0.025
12 62 0.025
35 54 0.025
51 85 0.025
16 74 0.025
15 63 0.025
20 78 0.025
49 68 0.025
41 67 0.025
33 84 0.024
65 94 0.024
6 91 0.024
7 34 0.024
21 69 0.024
7 37 0.024
31 56 0.024
77 96 0.024
44 85 0.024
8 33 0.024
49 82 0.024
77 100 0.024
39 62 0.024
15 94 0.023
16 23 0.023
61 94 0.023
29 88 0.023
15 100 0.023
32 84 0.023
23 97 0.023
3 88 0.023
75 99 0.023
7 92 0.022
30 37 0.022
27 91 0.022
9 82 0.022
25 76 0.022
78 97 0.022
48 76 0.022
25 75 0.022
41 50 0.022
16 93 0.022
5 90 0.022
55 69 0.022
8 31 0.022
29 96 0.021
68 77 0.021
14 35 0.021
9 38 0.021
58 87 0.021
42 86 0.021
6 83 0.021
7 36 0.021
65 95 0.021
71 101 0.021
24 53 0.021
52 74 0.021
24 102 0.021
81 99 0.021
34 56 0.021
11 30 0.021
4 85 0.021
17 70 0.020
5 11 0.020
14 92 0.020
12 41 0.020
79 100 0.020
21 76 0.020
15 32 0.020
40 82 0.020
16 101 0.020
68 80 0.020
44 73 0.020
52 80 0.020
11 97 0.020
26 100 0.020
20 102 0.020
20 96 0.020
7 32 0.020
54 86 0.020
54 69 0.020
6 84 0.020
65 97 0.020
13 84 0.019
5 91 0.019
73 96 0.019
20 69 0.019
25 78 0.019
13 99 0.019
41 65 0.019
45 83 0.019
63 95 0.019
15 81 0.019
42 55 0.019
81 93 0.019
9 33 0.019
82 99 0.019
77 97 0.019
22 97 0.018
6 34 0.018
20 27 0.018
70 97 0.018
51 66 0.018
35 92 0.018
40 57 0.018
69 99 0.018
13 27 0.018
23 77 0.018
62 90 0.018
6 35 0.018
17 80 0.018
81 95 0.017
62 94 0.017
9 42 0.017
43 85 0.017
78 96 0.017
6 92 0.017
78 101 0.017
75 101 0.017
84 90 0.017
36 61 0.017
8 94 0.017
16 41 0.017
13 83 0.017
11 39 0.017
3 89 0.017
84 94 0.017
70 78 0.017
36 54 0.017
44 53 0.017
3 87 0.017
16 43 0.017
58 84 0.017
4 10 0.017
11 87 0.017
19 65 0.017
62 91 0.017
5 83 0.016
12 99 0.016
73 100 0.016
22 67 0.016
11 37 0.016
11 88 0.016
74 98 0.016
69 101 0.016
52 64 0.016
11 98 0.016
65 99 0.016
14 39 0.016
83 91 0.016
10 38 0.016
71 100 0.016
9 96 0.016
12 63 0.015
36 84 0.015
13 92 0.015
76 101 0.015
6 37 0.015
58 91 0.015
22 103 0.015
22 76 0.015
27 99 0.015
23 50 0.015
6 36 0.015
52 81 0.015
14 100 0.015
14 37 0.015
43 84 0.015
68 98 0.015
23 67 0.015
19 102 0.014
48 78 0.014
27 80 0.014
5 84 0.014
70 96 0.014
5 35 0.014
24 52 0.014
4 90 0.014
57 67 0.014
5 34 0.014
68 74 0.014
37 53 0.014
35 55 0.014
9 40 0.014
16 66 0.014
33 40 0.014
3 85 0.014
18 102 0.014
28 98 0.014
3 86 0.014
41 87 0.014
9 95 0.014
18 95 0.014
7 93 0.014
6 32 0.014
40 50 0.014
21 103 0.014
7 33 0.013
33 56 0.013
12 90 0.013
14 63 0.013
38 59 0.013
11 89 0.013
82 94 0.013
10 97 0.013
3 9 0.013
31 93 0.013
67 97 0.013
25 101 0.013
23 103 0.013
77 101 0.013
41 93 0.013
20 68 0.013
55 72 0.013
18 79 0.013
12 87 0.013
84 95 0.013
11 90 0.013
68 99 0.013
73 101 0.013
71 99 0.013
62 88 0.013
58 88 0.013
16 22 0.013
15 101 0.013
48 79 0.013
18 29 0.012
12 38 0.012
8 38 0.012
29 90 0.012
12 88 0.012
40 81 0.012
48 81 0.012
14 65 0.012
20 28 0.012
5 92 0.012
39 51 0.012
42 48 0.012
28 99 0.012
64 82 0.012
5 36 0.012
13 91 0.012
56 84 0.012
18 80 0.012
5 37 0.012
13 35 0.012
6 33 0.012
70 102 0.012
51 71 0.012
5 32 0.012
4 91 0.012
16 84 0.012
8 39 0.012
48 75 0.012
11 33 0.012
17 102 0.011
4 11 0.011
68 96 0.011
80 100 0.011
26 56 0.011
51 80 0.011
37 61 0.011
51 83 0.011
28 58 0.011
30 59 0.011
25 45 0.011
17 75 0.011
14 86 0.011
34 64 0.011
20 103 0.011
73 81 0.011
47 83 0.011
26 55 0.011
58 66 0.011
57 87 0.011
33 92 0.011
82 91 0.011
80 95 0.011
5 33 0.011
21 77 0.011
7 38 0.011
16 94 0.011
28 92 0.011
11 36 0.011
19 80 0.011
52 70 0.010
19 71 0.010
64 87 0.010
70 82 0.010
46 52 0.010
9 30 0.010
74 99 0.010
40 58 0.010
73 97 0.010
27 56 0.010
51 70 0.010
2 88 0.010
12 89 0.010
39 59 0.010
79 101 0.010
62 87 0.010
63 92 0.010
10 98 0.010
25 95 0.010
54 83 0.010
53 64 0.010
64 85 0.010
3 90 0.010
83 97 0.010
74 100 0.010
9 29 0.010
62 92 0.010
24 103 0.010
54 63 0.010
19 69 0.010
11 99 0.010
29 57 0.010
30 39 0.010
13 33 0.010
17 67 0.010
25 54 0.010
6 93 0.009
21 73 0.009
8 81 0.009
33 85 0.009
41 58 0.009
43 76 0.009
29 87 0.009
11 34 0.009
32 56 0.009
52 77 0.009
26 54 0.009
49 79 0.009
50 75 0.009
54 87 0.009
46 72 0.009
24 96 0.009
22 73 0.009
85 92 0.009
6 38 0.009
54 72 0.009
26 101 0.009
47 73 0.009
17 73 0.009
74 81 0.009
38 66 0.009
67 98 0.009
47 75 0.009
67 101 0.009
12 61 0.009
74 101 0.009
38 52 0.009
24 50 0.009
25 41 0.009
9 44 0.009
65 96 0.009
21 96 0.009
8 96 0.009
28 56 0.009
16 102 0.009
14 101 0.009
3 10 0.009
18 63 0.009
64 94 0.009
19 79 0.008
4 34 0.008
24 51 0.008
84 97 0.008
45 70 0.008
7 39 0.008
18 68 0.008
37 66 0.008
37 92 0.008
22 77 0.008
55 62 0.008
7 31 0.008
66 96 0.008
25 74 0.008
86 94 0.008
79 95 0.008
56 68 0.008
17 93 0.008
38 51 0.008
20 80 0.008
11 27 0.008
38 83 0.008
19 103 0.008
71 102 0.008
11 79 0.008
21 78 0.008
18 103 0.008
9 98 0.008
30 60 0.008
20 74 0.008
11 42 0.008
29 36 0.008
3 91 0.008
3 11 0.008
13 100 0.008
9 97 0.008
17 94 0.008
24 54 0.008
83 95 0.008
70 103 0.008
21 65 0.008
7 94 0.008
44 84 0.008
41 88 0.008
5 93 0.008
31 41 0.008
8 82 0.008
14 54 0.008
52 65 0.008
74 82 0.008
6 12 0.008
2 89 0.007
44 76 0.007
4 36 0.007
31 54 0.007
64 88 0.007
4 33 0.007
4 92 0.007
31 40 0.007
51 77 0.007
12 66 0.007
4 35 0.007
2 87 0.007
32 40 0.007
41 81 0.007
8 95 0.007
75 102 0.007
66 91 0.007
19 68 0.007
10 62 0.007
60 88 0.007
71 98 0.007
37 63 0.007
78 102 0.007
57 86 0.007
35 41 0.007
63 91 0.007
42 87 0.007
4 32 0.007
24 75 0.007
63 97 0.007
4 84 0.007
2 8 0.007
23 74 0.007
72 80 0.007
4 83 0.007
34 40 0.007
2 86 0.007
43 98 0.007
83 98 0.007
38 62 0.007
5 38 0.007
22 72 0.007
76 97 0.007
10 64 0.007
23 68 0.007
25 71 0.007
2 85 0.007
42 73 0.007
76 102 0.007
22 104 0.007
45 68 0.007
50 76 0.007
16 45 0.007
14 52 0.007
10 99 0.007
34 85 0.007
41 57 0.007
18 30 0.007
14 36 0.007
69 100 0.007
53 85 0.007
21 68 0.006
11 41 0.006
25 79 0.006
34 63 0.006
69 102 0.006
4 37 0.006
25 102 0.006
53 73 0.006
41 96 0.006
25 50 0.006
80 101 0.006
51 82 0.006
83 94 0.006
15 76 0.006
11 38 0.006
17 103 0.006
3 34 0.006
84 98 0.006
85 96 0.006
40 89 0.006
72 101 0.006
30 38 0.006
50 66 0.006
50 81 0.006
6 39 0.006
21 104 0.006
45 53 0.006
62 89 0.006
19 95 0.006
14 33 0.006
5 12 0.006
69 98 0.006
66 93 0.006
30 89 0.006
14 20 0.006
72 99 0.006
28 59 0.006
16 52 0.006
53 82 0.006
23 104 0.006
15 102 0.006
30 88 0.006
68 97 0.006
33 41 0.006
41 73 0.006
24 77 0.006
3 83 0.006
86 96 0.006
9 49 0.006
21 55 0.006
27 77 0.006
18 82 0.006
14 38 0.006
3 92 0.006
81 100 0.006
54 62 0.006
11 28 0.006
30 84 0.006
61 90 0.006
32 41 0.006
20 65 0.006
7 81 0.006
23 78 0.006
67 100 0.006
3 33 0.006
44 54 0.006
51 81 0.006
30 36 0.006
26 94 0.006
32 94 0.006
29 85 0.006
32 85 0.006
3 35 0.006
3 36 0.006
3 84 0.006
30 96 0.006
6 31 0.006
12 79 0.006
19 74 0.005
83 99 0.005
18 74 0.005
8 97 0.005
42 91 0.005
20 79 0.005
10 27 0.005
73 102 0.005
5 39 0.005
24 66 0.005
16 65 0.005
71 103 0.005
6 94 0.005
13 101 0.005
29 89 0.005
49 78 0.005
82 100 0.005
14 85 0.005
17 82 0.005
14 44 0.005
15 21 0.005
70 104 0.005
81 94 0.005
30 86 0.005
24 104 0.005
58 90 0.005
29 97 0.005
7 96 0.005
20 72 0.005
13 77 0.005
80 93 0.005
38 60 0.005
4 93 0.005
16 103 0.005
23 48 0.005
20 104 0.005
72 100 0.005
47 72 0.005
67 96 0.005
78 103 0.005
43 69 0.005
12 100 0.005
1 88 0.005
58 89 0.005
29 59 0.005
42 79 0.005
18 71 0.005
43 55 0.005
31 85 0.005
54 91 0.005
4 12 0.005
3 37 0.005
77 102 0.005
69 103 0.005
39 63 0.005
2 90 0.005
56 86 0.005
57 88 0.005
18 66 0.005
26 102 0.005
70 76 0.005
50 78 0.005
46 82 0.005
50 82 0.005
60 90 0.005
42 56 0.005
9 41 0.005
42 88 0.005
8 30 0.005
29 52 0.005
43 75 0.005
50 83 0.005
60 87 0.005
76 96 0.005
3 32 0.005
50 79 0.005
17 61 0.005
75 97 0.005
75 103 0.005
15 65 0.005
12 25 0.005
23 96 0.005
12 40 0.005
39 65 0.005
49 69 0.005
15 84 0.004
36 63 0.004
42 77 0.004
14 42 0.004
14 70 0.004
5 94 0.004
9 99 0.004
65 98 0.004
29 55 0.004
23 49 0.004
76 103 0.004
34 92 0.004
8 98 0.004
5 31 0.004
74 102 0.004
84 99 0.004
23 51 0.004
39 92 0.004
34 84 0.004
21 28 0.004
1 86 0.004
27 83 0.004
72 98 0.004
39 82 0.004
22 78 0.004
1 87 0.004
16 31 0.004
2 9 0.004
70 79 0.004
11 40 0.004
8 29 0.004
60 86 0.004
73 103 0.004
85 94 0.004
7 95 0.004
21 72 0.004
14 102 0.004
14 24 0.004
1 85 0.004
16 67 0.004
1 7 0.004
17 31 0.004
49 76 0.004
63 96 0.004
69 104 0.004
17 59 0.004
27 39 0.004
13 86 0.004
54 88 0.004
10 61 0.004
18 104 0.004
17 66 0.004
12 58 0.004
67 102 0.004
10 40 0.004
13 34 0.004
6 40 0.004
23 52 0.004
6 81 0.004
3 93 0.004
74 96 0.004
7 82 0.004
6 96 0.004
21 74 0.004
7 44 0.004
19 104 0.004
7 40 0.004
1 89 0.004
79 102 0.004
6 44 0.004
66 83 0.004
60 89 0.004
2 10 0.004
3 12 0.004
22 74 0.004
2 91 0.004
2 34 0.004
30 56 0.004
52 86 0.004
55 82 0.004
36 53 0.004
28 41 0.004
8 40 0.004
5 44 0.004
77 103 0.004
87 94 0.004
83 92 0.004
15 103 0.004
37 83 0.004
68 84 0.004
18 69 0.004
71 104 0.004
66 97 0.004
15 91 0.004
28 100 0.004
55 61 0.004
5 81 0.003
8 44 0.003
14 76 0.003
43 99 0.003
57 84 0.003
43 96 0.003
30 57 0.003
98 104 0.003
5 40 0.003
66 99 0.003
4 38 0.003
41 80 0.003
15 61 0.003
20 95 0.003
11 100 0.003
13 37 0.003
2 33 0.003
61 88 0.003
26 52 0.003
81 101 0.003
24 76 0.003
50 67 0.003
72 102 0.003
66 86 0.003
28 61 0.003
49 75 0.003
88 94 0.003
49 70 0.003
22 96 0.003
46 83 0.003
74 103 0.003
10 41 0.003
28 54 0.003
47 82 0.003
78 95 0.003
4 94 0.003
67 103 0.003
12 101 0.003
2 11 0.003
25 103 0.003
45 98 0.003
26 82 0.003
39 60 0.003
21 27 0.003
52 71 0.003
67 95 0.003
97 103 0.003
76 82 0.003
39 93 0.003
75 96 0.003
16 83 0.003
22 50 0.003
17 104 0.003
99 105 0.003
1 8 0.003
30 65 0.003
7 97 0.003
83 89 0.003
59 87 0.003
16 91 0.003
40 90 0.003
15 24 0.003
58 85 0.003
2 36 0.003
8 14 0.003
55 84 0.003
2 35 0.003
2 84 0.003
13 85 0.003
82 92 0.003
71 77 0.003
49 66 0.003
13 61 0.003
17 64 0.003
22 105 0.003
23 80 0.003
68 101 0.003
61 92 0.003
100 106 0.003
27 81 0.003
2 92 0.003
42 74 0.003
2 32 0.003
4 13 0.003
78 104 0.003
79 103 0.003
21 105 0.003
14 40 0.003
19 72 0.003
45 71 0.003
3 38 0.003
8 99 0.003
27 55 0.003
2 83 0.003
5 13 0.003
6 42 0.003
5 96 0.003
13 26 0.003
13 102 0.003
7 49 0.003
41 70 0.003
15 92 0.003
6 13 0.003
1 90 0.003
1 9 0.003
36 92 0.003
75 104 0.003
5 42 0.003
70 105 0.003
13 63 0.003
23 53 0.003
34 55 0.003
53 83 0.003
6 49 0.003
6 95 0.003
8 42 0.003
13 25 0.003
53 84 0.003
79 93 0.003
74 97 0.003
17 68 0.003
14 90 0.003
45 99 0.003
67 104 0.003
82 101 0.003
21 53 0.003
6 82 0.003
3 13 0.003
24 56 0.003
66 85 0.003
4 31 0.003
56 85 0.003
25 51 0.003
72 103 0.003
30 97 0.003
63 86 0.003
14 21 0.003
27 100 0.003
7 13 0.003
27 53 0.003
24 49 0.003
25 81 0.003
59 88 0.003
13 36 0.003
30 87 0.003
11 47 0.003
32 54 0.003
54 60 0.003
49 84 0.003
37 65 0.003
56 69 0.003
56 87 0.003
7 42 0.003
17 58 0.003
12 26 0.003
61 89 0.003
28 91 0.003
14 23 0.003
19 82 0.003
20 105 0.003
1 10 0.003
31 95 0.003
23 45 0.003
10 28 0.003
80 102 0.003
26 103 0.003
14 62 0.003
14 103 0.003
77 95 0.003
53 74 0.003
61 95 0.003
24 105 0.003
73 104 0.003
59 66 0.003
4 39 0.003
64 93 0.003
11 64 0.003
18 72 0.003
76 104 0.003
14 45 0.003
16 104 0.003
19 66 0.003
21 106 0.002
48 71 0.002
1 11 0.002
26 70 0.002
1 84 0.002
2 37 0.002
22 55 0.002
28 82 0.002
86 95 0.002
22 106 0.002
40 80 0.002
1 91 0.002
17 62 0.002
68 100 0.002
69 97 0.002
61 91 0.002
63 99 0.002
10 100 0.002
52 91 0.002
11 43 0.002
21 56 0.002
3 94 0.002
41 72 0.002
5 95 0.002
5 49 0.002
68 81 0.002
23 105 0.002
33 94 0.002
16 63 0.002
8 49 0.002
29 42 0.002
9 80 0.002
16 72 0.002
28 62 0.002
12 60 0.002
7 30 0.002
11 101 0.002
68 78 0.002
3 81 0.002
62 84 0.002
21 80 0.002
57 85 0.002
65 100 0.002
4 81 0.002
10 80 0.002
61 86 0.002
20 55 0.002
7 98 0.002
44 72 0.002
5 82 0.002
1 83 0.002
34 54 0.002
28 57 0.002
81 91 0.002
69 105 0.002
53 70 0.002
77 83 0.002
51 79 0.002
27 40 0.002
29 98 0.002
9 47 0.002
45 54 0.002
70 106 0.002
10 44 0.002
85 95 0.002
17 81 0.002
33 54 0.002
6 97 0.002
25 53 0.002
25 93 0.002
77 104 0.002
45 85 0.002
45 100 0.002
20 106 0.002
31 55 0.002
18 105 0.002
8 62 0.002
1 34 0.002
74 104 0.002
93 99 0.002
71 105 0.002
18 93 0.002
41 98 0.002
9 64 0.002
27 92 0.002
63 93 0.002
29 99 0.002
72 78 0.002
52 79 0.002
15 35 0.002
3 31 0.002
3 39 0.002
55 85 0.002
19 63 0.002
4 44 0.002
15 33 0.002
72 79 0.002
14 74 0.002
24 106 0.002
45 101 0.002
66 95 0.002
99 106 0.002
39 61 0.002
54 73 0.002
1 35 0.002
66 98 0.002
53 80 0.002
69 106 0.002
96 102 0.002
43 86 0.002
59 86 0.002
65 101 0.002
1 36 0.002
23 106 0.002
32 93 0.002
7 29 0.002
1 92 0.002
17 74 0.002
44 86 0.002
2 12 0.002
95 101 0.002
25 104 0.002
12 54 0.002
1 33 0.002
2 93 0.002
24 65 0.002
13 19 0.002
16 54 0.002
11 49 0.002
4 96 0.002
71 106 0.002
9 62 0.002
14 58 0.002
22 53 0.002
15 23 0.002
38 92 0.002
12 42 0.002
44 75 0.002
5 45 0.002
20 66 0.002
5 97 0.002
25 48 0.002
19 55 0.002
6 30 0.002
18 94 0.002
5 14 0.002
41 89 0.002
15 104 0.002
77 93 0.002
39 94 0.002
11 45 0.002
10 42 0.002
67 106 0.002
29 83 0.002
57 91 0.002
79 104 0.002
13 103 0.002
9 27 0.002
9 100 0.002
72 82 0.002
18 106 0.002
59 94 0.002
48 68 0.002
61 87 0.002
14 67 0.002
6 47 0.002
7 47 0.002
72 104 0.002
19 105 0.002
39 81 0.002
4 40 0.002
1 32 0.002
5 47 0.002
25 42 0.002
51 75 0.002
17 105 0.002
26 53 0.002
65 84 0.002
55 99 0.002
98 106 0.002
80 103 0.002
85 97 0.002
23 55 0.002
29 61 0.002
75 82 0.002
26 41 0.002
83 100 0.002
13 90 0.002
57 89 0.002
4 95 0.002
37 52 0.002
58 67 0.002
14 34 0.002
17 106 0.002
1 37 0.002
8 61 0.002
40 46 0.002
16 49 0.002
12 65 0.002
3 96 0.002
16 69 0.002
59 90 0.002
63 98 0.002
10 63 0.002
12 102 0.002
35 53 0.002
15 22 0.002
2 13 0.002
28 67 0.002
22 80 0.002
10 58 0.002
48 83 0.002
75 81 0.002
49 71 0.002
67 105 0.002
16 64 0.002
83 90 0.002
85 98 0.002
19 106 0.002
26 104 0.002
54 61 0.002
15 62 0.002
6 14 0.002
71 78 0.002
3 14 0.002
7 99 0.002
9 61 0.002
13 39 0.002
20 82 0.002
40 47 0.002
41 99 0.002
4 14 0.002
82 88 0.002
3 44 0.002
75 105 0.002
13 62 0.002
3 40 0.002
64 90 0.002
42 72 0.002
40 68 0.002
78 106 0.002
4 42 0.002
26 57 0.002
10 60 0.002
81 102 0.002
6 98 0.002
3 95 0.002
49 86 0.002
98 105 0.002
12 59 0.002
15 83 0.002
65 104 0.002
14 61 0.002
8 64 0.002
50 85 0.002
75 106 0.002
1 12 0.002
78 105 0.002
27 101 0.002
51 78 0.002
7 14 0.002
16 71 0.002
21 95 0.002
52 78 0.002
39 49 0.002
6 45 0.002
51 84 0.002
41 97 0.002
85 99 0.002
3 82 0.002
15 64 0.002
42 93 0.002
21 79 0.002
59 89 0.002
65 106 0.002
2 38 0.002
7 45 0.002
49 88 0.002
4 82 0.002
87 96 0.002
15 66 0.002
28 101 0.002
48 70 0.002
33 55 0.002
55 87 0.002
5 30 0.002
6 29 0.002
25 46 0.002
10 101 0.002
42 78 0.002
43 71 0.002
53 71 0.002
80 94 0.002
15 73 0.002
16 106 0.002
73 106 0.002
14 87 0.002
16 105 0.002
64 96 0.002
65 103 0.002
64 89 0.002
72 96 0.002
19 56 0.002
18 81 0.002
1 13 0.002
70 95 0.002
38 61 0.002
27 49 0.002
35 65 0.002
68 102 0.002
97 104 0.002
35 66 0.002
51 65 0.002
46 70 0.001
74 106 0.001
73 105 0.001
45 102 0.001
2 31 0.001
8 100 0.001
8 47 0.001
47 85 0.001
24 80 0.001
64 95 0.001
68 79 0.001
78 93 0.001
84 100 0.001
16 92 0.001
74 105 0.001
9 45 0.001
1 93 0.001
72 97 0.001
3 42 0.001
58 94 0.001
71 97 0.001
52 87 0.001
43 100 0.001
8 41 0.001
14 104 0.001
44 98 0.001
27 73 0.001
30 98 0.001
11 62 0.001
45 84 0.001
43 101 0.001
52 88 0.001
14 88 0.001
64 97 0.001
22 48 0.001
15 37 0.001
5 51 0.001
20 45 0.001
81 103 0.001
36 66 0.001
51 76 0.001
76 106 0.001
55 86 0.001
1 38 0.001
66 94 0.001
64 92 0.001
19 29 0.001
22 51 0.001
63 84 0.001
28 55 0.001
44 68 0.001
5 46 0.001
4 49 0.001
21 66 0.001
43 93 0.001
9 79 0.001
76 105 0.001
37 51 0.001
35 94 0.001
68 103 0.001
2 81 0.001
7 62 0.001
82 102 0.001
31 96 0.001
15 106 0.001
8 80 0.001
5 98 0.001
56 88 0.001
27 63 0.001
65 102 0.001
68 95 0.001
23 47 0.001
4 45 0.001
72 106 0.001
24 95 0.001
12 44 0.001
61 97 0.001
56 82 0.001
6 51 0.001
3 97 0.001
2 94 0.001
54 81 0.001
13 89 0.001
73 95 0.001
17 56 0.001
13 104 0.001
10 16 0.001
4 97 0.001
14 56 0.001
77 106 0.001
9 43 0.001
5 41 0.001
24 78 0.001
65 105 0.001
46 100 0.001
17 57 0.001
53 86 0.001
15 105 0.001
11 102 0.001
14 22 0.001
12 103 0.001
6 99 0.001
88 96 0.001
7 41 0.001
2 39 0.001
25 106 0.001
62 95 0.001
11 61 0.001
12 18 0.001
26 93 0.001
7 61 0.001
13 88 0.001
16 44 0.001
69 96 0.001
72 105 0.001
9 51 0.001
80 104 0.001
68 104 0.001
1 81 0.001
21 52 0.001
1 39 0.001
26 106 0.001
23 43 0.001
46 101 0.001
9 58 0.001
10 66 0.001
42 89 0.001
8 60 0.001
34 41 0.001
23 46 0.001
5 29 0.001
13 38 0.001
83 101 0.001
79 106 0.001
18 56 0.001
9 54 0.001
11 25 0.001
27 86 0.001
2 14 0.001
69 77 0.001
68 106 0.001
77 105 0.001
19 45 0.001
22 52 0.001
49 91 0.001
13 41 0.001
9 52 0.001
6 41 0.001
46 71 0.001
1 14 0.001
97 105 0.001
9 101 0.001
41 69 0.001
49 87 0.001
86 97 0.001
64 99 0.001
13 64 0.001
24 43 0.001
5 43 0.001
60 94 0.001
97 106 0.001
26 63 0.001
22 68 0.001
45 103 0.001
11 77 0.001
25 47 0.001
25 55 0.001
53 87 0.001
43 97 0.001
1 31 0.001
52 76 0.001
21 50 0.001
21 54 0.001
26 105 0.001
17 60 0.001
56 91 0.001
57 68 0.001
46 53 0.001
4 30 0.001
6 46 0.001
8 45 0.001
57 90 0.001
86 98 0.001
38 63 0.001
20 52 0.001
15 70 0.001
9 28 0.001
1 94 0.001
60 91 0.001
79 105 0.001
52 75 0.001
44 93 0.001
53 63 0.001
53 99 0.001
20 56 0.001
1 82 0.001
6 62 0.001
14 89 0.001
46 99 0.001
4 47 0.001
15 59 0.001
96 103 0.001
16 46 0.001
1 40 0.001
22 49 0.001
6 61 0.001
8 58 0.001
18 59 0.001
3 45 0.001
68 93 0.001
21 57 0.001
8 27 0.001
46 98 0.001
35 93 0.001
3 49 0.001
14 49 0.001
40 48 0.001
9 15 0.001
37 93 0.001
41 90 0.001
42 96 0.001
11 46 0.001
18 64 0.001
13 87 0.001
38 82 0.001
5 99 0.001
14 106 0.001
25 105 0.001
54 89 0.001
16 39 0.001
66 80 0.001
82 103 0.001
56 99 0.001
20 43 0.001
2 40 0.001
13 106 0.001
5 62 0.001
7 51 0.001
18 58 0.001
71 80 0.001
16 47 0.001
3 30 0.001
11 52 0.001
44 96 0.001
44 99 0.001
48 69 0.001
28 84 0.001
63 87 0.001
2 96 0.001
22 65 0.001
9 16 0.001
30 99 0.001
63 88 0.001
7 100 0.001
52 99 0.001
27 45 0.001
2 44 0.001
32 55 0.001
9 60 0.001
14 75 0.001
59 67 0.001
13 44 0.001
17 69 0.001
8 101 0.001
7 60 0.001
4 46 0.001
4 51 0.001
81 92 0.001
77 84 0.001
45 96 0.001
7 46 0.001
27 58 0.001
86 99 0.001
2 82 0.001
46 102 0.001
26 58 0.001
81 104 0.001
11 78 0.001
38 65 0.001
43 91 0.001
44 87 0.001
3 47 0.001
12 56 0.001
11 66 0.001
19 57 0.001
31 65 0.001
74 83 0.001
2 95 0.001
18 45 0.001
43 102 0.001
3 15 0.001
47 101 0.001
64 83 0.001
5 61 0.001
44 91 0.001
17 71 0.001
18 55 0.001
82 89 0.001
22 45 0.001
68 105 0.001
29 53 0.001
93 100 0.001
14 105 0.001
19 81 0.001
82 90 0.001
23 79 0.001
18 43 0.001
12 78 0.001
4 98 0.001
1 106 0.001
47 100 0.001
24 74 0.001
41 94 0.001
13 105 0.001
10 79 0.001
1 42 0.001
80 106 0.001
30 54 0.001
51 86 0.001
87 95 0.001
7 58 0.001
17 84 0.001
51 87 0.001
31 97 0.001
45 106 0.001
39 50 0.001
36 65 0.001
2 42 0.001
59 97 0.001
20 54 0.001
8 51 0.001
53 81 0.001
42 98 0.001
9 46 0.001
59 91 0.001
45 69 0.001
95 102 0.001
6 48 0.001
41 95 0.001
20 53 0.001
3 98 0.001
84 101 0.001
23 95 0.001
7 64 0.001
11 103 0.001
70 81 0.001
3 46 0.001
18 41 0.001
15 36 0.001
6 43 0.001
1 96 0.001
4 41 0.001
46 68 0.001
28 102 0.001
4 29 0.001
1 44 0.001
45 104 0.001
36 83 0.001
35 83 0.001
73 93 0.001
1 95 0.001
27 88 0.001
47 98 0.001
33 93 0.001
19 93 0.001
63 106 0.001
1 15 0.001
42 90 0.001
54 70 0.001
12 104 0.001
19 43 0.001
44 100 0.001
21 45 0.001
9 66 0.001
38 49 0.001
47 99 0.001
53 88 0.001
25 44 0.001
47 71 0.001
6 60 0.001
22 95 0.001
44 88 0.001
6 80 0.001
18 57 0.001
44 101 0.001
66 87 0.001
67 94 0.001
4 43 0.001
41 79 0.001
66 88 0.001
11 63 0.001
2 15 0.001
66 100 0.001
12 19 0.001
67 82 0.001
47 70 0.001
76 95 0.001
54 80 0.001
12 77 0.001
3 41 0.001
5 48 0.001
30 41 0.001
62 97 0.001
51 88 0.001
54 99 0.001
27 78 0.001
96 104 0.001
6 100 0.001
15 75 0.001
2 30 0.001
3 43 0.001
27 37 0.001
4 62 0.001
81 106 0.001
7 48 0.001
19 52 0.001
50 101 0.001
12 43 0.001
5 80 0.001
10 102 0.001
3 51 0.001
66 101 0.001
17 37 0.001
27 79 0.001
24 45 0.001
91 98 0.001
46 103 0.001
15 41 0.001
13 20 0.001
17 92 0.001
8 54 0.001
55 70 0.001
60 84 0.001
1 30 0.001
20 50 0.001
55 88 0.001
54 74 0.001
94 100 0.001
5 50 0.001
71 96 0.001
4 99 0.001
8 52 0.001
22 79 0.001
28 103 0.001
7 43 0.001
59 95 0.001
27 57 0.001
28 60 0.001
66 106 0.001
55 101 0.001
19 94 0.001
55 100 0.001
3 62 0.001
17 91 0.001
13 76 0.001
9 63 0.001
6 58 0.001
6 50 0.001
10 59 0.001
27 102 0.001
43 87 0.001
95 103 0.001
40 93 0.001
91 97 0.001
4 15 0.001
21 51 0.001
68 91 0.001
65 93 0.001
16 42 0.001
43 56 0.001
5 60 0.001
2 97 0.001
12 52 0.001
3 29 0.001
53 101 0.001
15 39 0.001
48 85 0.001
79 94 0.001
8 79 0.001
55 73 0.001
47 68 0.001
3 61 0.001
3 99 0.001
7 54 0.001
80 105 0.001
8 43 0.001
21 48 0.001
63 100 0.001
12 106 0.001
61 96 0.001
51 64 0.001
64 98 0.001
7 50 0.001
5 100 0.001
43 103 0.001
80 91 0.001
68 83 0.001
58 92 0.001
11 26 0.001
8 46 0.001
17 41 0.001
28 106 0.001
11 54 0.001
18 61 0.001
4 61 0.001
43 67 0.001
50 99 0.001
7 80 0.001
8 63 0.001
27 38 0.001
5 58 0.001
19 54 0.001
51 101 0.001
82 104 0.001
41 48 0.001
9 48 0.001
8 16 0.001
14 72 0.001
44 55 0.001
41 47 0.001
10 54 0.001
96 106 0.001
11 17 0.001
47 102 0.001
7 101 0.001
37 94 0.001
9 50 0.001
5 15 0.001
63 90 0.001
14 59 0.001
28 104 0.001
1 16 0.001
32 95 0.001
29 60 0.001
67 73 0.001
46 106 0.001
3 16 0.001
27 50 0.001
19 30 0.001
66 77 0.001
3 80 0.001
2 45 0.001
52 63 0.001
24 48 0.001
62 96 0.001
41 100 0.001
49 99 0.001
6 64 0.001
48 82 0.001
51 106 0.001
16 32 0.001
5 16 0.001
17 45 0.001
48 101 0.001
9 102 0.001
26 77 0.001
68 76 0.001
71 79 0.001
15 68 0.001
5 52 0.001
16 56 0.001
5 54 0.001
35 42 0.001
45 105 0.001
53 106 0.001
53 77 0.001
61 99 0.001
10 25 0.001
19 58 0.001
83 102 0.001
1 61 0.001
11 106 0.001
22 56 0.001
1 49 0.001
43 106 0.001
28 37 0.001
44 102 0.001
20 49 0.001
35 52 0.001
1 45 0.001
3 60 0.001
27 51 0.001
1 41 0.001
89 96 0.001
48 106 0.001
81 105 0.001
85 100 0.001
1 62 0.001
12 68 0.001
46 85 0.001
41 77 0.001
6 15 0.001
21 49 0.001
1 97 0.001
88 95 0.001
50 106 0.001
91 99 0.001
4 80 0.001
42 99 0.001
22 47 0.001
2 49 0.001
8 28 0.001
55 71 0.001
37 82 0.001
7 52 0.001
1 43 0.001
82 106 0.001
6 52 0.001
1 46 0.001
17 55 0.001
63 101 0.001
1 47 0.001
11 104 0.001
66 73 0.001
5 64 0.001
16 37 0.001
72 81 0.001
12 105 0.001
8 50 0.001
49 101 0.001
8 48 0.001
65 91 0.001
49 106 0.001
9 56 0.001
2 61 0.001
44 106 0.001
92 98 0.001
14 47 0.001
6 54 0.001
27 103 0.001
66 104 0.001
4 50 0.001
36 42 0.001
2 47 0.001
15 58 0.001
53 102 0.001
4 48 0.001
18 54 0.001
8 15 0.001
8 59 0.001
24 57 0.001
13 21 0.001
1 29 0.001
26 80 0.001
25 94 0.001
2 62 0.001
68 75 0.001
47 106 0.001
47 103 0.001
7 27 0.001
4 60 0.001
8 102 0.001
52 58 0.001
2 46 0.001
16 86 0.001
1 60 0.001
3 50 0.001
3 48 0.001
51 99 0.001
69 80 0.001
23 54 0.001
50 102 0.001
26 59 0.001
61 84 0.001
43 104 0.001
20 46 0.001
27 89 0.001
83 103 0.001
53 100 0.001
10 47 0.001
36 52 0.001
55 83 0.001
10 49 0.001
15 90 0.001
65 82 0.001
15 60 0.001
46 104 0.001
51 103 0.001
73 83 0.001
21 43 0.001
81 88 0.001
9 59 0.001
84 102 0.001
27 106 0.001
13 47 0.001
4 16 0.001
28 39 0.001
52 101 0.001
1 80 0.001
19 46 0.001
96 105 0.001
18 52 0.001
6 16 0.001
34 94 0.001
57 99 0.001
2 29 0.001
41 101 0.001
55 102 0.001
2 16 0.001
42 70 0.001
6 79 0.001
17 43 0.001
6 101 0.001
8 66 0.001
36 51 0.001
2 98 0.001
62 85 0.001
51 102 0.001
42 64 0.001
17 72 0.001
59 84 0.001
44 103 0.001
11 58 0.001
49 100 0.001
53 103 0.001
66 103 0.001
1 17 0.001
63 105 0.001
48 102 0.001
16 50 0.001
10 103 0.001
3 100 0.001
52 96 0.001
50 103 0.001
50 100 0.001
66 81 0.001
19 49 0.001
62 99 0.001
93 101 0.001
4 58 0.001
27 104 0.001
4 100 0.001
41 59 0.001
20 81 0.001
52 106 0.001
5 79 0.001
2 60 0.001
2 43 0.001
9 53 0.001
7 59 0.001
6 27 0.001
49 98 0.001
2 41 0.001
12 20 0.001
3 58 0.001
75 95 0.001
48 100 0.001
48 103 0.001
47 96 0.001
60 92 0.001
52 98 0.001
15 86 0.001
12 57 0.001
20 51 0.001
15 67 0.001
64 106 0.001
10 52 0.001
89 95 0.001
28 105 0.001
3 79 0.001
59 99 0.001
1 98 0.001
16 48 0.001
95 106 0.001
66 102 0.001
43 88 0.001
61 98 0.001
22 46 0.001
54 77 0.001
54 90 0.001
10 43 0.001
1 48 0.001
38 93 0.001
1 51 0.001
38 50 0.001
49 103 0.001
55 106 0.001
21 82 0.001
52 100 0.001
29 43 0.001
17 32 0.001
4 64 0.000
18 62 0.000
55 97 0.000
20 48 0.000
7 79 0.000
81 87 0.000
9 57 0.000
20 47 0.000
77 94 0.000
22 43 0.000
5 101 0.000
49 102 0.000
66 105 0.000
56 97 0.000
22 54 0.000
74 95 0.000
51 104 0.000
77 91 0.000
5 63 0.000
6 59 0.000
7 63 0.000
3 53 0.000
33 65 0.000
5 53 0.000
2 99 0.000
20 63 0.000
13 66 0.000
10 106 0.000
5 59 0.000
46 105 0.000
15 34 0.000
52 93 0.000
4 52 0.000
56 89 0.000
3 54 0.000
50 104 0.000
95 104 0.000
2 80 0.000
84 103 0.000
55 103 0.000
2 51 0.000
7 56 0.000
11 105 0.000
3 64 0.000
4 63 0.000
40 92 0.000
1 50 0.000
70 93 0.000
58 99 0.000
56 100 0.000
4 54 0.000
7 57 0.000
4 79 0.000
19 59 0.000
76 83 0.000
1 79 0.000
53 104 0.000
6 63 0.000
51 100 0.000
7 102 0.000
78 94 0.000
1 58 0.000
63 104 0.000
47 104 0.000
63 102 0.000
16 58 0.000
41 74 0.000
5 27 0.000
40 79 0.000
25 56 0.000
52 103 0.000
51 105 0.000
49 104 0.000
32 96 0.000
10 45 0.000
19 53 0.000
49 93 0.000
46 96 0.000
63 103 0.000
56 72 0.000
8 56 0.000
41 92 0.000
45 86 0.000
54 93 0.000
39 96 0.000
3 63 0.000
28 35 0.000
83 106 0.000
49 96 0.000
21 47 0.000
9 106 0.000
48 104 0.000
9 77 0.000
54 106 0.000
26 64 0.000
47 53 0.000
90 96 0.000
52 102 0.000
11 51 0.000
5 56 0.000
44 104 0.000
9 55 0.000
53 59 0.000
48 99 0.000
19 64 0.000
14 46 0.000
3 52 0.000
82 105 0.000
4 101 0.000
85 101 0.000
21 46 0.000
10 26 0.000
19 47 0.000
41 102 0.000
6 56 0.000
9 25 0.000
94 101 0.000
41 106 0.000
10 56 0.000
14 53 0.000
55 91 0.000
7 16 0.000
6 57 0.000
9 103 0.000
45 97 0.000
22 28 0.000
13 60 0.000
13 24 0.000
14 60 0.000
1 59 0.000
43 95 0.000
27 85 0.000
44 70 0.000
5 57 0.000
86 100 0.000
14 55 0.000
3 101 0.000
2 48 0.000
76 93 0.000
54 100 0.000
11 60 0.000
15 38 0.000
45 93 0.000
81 89 0.000
6 102 0.000
29 100 0.000
56 101 0.000
7 15 0.000
20 57 0.000
38 94 0.000
54 101 0.000
18 84 0.000
6 53 0.000
6 28 0.000
38 81 0.000
1 63 0.000
12 21 0.000
43 105 0.000
1 99 0.000
3 59 0.000
1 54 0.000
5 102 0.000
56 83 0.000
16 51 0.000
17 33 0.000
14 57 0.000
13 45 0.000
63 89 0.000
8 103 0.000
2 58 0.000
83 104 0.000
17 36 0.000
10 104 0.000
1 53 0.000
1 64 0.000
2 106 0.000
7 28 0.000
53 105 0.000
13 43 0.000
68 94 0.000
16 55 0.000
73 91 0.000
8 57 0.000
50 84 0.000
49 67 0.000
15 45 0.000
7 53 0.000
50 105 0.000
49 89 0.000
4 53 0.000
73 84 0.000
1 105 0.000
24 79 0.000
1 28 0.000
3 17 0.000
58 97 0.000
1 52 0.000
48 105 0.000
40 59 0.000
52 104 0.000
47 105 0.000
16 90 0.000
10 65 0.000
4 59 0.000
61 106 0.000
39 95 0.000
3 57 0.000
3 106 0.000
17 54 0.000
46 54 0.000
19 50 0.000
62 98 0.000
2 17 0.000
39 68 0.000
41 62 0.000
62 106 0.000
42 97 0.000
55 98 0.000
28 38 0.000
58 82 0.000
40 65 0.000
47 88 0.000
18 31 0.000
2 50 0.000
4 27 0.000
18 46 0.000
21 63 0.000
56 98 0.000
1 18 0.000
35 51 0.000
49 105 0.000
27 35 0.000
26 73 0.000
12 24 0.000
44 105 0.000
2 100 0.000
27 90 0.000
74 93 0.000
13 23 0.000
1 57 0.000
27 44 0.000
39 80 0.000
1 56 0.000
54 71 0.000
19 48 0.000
7 103 0.000
87 97 0.000
36 93 0.000
87 99 0.000
5 55 0.000
36 94 0.000
5 28 0.000
51 91 0.000
4 57 0.000
1 27 0.000
2 79 0.000
56 106 0.000
46 84 0.000
84 106 0.000
3 56 0.000
11 18 0.000
11 68 0.000
78 84 0.000
87 98 0.000
33 95 0.000
60 66 0.000
30 55 0.000
7 55 0.000
95 105 0.000
30 106 0.000
33 42 0.000
58 95 0.000
60 97 0.000
20 93 0.000
42 57 0.000
66 72 0.000
18 49 0.000
16 85 0.000
27 76 0.000
4 56 0.000
8 106 0.000
30 100 0.000
27 105 0.000
11 65 0.000
47 84 0.000
4 28 0.000
3 28 0.000
55 104 0.000
11 48 0.000
41 63 0.000
2 59 0.000
8 53 0.000
40 77 0.000
6 55 0.000
28 52 0.000
3 55 0.000
52 62 0.000
4 102 0.000
20 94 0.000
94 102 0.000
93 102 0.000
2 63 0.000
50 98 0.000
26 43 0.000
7 66 0.000
11 50 0.000
41 103 0.000
9 104 0.000
1 100 0.000
28 36 0.000
10 17 0.000
1 55 0.000
52 89 0.000
69 75 0.000
9 78 0.000
23 56 0.000
31 52 0.000
3 27 0.000
20 29 0.000
45 55 0.000
42 106 0.000
53 62 0.000
10 77 0.000
19 61 0.000
42 100 0.000
84 104 0.000
10 57 0.000
77 85 0.000
39 45 0.000
29 106 0.000
14 51 0.000
31 82 0.000
38 44 0.000
7 106 0.000
57 106 0.000
2 53 0.000
4 17 0.000
81 90 0.000
1 78 0.000
53 79 0.000
54 102 0.000
26 69 0.000
27 87 0.000
44 89 0.000
54 98 0.000
15 74 0.000
94 106 0.000
3 102 0.000
24 47 0.000
34 53 0.000
10 105 0.000
60 95 0.000
52 105 0.000
8 77 0.000
2 64 0.000
4 55 0.000
24 63 0.000
47 93 0.000
69 82 0.000
85 102 0.000
18 47 0.000
2 28 0.000
33 83 0.000
17 39 0.000
69 95 0.000
65 86 0.000
13 22 0.000
83 105 0.000
2 54 0.000
15 43 0.000
92 99 0.000
42 101 0.000
44 90 0.000
54 103 0.000
64 101 0.000
17 52 0.000
26 61 0.000
85 103 0.000
14 69 0.000
56 90 0.000
10 78 0.000
27 36 0.000
70 94 0.000
9 68 0.000
56 102 0.000
64 100 0.000
29 101 0.000
2 101 0.000
88 98 0.000
30 40 0.000
1 101 0.000
13 58 0.000
1 19 0.000
13 40 0.000
85 106 0.000
12 23 0.000
8 55 0.000
40 62 0.000
13 59 0.000
55 105 0.000
86 101 0.000
2 57 0.000
17 83 0.000
1 104 0.000
79 91 0.000
59 106 0.000
8 25 0.000
11 59 0.000
93 106 0.000
6 103 0.000
8 78 0.000
27 70 0.000
34 93 0.000
59 96 0.000
17 35 0.000
42 67 0.000
59 98 0.000
41 104 0.000
94 103 0.000
7 104 0.000
57 82 0.000
40 96 0.000
3 78 0.000
2 52 0.000
46 69 0.000
25 91 0.000
17 46 0.000
57 69 0.000
18 60 0.000
10 46 0.000
54 96 0.000
45 66 0.000
16 53 0.000
12 47 0.000
60 85 0.000
9 65 0.000
60 99 0.000
16 62 0.000
58 106 0.000
44 97 0.000
12 67 0.000
12 49 0.000
6 66 0.000
6 106 0.000
31 98 0.000
23 82 0.000
48 98 0.000
66 89 0.000
24 82 0.000
57 101 0.000
59 92 0.000
8 104 0.000
2 27 0.000
64 104 0.000
88 99 0.000
14 50 0.000
45 88 0.000
69 78 0.000
16 35 0.000
47 69 0.000
11 56 0.000
31 66 0.000
31 53 0.000
22 57 0.000
5 17 0.000
16 61 0.000
57 100 0.000
2 56 0.000
60 106 0.000
56 94 0.000
2 105 0.000
1 77 0.000
19 51 0.000
13 42 0.000
5 106 0.000
64 105 0.000
56 103 0.000
37 49 0.000
30 101 0.000
5 78 0.000
1 66 0.000
26 78 0.000
54 97 0.000
45 91 0.000
17 38 0.000
8 17 0.000
10 18 0.000
72 95 0.000
11 73 0.000
42 69 0.000
10 68 0.000
21 58 0.000
93 103 0.000
11 19 0.000
88 97 0.000
16 38 0.000
1 103 0.000
16 59 0.000
9 26 0.000
1 25 0.000
9 105 0.000
80 92 0.000
58 68 0.000
28 90 0.000
21 59 0.000
9 17 0.000
1 102 0.000
32 65 0.000
22 82 0.000
13 46 0.000
54 104 0.000
61 100 0.000
58 96 0.000
3 105 0.000
11 76 0.000
42 102 0.000
5 103 0.000
59 85 0.000
17 47 0.000
16 36 0.000
55 80 0.000
64 103 0.000
5 66 0.000
17 49 0.000
16 33 0.000
86 106 0.000
18 37 0.000
31 99 0.000
57 97 0.000
45 87 0.000
24 46 0.000
35 82 0.000
19 41 0.000
47 91 0.000
39 99 0.000
4 106 0.000
16 40 0.000
40 99 0.000
3 18 0.000
27 33 0.000
61 101 0.000
64 102 0.000
75 93 0.000
48 88 0.000
4 103 0.000
55 89 0.000
7 105 0.000
68 85 0.000
4 78 0.000
13 65 0.000
58 98 0.000
2 18 0.000
6 78 0.000
52 97 0.000
6 25 0.000
91 100 0.000
55 81 0.000
1 65 0.000
12 73 0.000
1 20 0.000
2 55 0.000
55 74 0.000
68 86 0.000
20 41 0.000
13 49 0.000
39 97 0.000
3 103 0.000
74 84 0.000
11 53 0.000
12 22 0.000
53 75 0.000
84 105 0.000
8 65 0.000
2 102 0.000
41 105 0.000
39 67 0.000
3 104 0.000
30 82 0.000
53 91 0.000
19 62 0.000
26 51 0.000
1 26 0.000
40 94 0.000
62 93 0.000
54 79 0.000
54 105 0.000
85 104 0.000
8 105 0.000
2 104 0.000
49 64 0.000
86 102 0.000
5 77 0.000
73 94 0.000
47 86 0.000
42 103 0.000
18 50 0.000
30 85 0.000
46 93 0.000
13 52 0.000
11 70 0.000
57 102 0.000
29 102 0.000
12 45 0.000
11 74 0.000
25 84 0.000
5 25 0.000
1 76 0.000
59 101 0.000
6 17 0.000
32 66 0.000
62 100 0.000
42 58 0.000
22 66 0.000
2 78 0.000
57 94 0.000
24 58 0.000
49 90 0.000
4 66 0.000
25 65 0.000
40 106 0.000
6 104 0.000
29 103 0.000
86 103 0.000
40 98 0.000
56 104 0.000
3 66 0.000
1 21 0.000
15 85 0.000
52 59 0.000
9 18 0.000
35 95 0.000
3 77 0.000
12 55 0.000
7 78 0.000
31 106 0.000
24 41 0.000
6 77 0.000
23 65 0.000
30 102 0.000
66 79 0.000
50 88 0.000
74 85 0.000
39 98 0.000
15 89 0.000
66 90 0.000
30 103 0.000
32 83 0.000
47 87 0.000
18 48 0.000
20 58 0.000
73 85 0.000
53 98 0.000
61 93 0.000
18 91 0.000
58 93 0.000
80 88 0.000
92 100 0.000
39 106 0.000
52 90 0.000
13 73 0.000
58 101 0.000
50 86 0.000
57 103 0.000
13 54 0.000
33 96 0.000
30 104 0.000
5 104 0.000
4 77 0.000
7 77 0.000
2 103 0.000
53 60 0.000
10 51 0.000
8 26 0.000
80 86 0.000
32 82 0.000
56 96 0.000
59 100 0.000
4 18 0.000
61 105 0.000
1 24 0.000
78 91 0.000
24 94 0.000
87 100 0.000
92 106 0.000
29 104 0.000
62 101 0.000
7 25 0.000
87 106 0.000
56 105 0.000
41 78 0.000
1 22 0.000
58 100 0.000
28 88 0.000
32 106 0.000
21 81 0.000
16 88 0.000
42 104 0.000
30 105 0.000
33 82 0.000
1 23 0.000
42 76 0.000
94 104 0.000
45 95 0.000
47 97 0.000
15 88 0.000
61 102 0.000
27 46 0.000
15 47 0.000
2 19 0.000
3 65 0.000
4 104 0.000
13 68 0.000
59 102 0.000
8 18 0.000
74 91 0.000
62 105 0.000
17 90 0.000
18 53 0.000
1 75 0.000
93 104 0.000
18 83 0.000
37 95 0.000
6 105 0.000
26 76 0.000
10 55 0.000
53 78 0.000
49 97 0.000
1 74 0.000
34 42 0.000
1 68 0.000
88 106 0.000
33 66 0.000
50 87 0.000
15 44 0.000
15 52 0.000
91 106 0.000
2 77 0.000
53 76 0.000
7 17 0.000
29 49 0.000
23 66 0.000
46 97 0.000
61 103 0.000
57 104 0.000
85 105 0.000
4 25 0.000
67 84 0.000
91 101 0.000
21 93 0.000
57 105 0.000
27 47 0.000
39 47 0.000
37 67 0.000
1 73 0.000
51 98 0.000
8 68 0.000
27 59 0.000
21 94 0.000
26 79 0.000
38 68 0.000
2 66 0.000
65 92 0.000
93 105 0.000
47 54 0.000
16 89 0.000
94 105 0.000
12 70 0.000
15 46 0.000
16 57 0.000
3 25 0.000
29 105 0.000
10 50 0.000
42 95 0.000
11 20 0.000
42 105 0.000
11 21 0.000
54 94 0.000
57 98 0.000
10 19 0.000
33 106 0.000
66 78 0.000
11 57 0.000
40 97 0.000
62 102 0.000
5 18 0.000
35 96 0.000
60 98 0.000
56 95 0.000
59 103 0.000
58 83 0.000
58 102 0.000
55 96 0.000
50 64 0.000
5 105 0.000
2 25 0.000
32 97 0.000
19 60 0.000
92 101 0.000
1 70 0.000
61 104 0.000
75 83 0.000
53 89 0.000
50 96 0.000
86 104 0.000
69 76 0.000
36 82 0.000
6 26 0.000
51 89 0.000
4 65 0.000
47 89 0.000
9 19 0.000
20 59 0.000
38 67 0.000
10 53 0.000
1 67 0.000
79 92 0.000
14 48 0.000
62 104 0.000
3 19 0.000
39 46 0.000
26 50 0.000
10 48 0.000
13 70 0.000
48 66 0.000
31 83 0.000
12 76 0.000
58 103 0.000
18 51 0.000
8 19 0.000
47 66 0.000
53 97 0.000
11 24 0.000
88 100 0.000
12 53 0.000
26 60 0.000
43 89 0.000
44 95 0.000
62 103 0.000
15 49 0.000
87 101 0.000
29 51 0.000
55 77 0.000
32 52 0.000
89 106 0.000
33 53 0.000
2 65 0.000
5 26 0.000
90 106 0.000
1 72 0.000
7 65 0.000
59 105 0.000
28 34 0.000
40 72 0.000
4 105 0.000
60 96 0.000
27 62 0.000
9 73 0.000
32 42 0.000
41 61 0.000
42 92 0.000
18 92 0.000
89 98 0.000
44 56 0.000
24 59 0.000
67 91 0.000
71 82 0.000
15 54 0.000
6 65 0.000
19 84 0.000
46 88 0.000
2 26 0.000
5 65 0.000
3 76 0.000
72 84 0.000
20 64 0.000
70 84 0.000
73 86 0.000
4 19 0.000
9 74 0.000
37 44 0.000
90 99 0.000
32 53 0.000
59 104 0.000
3 26 0.000
55 95 0.000
9 67 0.000
1 69 0.000
23 93 0.000
4 26 0.000
38 96 0.000
20 30 0.000
7 26 0.000
34 83 0.000
58 105 0.000
77 86 0.000
54 78 0.000
28 89 0.000
60 101 0.000
44 66 0.000
61 85 0.000
37 96 0.000
17 48 0.000
40 67 0.000
66 92 0.000
88 101 0.000
50 91 0.000
10 24 0.000
28 86 0.000
40 101 0.000
50 65 0.000
10 70 0.000
58 104 0.000
37 106 0.000
20 44 0.000
7 68 0.000
90 98 0.000
6 18 0.000
33 97 0.000
15 56 0.000
56 70 0.000
29 81 0.000
11 55 0.000
19 44 0.000
35 49 0.000
25 83 0.000
89 99 0.000
39 100 0.000
34 65 0.000
26 49 0.000
60 100 0.000
46 86 0.000
2 20 0.000
27 75 0.000
40 100 0.000
63 85 0.000
9 70 0.000
67 77 0.000
67 93 0.000
76 84 0.000
26 75 0.000
41 60 0.000
13 74 0.000
9 76 0.000
87 102 0.000
40 78 0.000
86 105 0.000
34 106 0.000
4 76 0.000
10 21 0.000
87 103 0.000
26 91 0.000
10 73 0.000
40 102 0.000
45 89 0.000
92 102 0.000
40 73 0.000
43 94 0.000
16 87 0.000
66 74 0.000
53 61 0.000
39 101 0.000
38 95 0.000
35 106 0.000
68 88 0.000
23 44 0.000
38 106 0.000
79 85 0.000
72 93 0.000
69 79 0.000
2 76 0.000
71 95 0.000
37 50 0.000
21 41 0.000
88 103 0.000
5 76 0.000
36 106 0.000
40 60 0.000
10 20 0.000
21 64 0.000
55 94 0.000
91 102 0.000
60 105 0.000
89 97 0.000
30 66 0.000
32 99 0.000
39 102 0.000
60 67 0.000
76 94 0.000
24 93 0.000
41 71 0.000
48 87 0.000
88 102 0.000
1 71 0.000
52 60 0.000
18 39 0.000
15 87 0.000
2 21 0.000
65 87 0.000
7 18 0.000
65 88 0.000
17 86 0.000
5 19 0.000
18 44 0.000
5 68 0.000
31 100 0.000
60 102 0.000
42 94 0.000
42 75 0.000
56 81 0.000
48 96 0.000
3 68 0.000
9 24 0.000
37 81 0.000
6 76 0.000
48 54 0.000
33 99 0.000
31 42 0.000
40 74 0.000
77 88 0.000
49 55 0.000
8 76 0.000
57 95 0.000
44 92 0.000
55 90 0.000
63 82 0.000
27 48 0.000
35 44 0.000
57 83 0.000
92 103 0.000
49 56 0.000
6 19 0.000
8 73 0.000
17 44 0.000
10 67 0.000
12 46 0.000
28 53 0.000
6 68 0.000
46 91 0.000
26 62 0.000
11 23 0.000
27 74 0.000
8 70 0.000
9 20 0.000
2 24 0.000
3 20 0.000
43 90 0.000
31 103 0.000
39 103 0.000
38 45 0.000
29 80 0.000
54 76 0.000
91 103 0.000
9 72 0.000
31 101 0.000
40 103 0.000
35 43 0.000
54 75 0.000
29 45 0.000
78 85 0.000
8 67 0.000
40 63 0.000
25 58 0.000
47 90 0.000
15 57 0.000
60 103 0.000
45 90 0.000
18 36 0.000
29 77 0.000
36 49 0.000
45 56 0.000
80 90 0.000
72 83 0.000
3 74 0.000
79 90 0.000
4 68 0.000
48 91 0.000
40 95 0.000
2 22 0.000
87 104 0.000
79 88 0.000
21 61 0.000
17 50 0.000
52 61 0.000
29 67 0.000
90 97 0.000
74 86 0.000
44 71 0.000
88 104 0.000
47 95 0.000
7 76 0.000
16 60 0.000
2 23 0.000
37 43 0.000
33 98 0.000
60 104 0.000
54 95 0.000
32 98 0.000
17 34 0.000
11 72 0.000
80 89 0.000
8 74 0.000
92 105 0.000
77 92 0.000
56 93 0.000
12 74 0.000
9 21 0.000
40 104 0.000
14 71 0.000
56 73 0.000
3 24 0.000
18 42 0.000
12 51 0.000
23 94 0.000
31 105 0.000
50 97 0.000
48 86 0.000
31 104 0.000
68 87 0.000
39 48 0.000
12 72 0.000
38 47 0.000
21 29 0.000
4 20 0.000
13 75 0.000
3 67 0.000
8 24 0.000
37 68 0.000
3 21 0.000
33 52 0.000
92 104 0.000
15 40 0.000
23 41 0.000
3 73 0.000
11 22 0.000
30 52 0.000
8 20 0.000
39 104 0.000
48 84 0.000
31 102 0.000
20 61 0.000
5 74 0.000
7 19 0.000
34 66 0.000
2 68 0.000
46 87 0.000
52 95 0.000
23 81 0.000
11 67 0.000
62 82 0.000
34 52 0.000
23 57 0.000
67 80 0.000
2 73 0.000
10 74 0.000
38 46 0.000
36 44 0.000
21 60 0.000
6 74 0.000
5 24 0.000
25 57 0.000
2 74 0.000
27 34 0.000
40 105 0.000
91 104 0.000
3 70 0.000
72 91 0.000
35 97 0.000
3 22 0.000
6 24 0.000
20 84 0.000
87 105 0.000
4 21 0.000
89 100 0.000
10 23 0.000
2 67 0.000
4 24 0.000
52 94 0.000
39 105 0.000
2 75 0.000
72 85 0.000
56 80 0.000
3 23 0.000
88 105 0.000
78 92 0.000
49 95 0.000
24 42 0.000
69 94 0.000
3 75 0.000
80 87 0.000
79 89 0.000
7 74 0.000
17 88 0.000
91 105 0.000
22 93 0.000
4 74 0.000
5 20 0.000
18 33 0.000
6 73 0.000
7 70 0.000
38 99 0.000
7 73 0.000
10 22 0.000
32 103 0.000
17 51 0.000
17 89 0.000
13 56 0.000
12 50 0.000
22 81 0.000
37 97 0.000
70 91 0.000
57 96 0.000
5 73 0.000
77 90 0.000
76 91 0.000
2 70 0.000
72 86 0.000
3 69 0.000
9 23 0.000
4 73 0.000
55 79 0.000
46 66 0.000
51 96 0.000
15 42 0.000
54 92 0.000
90 100 0.000
5 21 0.000
34 51 0.000
65 85 0.000
4 23 0.000
89 101 0.000
32 105 0.000
8 21 0.000
10 76 0.000
32 104 0.000
7 24 0.000
22 94 0.000
13 48 0.000
7 67 0.000
6 21 0.000
51 93 0.000
25 64 0.000
74 88 0.000
48 89 0.000
89 102 0.000
53 96 0.000
17 53 0.000
4 67 0.000
18 32 0.000
50 93 0.000
22 59 0.000
3 72 0.000
89 103 0.000
75 94 0.000
19 31 0.000
17 42 0.000
18 38 0.000
4 70 0.000
8 72 0.000
28 77 0.000
27 61 0.000
19 83 0.000
35 99 0.000
21 44 0.000
46 55 0.000
2 69 0.000
37 99 0.000
44 94 0.000
51 58 0.000
6 20 0.000
26 45 0.000
8 23 0.000
59 68 0.000
2 72 0.000
74 94 0.000
90 101 0.000
38 97 0.000
75 84 0.000
32 101 0.000
19 91 0.000
4 22 0.000
5 70 0.000
46 95 0.000
9 69 0.000
20 42 0.000
6 70 0.000
9 22 0.000
4 75 0.000
32 100 0.000
5 23 0.000
33 103 0.000
33 105 0.000
10 72 0.000
26 42 0.000
5 67 0.000
23 42 0.000
77 87 0.000
6 67 0.000
32 102 0.000
56 77 0.000
90 103 0.000
33 104 0.000
38 48 0.000
41 75 0.000
7 72 0.000
27 72 0.000
78 90 0.000
15 69 0.000
90 102 0.000
18 35 0.000
76 85 0.000
34 95 0.000
28 40 0.000
6 23 0.000
15 72 0.000
40 61 0.000
11 69 0.000
36 95 0.000
89 105 0.000
64 81 0.000
16 34 0.000
17 40 0.000
55 78 0.000
33 100 0.000
29 68 0.000
8 22 0.000
89 104 0.000
37 45 0.000
5 75 0.000
7 20 0.000
22 58 0.000
29 50 0.000
38 98 0.000
5 22 0.000
78 88 0.000
28 87 0.000
22 41 0.000
51 97 0.000
33 101 0.000
43 58 0.000
29 44 0.000
35 98 0.000
59 82 0.000
43 64 0.000
77 89 0.000
73 88 0.000
22 44 0.000
4 69 0.000
69 93 0.000
48 93 0.000
13 50 0.000
71 81 0.000
35 81 0.000
51 90 0.000
67 78 0.000
57 92 0.000
90 105 0.000
6 72 0.000
13 67 0.000
25 62 0.000
24 64 0.000
90 104 0.000
6 75 0.000
19 42 0.000
55 93 0.000
56 71 0.000
25 86 0.000
43 57 0.000
11 75 0.000
4 72 0.000
7 21 0.000
51 57 0.000
50 89 0.000
42 71 0.000
5 72 0.000
21 62 0.000
28 80 0.000
21 30 0.000
7 23 0.000
8 69 0.000
33 43 0.000
2 71 0.000
72 94 0.000
64 77 0.000
15 48 0.000
65 89 0.000
59 93 0.000
6 22 0.000
38 102 0.000
20 60 0.000
37 98 0.000
33 102 0.000
7 69 0.000
78 86 0.000
38 101 0.000
37 105 0.000
24 44 0.000
18 86 0.000
79 86 0.000
5 69 0.000
72 88 0.000
27 60 0.000
38 100 0.000
73 87 0.000
74 87 0.000
25 88 0.000
24 81 0.000
20 91 0.000
46 89 0.000
18 40 0.000
37 103 0.000
10 69 0.000
38 103 0.000
3 71 0.000
9 75 0.000
75 91 0.000
68 90 0.000
25 40 0.000
49 58 0.000
37 101 0.000
60 93 0.000
64 80 0.000
12 48 0.000
26 39 0.000
18 90 0.000
20 62 0.000
37 102 0.000
70 83 0.000
36 67 0.000
38 105 0.000
38 104 0.000
37 104 0.000
26 92 0.000
36 96 0.000
79 87 0.000
66 76 0.000
55 75 0.000
68 89 0.000
55 76 0.000
65 90 0.000
7 22 0.000
28 68 0.000
35 103 0.000
26 33 0.000
48 97 0.000
8 75 0.000
36 43 0.000
46 90 0.000
12 69 0.000
56 92 0.000
34 105 0.000
6 69 0.000
35 105 0.000
21 42 0.000
20 83 0.000
7 75 0.000
26 36 0.000
37 100 0.000
36 99 0.000
36 105 0.000
58 77 0.000
65 77 0.000
43 92 0.000
28 78 0.000
26 38 0.000
34 82 0.000
17 85 0.000
57 72 0.000
48 90 0.000
41 76 0.000
44 69 0.000
45 94 0.000
22 63 0.000
35 104 0.000
72 87 0.000
33 44 0.000
25 39 0.000
25 63 0.000
26 37 0.000
39 79 0.000
35 45 0.000
58 69 0.000
45 67 0.000
34 104 0.000
17 87 0.000
35 100 0.000
49 65 0.000
13 57 0.000
36 103 0.000
62 83 0.000
40 69 0.000
78 89 0.000
36 104 0.000
35 102 0.000
32 51 0.000
30 53 0.000
36 81 0.000
35 101 0.000
12 75 0.000
61 82 0.000
26 81 0.000
68 92 0.000
51 63 0.000
4 71 0.000
24 40 0.000
34 96 0.000
19 92 0.000
15 55 0.000
52 92 0.000
40 70 0.000
39 77 0.000
33 51 0.000
58 81 0.000
34 103 0.000
13 51 0.000
69 81 0.000
35 50 0.000
36 50 0.000
26 84 0.000
38 80 0.000
13 72 0.000
26 35 0.000
34 99 0.000
36 97 0.000
33 49 0.000
35 67 0.000
36 102 0.000
21 84 0.000
60 82 0.000
76 88 0.000
61 67 0.000
53 90 0.000
49 94 0.000
56 74 0.000
26 88 0.000
53 93 0.000
48 67 0.000
42 65 0.000
49 92 0.000
37 47 0.000
76 86 0.000
47 55 0.000
45 92 0.000
70 85 0.000
36 45 0.000
69 91 0.000
28 79 0.000
25 59 0.000
78 87 0.000
5 71 0.000
19 37 0.000
37 46 0.000
6 71 0.000
25 85 0.000
66 75 0.000
31 43 0.000
15 50 0.000
75 85 0.000
32 49 0.000
31 81 0.000
9 71 0.000
36 101 0.000
27 69 0.000
33 81 0.000
34 44 0.000
74 90 0.000
34 102 0.000
18 88 0.000
36 98 0.000
67 79 0.000
70 88 0.000
40 76 0.000
29 79 0.000
25 92 0.000
10 75 0.000
7 71 0.000
57 93 0.000
58 80 0.000
50 56 0.000
36 100 0.000
34 49 0.000
34 101 0.000
57 70 0.000
56 79 0.000
47 92 0.000
26 72 0.000
32 81 0.000
67 74 0.000
74 89 0.000
18 89 0.000
8 71 0.000
70 86 0.000
22 42 0.000
76 90 0.000
23 58 0.000
34 97 0.000
24 60 0.000
47 94 0.000
31 49 0.000
59 69 0.000
34 100 0.000
50 90 0.000
76 92 0.000
26 71 0.000
45 64 0.000
51 59 0.000
20 40 0.000
34 98 0.000
33 45 0.000
29 73 0.000
24 91 0.000
25 89 0.000
56 78 0.000
29 47 0.000
46 56 0.000
53 95 0.000
19 86 0.000
36 68 0.000
50 95 0.000
21 91 0.000
22 60 0.000
62 68 0.000
35 68 0.000
18 85 0.000
71 93 0.000
44 58 0.000
67 86 0.000
29 46 0.000
15 71 0.000
23 64 0.000
39 72 0.000
67 88 0.000
42 59 0.000
43 65 0.000
57 81 0.000
19 33 0.000
44 64 0.000
69 84 0.000
15 51 0.000
31 51 0.000
26 47 0.000
49 57 0.000
73 92 0.000
51 95 0.000
34 43 0.000
18 34 0.000
22 61 0.000
23 59 0.000
65 80 0.000
57 77 0.000
30 83 0.000
37 48 0.000
20 31 0.000
32 43 0.000
19 36 0.000
35 47 0.000
13 55 0.000
26 40 0.000
75 88 0.000
73 90 0.000
32 44 0.000
28 42 0.000
18 87 0.000
28 43 0.000
57 80 0.000
75 86 0.000
19 35 0.000
53 94 0.000
59 83 0.000
19 90 0.000
65 83 0.000
46 94 0.000
42 62 0.000
20 92 0.000
64 72 0.000
26 46 0.000
19 39 0.000
45 58 0.000
49 59 0.000
25 38 0.000
76 87 0.000
38 72 0.000
67 75 0.000
24 61 0.000
36 47 0.000
20 86 0.000
23 29 0.000
72 89 0.000
76 89 0.000
19 40 0.000
29 78 0.000
13 53 0.000
44 57 0.000
26 89 0.000
21 83 0.000
26 48 0.000
10 71 0.000
73 89 0.000
71 94 0.000
34 45 0.000
13 69 0.000
15 53 0.000
58 78 0.000
35 46 0.000
49 62 0.000
60 83 0.000
38 69 0.000
19 88 0.000
26 90 0.000
28 76 0.000
26 74 0.000
24 84 0.000
51 60 0.000
19 32 0.000
39 73 0.000
11 71 0.000
19 85 0.000
67 81 0.000
72 90 0.000
36 46 0.000
47 64 0.000
26 34 0.000
58 72 0.000
46 92 0.000
31 44 0.000
20 39 0.000
26 86 0.000
25 87 0.000
37 80 0.000
39 69 0.000
22 64 0.000
67 87 0.000
45 57 0.000
56 76 0.000
32 50 0.000
48 95 0.000
47 67 0.000
74 92 0.000
19 38 0.000
70 87 0.000
64 79 0.000
75 90 0.000
49 61 0.000
28 81 0.000
55 92 0.000
32 45 0.000
24 38 0.000
58 73 0.000
51 62 0.000
58 79 0.000
20 90 0.000
21 40 0.000
22 29 0.000
28 49 0.000
28 51 0.000
57 73 0.000
24 39 0.000
25 37 0.000
49 60 0.000
34 50 0.000
30 81 0.000
48 55 0.000
21 36 0.000
39 70 0.000
34 81 0.000
75 87 0.000
75 92 0.000
21 37 0.000
33 47 0.000
38 79 0.000
67 76 0.000
24 88 0.000
21 33 0.000
40 75 0.000
24 30 0.000
63 83 0.000
20 37 0.000
38 77 0.000
64 73 0.000
33 46 0.000
30 80 0.000
49 63 0.000
67 83 0.000
20 85 0.000
24 37 0.000
56 75 0.000
19 89 0.000
61 83 0.000
67 92 0.000
26 44 0.000
22 91 0.000
59 77 0.000
20 33 0.000
51 94 0.000
33 50 0.000
75 89 0.000
30 77 0.000
21 38 0.000
69 88 0.000
67 89 0.000
35 48 0.000
19 87 0.000
47 56 0.000
35 80 0.000
28 83 0.000
20 38 0.000
25 31 0.000
29 48 0.000
20 88 0.000
30 79 0.000
64 78 0.000
25 90 0.000
57 71 0.000
21 86 0.000
58 70 0.000
21 31 0.000
31 45 0.000
39 78 0.000
46 67 0.000
30 42 0.000
67 85 0.000
65 78 0.000
58 74 0.000
24 36 0.000
59 72 0.000
23 91 0.000
65 73 0.000
70 90 0.000
70 89 0.000
71 88 0.000
57 78 0.000
36 48 0.000
51 61 0.000
46 58 0.000
20 89 0.000
25 35 0.000
23 84 0.000
28 50 0.000
31 68 0.000
21 35 0.000
20 87 0.000
32 47 0.000
22 84 0.000
60 68 0.000
21 92 0.000
25 36 0.000
63 77 0.000
67 90 0.000
20 36 0.000
43 59 0.000
12 71 0.000
34 47 0.000
39 74 0.000
69 86 0.000
26 32 0.000
13 71 0.000
34 46 0.000
59 70 0.000
21 88 0.000
31 80 0.000
37 77 0.000
35 77 0.000
42 60 0.000
65 72 0.000
57 76 0.000
70 92 0.000
50 58 0.000
57 79 0.000
71 91 0.000
29 76 0.000
59 78 0.000
45 59 0.000
46 57 0.000
46 64 0.000
57 74 0.000
28 45 0.000
37 69 0.000
50 94 0.000
20 35 0.000
69 85 0.000
21 90 0.000
24 33 0.000
21 39 0.000
58 76 0.000
24 86 0.000
33 80 0.000
27 71 0.000
24 62 0.000
32 46 0.000
40 71 0.000
48 64 0.000
28 85 0.000
19 34 0.000
21 87 0.000
42 61 0.000
25 33 0.000
21 85 0.000
23 40 0.000
24 35 0.000
23 60 0.000
62 81 0.000
23 63 0.000
29 72 0.000
69 87 0.000
65 81 0.000
23 83 0.000
59 80 0.000
65 79 0.000
33 48 0.000
42 63 0.000
30 78 0.000
59 73 0.000
29 70 0.000
22 30 0.000
31 50 0.000
37 79 0.000
33 67 0.000
30 49 0.000
44 59 0.000
59 81 0.000
36 80 0.000
43 63 0.000
21 89 0.000
63 78 0.000
22 83 0.000
21 32 0.000
20 32 0.000
28 73 0.000
22 62 0.000
45 61 0.000
26 87 0.000
30 67 0.000
25 61 0.000
23 88 0.000
34 48 0.000
63 81 0.000
37 72 0.000
25 60 0.000
32 80 0.000
30 43 0.000
31 47 0.000
50 59 0.000
64 76 0.000
22 88 0.000
33 79 0.000
60 77 0.000
69 89 0.000
69 83 0.000
47 61 0.000
71 86 0.000
31 77 0.000
43 62 0.000
44 67 0.000
22 37 0.000
47 58 0.000
50 63 0.000
44 61 0.000
35 79 0.000
59 79 0.000
63 80 0.000
48 92 0.000
61 77 0.000
60 69 0.000
36 77 0.000
71 89 0.000
61 78 0.000
46 61 0.000
46 59 0.000
64 70 0.000
32 48 0.000
50 60 0.000
69 90 0.000
59 74 0.000
22 92 0.000
71 84 0.000
71 87 0.000
72 92 0.000
23 61 0.000
45 60 0.000
63 69 0.000
22 38 0.000
45 65 0.000
31 46 0.000
22 86 0.000
38 78 0.000
21 34 0.000
38 74 0.000
38 70 0.000
59 76 0.000
22 40 0.000
48 94 0.000
60 81 0.000
22 36 0.000
65 76 0.000
48 56 0.000
71 90 0.000
62 77 0.000
58 75 0.000
32 79 0.000
24 89 0.000
44 60 0.000
22 33 0.000
60 78 0.000
22 90 0.000
38 73 0.000
31 67 0.000
60 80 0.000
33 77 0.000
63 79 0.000
29 74 0.000
50 61 0.000
36 79 0.000
36 72 0.000
39 76 0.000
50 62 0.000
24 87 0.000
57 75 0.000
46 60 0.000
47 60 0.000
51 92 0.000
31 79 0.000
61 79 0.000
28 70 0.000
59 71 0.000
23 86 0.000
22 89 0.000
24 85 0.000
47 57 0.000
71 85 0.000
43 60 0.000
43 61 0.000
34 67 0.000
44 62 0.000
63 73 0.000
50 57 0.000
58 71 0.000
22 85 0.000
23 89 0.000
23 38 0.000
60 79 0.000
22 87 0.000
36 69 0.000
50 92 0.000
37 70 0.000
62 80 0.000
20 34 0.000
48 61 0.000
47 59 0.000
32 77 0.000
33 68 0.000
71 83 0.000
23 36 0.000
61 81 0.000
64 74 0.000
45 62 0.000
62 78 0.000
30 68 0.000
23 37 0.000
48 58 0.000
23 85 0.000
47 62 0.000
23 90 0.000
35 72 0.000
24 83 0.000
35 78 0.000
48 60 0.000
45 63 0.000
22 35 0.000
61 80 0.000
38 76 0.000
26 83 0.000
65 71 0.000
30 51 0.000
23 92 0.000
28 44 0.000
37 78 0.000
31 48 0.000
48 59 0.000
24 90 0.000
24 34 0.000
65 74 0.000
47 63 0.000
35 73 0.000
62 79 0.000
34 80 0.000
24 92 0.000
53 92 0.000
25 34 0.000
30 45 0.000
23 87 0.000
35 74 0.000
33 78 0.000
60 72 0.000
37 74 0.000
28 46 0.000
59 75 0.000
35 70 0.000
46 62 0.000
31 78 0.000
22 39 0.000
65 75 0.000
36 78 0.000
44 63 0.000
61 68 0.000
35 69 0.000
34 79 0.000
28 47 0.000
60 76 0.000
24 31 0.000
36 74 0.000
22 31 0.000
30 47 0.000
36 70 0.000
61 76 0.000
46 63 0.000
28 75 0.000
48 57 0.000
47 65 0.000
63 72 0.000
63 76 0.000
30 76 0.000
32 78 0.000
32 68 0.000
23 39 0.000
30 50 0.000
37 76 0.000
24 32 0.000
30 44 0.000
60 70 0.000
37 73 0.000
30 46 0.000
22 34 0.000
61 72 0.000
29 69 0.000
48 62 0.000
34 68 0.000
22 32 0.000
39 75 0.000
33 74 0.000
61 74 0.000
60 74 0.000
33 72 0.000
23 33 0.000
61 73 0.000
38 71 0.000
31 73 0.000
33 73 0.000
36 76 0.000
34 77 0.000
35 76 0.000
60 73 0.000
26 85 0.000
69 92 0.000
32 67 0.000
36 73 0.000
38 75 0.000
23 35 0.000
33 76 0.000
64 75 0.000
48 65 0.000
62 76 0.000
61 75 0.000
28 48 0.000
46 65 0.000
23 62 0.000
60 75 0.000
63 70 0.000
48 63 0.000
32 73 0.000
39 71 0.000
29 75 0.000
32 74 0.000
60 71 0.000
25 32 0.000
33 70 0.000
32 72 0.000
31 72 0.000
61 70 0.000
37 71 0.000
71 92 0.000
44 65 0.000
34 78 0.000
31 76 0.000
63 75 0.000
30 73 0.000
23 30 0.000
32 76 0.000
35 75 0.000
37 75 0.000
36 75 0.000
62 75 0.000
33 75 0.000
23 34 0.000
62 72 0.000
28 72 0.000
62 74 0.000
31 74 0.000
34 72 0.000
36 71 0.000
63 74 0.000
61 69 0.000
62 73 0.000
34 74 0.000
30 48 0.000
32 75 0.000
61 71 0.000
23 32 0.000
34 73 0.000
34 76 0.000
28 74 0.000
33 69 0.000
35 71 0.000
28 69 0.000
34 70 0.000
23 31 0.000
31 75 0.000
33 71 0.000
34 75 0.000
30 75 0.000
34 69 0.000
62 70 0.000
32 70 0.000
34 71 0.000
30 74 0.000
62 69 0.000
63 71 0.000
62 71 0.000
30 72 0.000
64 71 0.000
32 71 0.000
31 70 0.000
30 70 0.000
32 69 0.000
29 71 0.000
28 71 0.000
31 69 0.000
31 71 0.000
30 71 0.000
30 69 0.000