1   M C 149.7  -94.4  128.3  113.9  167.1  3.9  6.6 0.994 0.004 0.002
2   G C  59.2   99.2 -173.3  115.7  -15.4  2.0  9.7 0.987 0.002 0.011
3   A C  80.2  -86.0  133.7  112.1  -96.2  5.5 10.3 0.968 0.015 0.017
4   E C 118.6  -92.0  136.9  115.5 -139.1  6.2 12.2 0.949 0.036 0.015
5   E C 112.7  -80.7  137.2  110.9 -117.8  7.6 12.7 0.857 0.115 0.028
6   E C 124.5  -81.8    9.0  104.5 -128.0  6.2 12.8 0.813 0.144 0.042
7   D C  88.2  -85.6   49.7  105.1   82.1  7.0 14.8 0.830 0.134 0.036
8   T C  74.9  -94.9   33.5  106.8  126.2  8.2 16.2 0.716 0.123 0.161
9   A C  38.8  -94.5  137.1  116.4  131.3 12.8 15.8 0.553 0.097 0.350
10  I E  61.8 -104.1  132.8  118.6 -151.2 12.4 19.0 0.349 0.026 0.625
11  L E  45.7 -103.2  131.2  118.3 -153.4 15.9 17.5 0.246 0.006 0.748
12  Y E  56.2 -118.4  136.9  124.6 -166.4 14.4 19.3 0.217 0.002 0.781
13  P E  65.9  -77.6  137.8  113.9 -119.4  9.7 22.6 0.288 0.002 0.710
14  F E  16.4 -120.1  140.0  127.1 -164.9 23.3 15.4 0.181 0.001 0.818
15  T E  68.0 -112.3  131.9  120.7 -154.7  6.2 25.6 0.140 0.001 0.858
16  I E  18.7 -105.1  120.2  116.1 -163.1 23.0 13.9 0.251 0.004 0.745
17  S C  59.6 -105.5  142.2  118.4 -172.6  6.8 20.5 0.581 0.020 0.400
18  G C  46.4   78.1    3.1  101.7   15.4  4.6 18.1 0.866 0.026 0.108
19  N C  56.3  -91.7  129.0  113.7  136.6 13.4 12.7 0.846 0.036 0.119
20  D E  84.6  -97.1  120.5  112.8 -155.8  6.9 16.7 0.437 0.027 0.536
21  R C 129.1  -81.4    7.1  104.0 -146.4  9.0 13.4 0.640 0.103 0.257
22  N C 116.6  -84.7   13.6  100.7   43.4  2.8 15.5 0.828 0.069 0.103
23  G C  38.8   82.6    1.7  102.4  -65.8  9.2 17.0 0.868 0.031 0.101
24  N C  72.5 -104.6  140.2  122.0  118.1  8.0 20.6 0.626 0.020 0.354
25  F E  24.0 -106.0  134.5  121.3 -147.4 22.1 16.2 0.171 0.001 0.828
26  T E  44.7 -114.5  131.3  121.5 -162.3 10.1 25.6 0.017 0.000 0.983
27  I E   8.9 -115.9  130.9  123.2 -165.4 24.7 17.1 0.010 0.000 0.990
28  N E  60.5 -108.4  124.4  117.3 -158.5  8.6 26.7 0.011 0.000 0.989
29  F E  12.1 -116.9  131.4  123.7 -169.2 24.7 16.1 0.042 0.000 0.958
30  K E 100.3 -126.2  142.1  127.8 -170.8  5.3 25.2 0.128 0.000 0.872
31  G C  24.0  144.0 -173.0  135.3   64.4  8.2 18.8 0.637 0.004 0.359
32  T C  79.5  -87.5  139.1  116.1  -50.1  6.4 21.3 0.928 0.001 0.072
33  P C  64.6  -68.1  142.3  110.5  -95.7 13.4 15.9 0.917 0.028 0.055
34  N C  80.9  -93.4   76.7  107.1 -151.9  9.1 17.9 0.844 0.042 0.114
35  S C  59.4  -89.0    2.6  105.5  179.8  9.9 14.1 0.747 0.079 0.174
36  T C  83.1  -93.4   49.4  108.3  100.4  6.1 16.4 0.698 0.085 0.217
37  N C  77.2  -97.4   99.6  111.0   80.7  9.9 17.6 0.650 0.081 0.269
38  N C  52.4  -88.7   61.7  106.5 -138.8 13.1 19.4 0.805 0.040 0.156
39  G C  16.5 -179.4  171.3  119.7 -173.8 16.2 22.2 0.518 0.024 0.459
40  C E  14.1 -119.5  144.3  127.4 -160.0 22.0 21.9 0.278 0.009 0.713
41  I E  31.2 -112.0  133.9  121.5 -152.0 17.7 26.3 0.101 0.002 0.897
42  G E   7.5 -151.2  167.0  134.0  172.8 21.0 23.7 0.099 0.001 0.899
43  Y E  45.5 -126.6  142.6  127.7 -141.1 15.8 24.5 0.057 0.001 0.942
44  S E  25.5 -127.4  144.4  128.4 -167.4 15.3 18.8 0.183 0.002 0.815
45  Y E  89.9 -124.7  122.7  119.9 -174.5 10.4 17.0 0.386 0.009 0.605
46  N C 124.2   55.9   36.7   96.0   -9.0  2.4 16.3 0.920 0.012 0.068
47  G C  49.3   81.5   -4.1   99.5  -61.8  4.6 14.7 0.935 0.005 0.060
48  D E  75.8 -110.6  144.2  126.3  105.6  5.0 18.6 0.449 0.006 0.544
49  W E  56.0 -106.6  137.5  122.6 -139.2 19.2 15.6 0.130 0.002 0.868
50  E E  51.5 -126.5  145.0  129.2 -171.7 11.2 21.3 0.039 0.001 0.960
51  K E  86.7 -115.0  134.4  123.1 -143.6 11.5 23.1 0.027 0.001 0.972
52  I E  15.2 -120.0  138.6  126.5 -171.0 22.5 16.7 0.021 0.000 0.979
53  E E  87.3 -124.5  139.1  127.1 -165.2  7.3 25.7 0.014 0.000 0.985
54  W E  33.5 -130.2  145.1  131.8 -172.7 21.6 16.4 0.029 0.000 0.971
55  E E  81.5 -130.7  142.9  130.1 -168.2  7.6 23.6 0.049 0.001 0.951
56  G E  15.2 -160.8  170.3  140.4  160.1 14.5 17.6 0.195 0.002 0.803
57  S E  56.6 -121.7  144.0  125.5 -120.8  8.3 21.4 0.209 0.003 0.788
58  C E  41.1 -119.9  145.3  125.3 -163.5 14.6 14.9 0.213 0.002 0.785
59  D C  67.9 -103.2  175.6  125.2 -150.6  6.0 16.6 0.777 0.006 0.217
60  G C  55.1  -68.1  -21.7   94.3  -90.1  5.2 14.2 0.970 0.016 0.015
61  N C 106.9  -90.3    0.7   97.1   52.7  3.2 17.6 0.974 0.013 0.013
62  G C  22.7   88.1    6.2   97.9 -102.7 13.1 14.5 0.921 0.004 0.075
63  N C  72.8  -93.1  138.0  119.6  133.0  6.4 22.3 0.625 0.005 0.370
64  L E  13.9 -102.8  133.0  120.4 -147.2 23.9 15.9 0.072 0.000 0.928
65  V E  48.3 -114.7  131.2  121.5 -162.1  9.8 25.5 0.016 0.000 0.984
66  V E   9.3 -122.3  134.8  126.8 -169.0 23.7 16.9 0.010 0.000 0.990
67  E E  83.7 -112.1  126.6  119.0 -157.9  6.9 26.9 0.014 0.000 0.986
68  V E   8.7 -116.7  129.6  122.7 -169.0 24.0 15.9 0.083 0.000 0.917
69  P E  49.0  -71.8  136.6  113.1 -122.5  7.5 25.2 0.289 0.001 0.711
70  M H  38.1  -64.7  -30.4   94.3 -134.9 21.1 13.3 0.343 0.649 0.008
71  S H  83.8  -70.4  -23.1   92.1   63.2  2.7 18.1 0.405 0.586 0.009
72  K H 122.9  -92.7   -2.7   97.1   50.3  3.9 18.3 0.396 0.595 0.009
73  I C  22.8  -93.5  128.6  117.0   94.9 22.3  9.9 0.979 0.002 0.019
74  P C  42.3  -70.0  147.9  113.1 -107.9 11.4 17.8 0.964 0.004 0.032
75  A C  75.0  -68.5  133.6  108.9  -94.6  6.1 18.4 0.955 0.006 0.039
76  G C  56.9   85.6   -0.8   95.8   22.3  1.6 18.5 0.948 0.004 0.049
77  V C  27.3  -89.4  133.1  117.2  127.9 18.8 12.5 0.866 0.003 0.130
78  T C  74.8  -97.6  -21.1  100.7 -173.4  6.6 22.7 0.845 0.003 0.151
79  S E  25.7 -149.3  154.0  141.0   11.1 10.8 27.0 0.343 0.003 0.654
80  G E   2.4 -142.0  151.9  138.1 -175.0 25.0 20.8 0.106 0.001 0.893
81  E E  28.2 -124.9  139.8  127.5 -157.9 16.8 28.3 0.035 0.000 0.965
82  I E   3.1 -131.7  143.2  132.2 -170.0 26.2 24.1 0.007 0.000 0.993
83  Q E  20.0 -118.7  135.8  124.6 -160.5 18.2 28.2 0.010 0.000 0.990
84  I E   5.2 -120.2  133.1  124.9 -162.7 25.4 24.0 0.022 0.000 0.978
85  W E  33.4 -122.5  142.0  127.7 -168.0 17.8 26.1 0.056 0.000 0.943
86  W E  36.1 -125.6  143.2  128.2 -163.6 18.6 22.0 0.227 0.003 0.770
87  H C  53.2  -99.3  113.3  112.5 -146.5 13.3 20.3 0.703 0.008 0.289
88  S C  39.6  -81.7    8.9  105.5 -152.1 14.0 15.5 0.754 0.122 0.124
89  G C  48.3   53.2   -8.7  103.0   15.9  5.1 17.0 0.739 0.192 0.069
90  D C  85.4  -89.1   18.4  103.9   62.9  7.2 15.3 0.683 0.191 0.126
91  L C  61.5  -86.4   81.0  108.2  105.0 14.2 11.8 0.640 0.124 0.236
92  K C 118.9  -82.7   71.4  106.0 -159.4  5.8 16.5 0.568 0.096 0.337
93  M C  62.9  -81.8    7.4  104.0  127.9 14.9 11.4 0.590 0.095 0.315
94  T C  81.7  -86.5   14.9  106.2  127.3  6.6 14.1 0.667 0.091 0.242
95  D C  97.1  -83.7   11.3  103.6   61.3  4.7 14.1 0.703 0.128 0.169
96  Y C 112.1  -84.7   13.8  104.0   97.9 11.0 10.9 0.640 0.202 0.158
97  K C 127.4  -86.5   40.6  105.9   90.3  5.6 12.0 0.647 0.194 0.160
98  A C  74.0  -88.1   96.7  108.6  143.8  5.6 11.6 0.652 0.210 0.137
99  L C  88.9  -92.6  120.1  112.4  168.2 10.0 11.4 0.720 0.197 0.083
100 E C 124.1  -92.9  121.8  112.1 -157.6  5.9 12.9 0.750 0.186 0.064
101 H C 121.1  -93.4  119.9  111.8 -156.2  7.0 11.9 0.762 0.197 0.042
102 H C 122.5  -92.5  114.1  110.8 -159.2  6.5 12.2 0.764 0.195 0.041
103 H C 128.3  -91.7  111.0  110.2 -160.6  5.7 11.3 0.767 0.189 0.044
104 H C 126.4  -92.2  111.3  110.4 -164.5  5.9 11.3 0.795 0.151 0.053
105 H C 124.5  -92.3  115.5  111.0 -160.0  6.3 11.8 0.894 0.061 0.045
106 H C 154.2  -93.3  117.6  111.6 -167.0  4.4  8.8 0.993 0.004 0.003
